dia,hora,intervalo,Simples,BD,BS,TD,TS,preco_pt,preco_es
01/01/2024,00:15,[00:00-00:15[,S,V,V,V,V,50.09,50.09
01/01/2024,00:30,[00:15-00:30[,S,V,V,V,V,50.09,50.09
01/01/2024,00:45,[00:30-00:45[,S,V,V,V,V,50.09,50.09
01/01/2024,01:00,[00:45-01:00[,S,V,V,V,V,50.09,50.09
01/01/2024,01:15,[01:00-01:15[,S,V,V,V,V,47.50,47.50
01/01/2024,01:30,[01:15-01:30[,S,V,V,V,V,47.50,47.50
01/01/2024,01:45,[01:30-01:45[,S,V,V,V,V,47.50,47.50
01/01/2024,02:00,[01:45-02:00[,S,V,V,V,V,47.50,47.50
01/01/2024,02:15,[02:00-02:15[,S,V,V,V,V,43.50,43.50
01/01/2024,02:30,[02:15-02:30[,S,V,V,V,V,43.50,43.50
01/01/2024,02:45,[02:30-02:45[,S,V,V,V,V,43.50,43.50
01/01/2024,03:00,[02:45-03:00[,S,V,V,V,V,43.50,43.50
01/01/2024,03:15,[03:00-03:15[,S,V,V,V,V,42.50,42.50
01/01/2024,03:30,[03:15-03:30[,S,V,V,V,V,42.50,42.50
01/01/2024,03:45,[03:30-03:45[,S,V,V,V,V,42.50,42.50
01/01/2024,04:00,[03:45-04:00[,S,V,V,V,V,42.50,42.50
01/01/2024,04:15,[04:00-04:15[,S,V,V,V,V,42.09,42.09
01/01/2024,04:30,[04:15-04:30[,S,V,V,V,V,42.09,42.09
01/01/2024,04:45,[04:30-04:45[,S,V,V,V,V,42.09,42.09
01/01/2024,05:00,[04:45-05:00[,S,V,V,V,V,42.09,42.09
01/01/2024,05:15,[05:00-05:15[,S,V,V,V,V,42.50,42.50
01/01/2024,05:30,[05:15-05:30[,S,V,V,V,V,42.50,42.50
01/01/2024,05:45,[05:30-05:45[,S,V,V,V,V,42.50,42.50
01/01/2024,06:00,[05:45-06:00[,S,V,V,V,V,42.50,42.50
01/01/2024,06:15,[06:00-06:15[,S,V,V,V,V,42.59,42.59
01/01/2024,06:30,[06:15-06:30[,S,V,V,V,V,42.59,42.59
01/01/2024,06:45,[06:30-06:45[,S,V,V,V,V,42.59,42.59
01/01/2024,07:00,[06:45-07:00[,S,V,V,V,V,42.59,42.59
01/01/2024,07:15,[07:00-07:15[,S,V,F,V,C,43.37,43.37
01/01/2024,07:30,[07:15-07:30[,S,V,F,V,C,43.37,43.37
01/01/2024,07:45,[07:30-07:45[,S,V,F,V,C,43.37,43.37
01/01/2024,08:00,[07:45-08:00[,S,V,F,V,C,43.37,43.37
01/01/2024,08:15,[08:00-08:15[,S,F,F,C,C,42.29,42.29
01/01/2024,08:30,[08:15-08:30[,S,F,F,C,C,42.29,42.29
01/01/2024,08:45,[08:30-08:45[,S,F,F,C,C,42.29,42.29
01/01/2024,09:00,[08:45-09:00[,S,F,F,C,C,42.29,42.29
01/01/2024,09:15,[09:00-09:15[,S,F,F,P,C,35.61,25.00
01/01/2024,09:30,[09:15-09:30[,S,F,F,P,C,35.61,25.00
01/01/2024,09:45,[09:30-09:45[,S,F,F,P,P,35.61,25.00
01/01/2024,10:00,[09:45-10:00[,S,F,F,P,P,35.61,25.00
01/01/2024,10:15,[10:00-10:15[,S,F,F,P,P,29.80,3.90
01/01/2024,10:30,[10:15-10:30[,S,F,F,P,P,29.80,3.90
01/01/2024,10:45,[10:30-10:45[,S,F,F,C,P,29.80,3.90
01/01/2024,11:00,[10:45-11:00[,S,F,F,C,P,29.80,3.90
01/01/2024,11:15,[11:00-11:15[,S,F,F,C,P,3.20,3.20
01/01/2024,11:30,[11:15-11:30[,S,F,F,C,P,3.20,3.20
01/01/2024,11:45,[11:30-11:45[,S,F,F,C,P,3.20,3.20
01/01/2024,12:00,[11:45-12:00[,S,F,F,C,P,3.20,3.20
01/01/2024,12:15,[12:00-12:15[,S,F,F,C,C,2.06,2.06
01/01/2024,12:30,[12:15-12:30[,S,F,F,C,C,2.06,2.06
01/01/2024,12:45,[12:30-12:45[,S,F,F,C,C,2.06,2.06
01/01/2024,13:00,[12:45-13:00[,S,F,F,C,C,2.06,2.06
01/01/2024,13:15,[13:00-13:15[,S,F,F,C,C,1.73,1.73
01/01/2024,13:30,[13:15-13:30[,S,F,F,C,C,1.73,1.73
01/01/2024,13:45,[13:30-13:45[,S,F,F,C,C,1.73,1.73
01/01/2024,14:00,[13:45-14:00[,S,F,F,C,C,1.73,1.73
01/01/2024,14:15,[14:00-14:15[,S,F,F,C,C,5.72,5.72
01/01/2024,14:30,[14:15-14:30[,S,F,F,C,C,5.72,5.72
01/01/2024,14:45,[14:30-14:45[,S,F,F,C,C,5.72,5.72
01/01/2024,15:00,[14:45-15:00[,S,F,F,C,C,5.72,5.72
01/01/2024,15:15,[15:00-15:15[,S,F,F,C,C,18.49,18.49
01/01/2024,15:30,[15:15-15:30[,S,F,F,C,C,18.49,18.49
01/01/2024,15:45,[15:30-15:45[,S,F,F,C,C,18.49,18.49
01/01/2024,16:00,[15:45-16:00[,S,F,F,C,C,18.49,18.49
01/01/2024,16:15,[16:00-16:15[,S,F,F,C,C,37.00,37.00
01/01/2024,16:30,[16:15-16:30[,S,F,F,C,C,37.00,37.00
01/01/2024,16:45,[16:30-16:45[,S,F,F,C,C,37.00,37.00
01/01/2024,17:00,[16:45-17:00[,S,F,F,C,C,37.00,37.00
01/01/2024,17:15,[17:00-17:15[,S,F,F,C,C,47.50,47.50
01/01/2024,17:30,[17:15-17:30[,S,F,F,C,C,47.50,47.50
01/01/2024,17:45,[17:30-17:45[,S,F,F,C,C,47.50,47.50
01/01/2024,18:00,[17:45-18:00[,S,F,F,C,C,47.50,47.50
01/01/2024,18:15,[18:00-18:15[,S,F,F,P,C,54.97,54.97
01/01/2024,18:30,[18:15-18:30[,S,F,F,P,C,54.97,54.97
01/01/2024,18:45,[18:30-18:45[,S,F,F,P,P,54.97,54.97
01/01/2024,19:00,[18:45-19:00[,S,F,F,P,P,54.97,54.97
01/01/2024,19:15,[19:00-19:15[,S,F,F,P,P,60.90,60.90
01/01/2024,19:30,[19:15-19:30[,S,F,F,P,P,60.90,60.90
01/01/2024,19:45,[19:30-19:45[,S,F,F,P,P,60.90,60.90
01/01/2024,20:00,[19:45-20:00[,S,F,F,P,P,60.90,60.90
01/01/2024,20:15,[20:00-20:15[,S,F,F,P,P,60.00,60.00
01/01/2024,20:30,[20:15-20:30[,S,F,F,P,P,60.00,60.00
01/01/2024,20:45,[20:30-20:45[,S,F,F,C,P,60.00,60.00
01/01/2024,21:00,[20:45-21:00[,S,F,F,C,P,60.00,60.00
01/01/2024,21:15,[21:00-21:15[,S,F,F,C,C,47.50,47.50
01/01/2024,21:30,[21:15-21:30[,S,F,F,C,C,47.50,47.50
01/01/2024,21:45,[21:30-21:45[,S,F,F,C,C,47.50,47.50
01/01/2024,22:00,[21:45-22:00[,S,F,F,C,C,47.50,47.50
01/01/2024,22:15,[22:00-22:15[,S,V,F,V,C,42.09,42.09
01/01/2024,22:30,[22:15-22:30[,S,V,F,V,C,42.09,42.09
01/01/2024,22:45,[22:30-22:45[,S,V,F,V,C,42.09,42.09
01/01/2024,23:00,[22:45-23:00[,S,V,F,V,C,42.09,42.09
01/01/2024,23:15,[23:00-23:15[,S,V,F,V,C,37.80,37.80
01/01/2024,23:30,[23:15-23:30[,S,V,F,V,C,37.80,37.80
01/01/2024,23:45,[23:30-23:45[,S,V,F,V,C,37.80,37.80
01/01/2024,23:59,[23:45-00:00[,S,V,F,V,C,37.80,37.80
02/01/2024,00:15,[00:00-00:15[,S,V,V,V,V,25.61,25.00
02/01/2024,00:30,[00:15-00:30[,S,V,V,V,V,25.61,25.00
02/01/2024,00:45,[00:30-00:45[,S,V,V,V,V,25.61,25.00
02/01/2024,01:00,[00:45-01:00[,S,V,V,V,V,25.61,25.00
02/01/2024,01:15,[01:00-01:15[,S,V,V,V,V,20.61,3.99
02/01/2024,01:30,[01:15-01:30[,S,V,V,V,V,20.61,3.99
02/01/2024,01:45,[01:30-01:45[,S,V,V,V,V,20.61,3.99
02/01/2024,02:00,[01:45-02:00[,S,V,V,V,V,20.61,3.99
02/01/2024,02:15,[02:00-02:15[,S,V,V,V,V,14.54,14.00
02/01/2024,02:30,[02:15-02:30[,S,V,V,V,V,14.54,14.00
02/01/2024,02:45,[02:30-02:45[,S,V,V,V,V,14.54,14.00
02/01/2024,03:00,[02:45-03:00[,S,V,V,V,V,14.54,14.00
02/01/2024,03:15,[03:00-03:15[,S,V,V,V,V,13.21,10.00
02/01/2024,03:30,[03:15-03:30[,S,V,V,V,V,13.21,10.00
02/01/2024,03:45,[03:30-03:45[,S,V,V,V,V,13.21,10.00
02/01/2024,04:00,[03:45-04:00[,S,V,V,V,V,13.21,10.00
02/01/2024,04:15,[04:00-04:15[,S,V,V,V,V,14.54,14.54
02/01/2024,04:30,[04:15-04:30[,S,V,V,V,V,14.54,14.54
02/01/2024,04:45,[04:30-04:45[,S,V,V,V,V,14.54,14.54
02/01/2024,05:00,[04:45-05:00[,S,V,V,V,V,14.54,14.54
02/01/2024,05:15,[05:00-05:15[,S,V,V,V,V,36.29,36.29
02/01/2024,05:30,[05:15-05:30[,S,V,V,V,V,36.29,36.29
02/01/2024,05:45,[05:30-05:45[,S,V,V,V,V,36.29,36.29
02/01/2024,06:00,[05:45-06:00[,S,V,V,V,V,36.29,36.29
02/01/2024,06:15,[06:00-06:15[,S,V,V,V,V,44.70,44.70
02/01/2024,06:30,[06:15-06:30[,S,V,V,V,V,44.70,44.70
02/01/2024,06:45,[06:30-06:45[,S,V,V,V,V,44.70,44.70
02/01/2024,07:00,[06:45-07:00[,S,V,V,V,V,44.70,44.70
02/01/2024,07:15,[07:00-07:15[,S,V,F,V,C,53.78,53.78
02/01/2024,07:30,[07:15-07:30[,S,V,F,V,C,53.78,53.78
02/01/2024,07:45,[07:30-07:45[,S,V,F,V,C,53.78,53.78
02/01/2024,08:00,[07:45-08:00[,S,V,F,V,C,53.78,53.78
02/01/2024,08:15,[08:00-08:15[,S,F,F,C,C,54.23,54.23
02/01/2024,08:30,[08:15-08:30[,S,F,F,C,C,54.23,54.23
02/01/2024,08:45,[08:30-08:45[,S,F,F,C,C,54.23,54.23
02/01/2024,09:00,[08:45-09:00[,S,F,F,C,C,54.23,54.23
02/01/2024,09:15,[09:00-09:15[,S,F,F,P,C,50.00,50.00
02/01/2024,09:30,[09:15-09:30[,S,F,F,P,C,50.00,50.00
02/01/2024,09:45,[09:30-09:45[,S,F,F,P,P,50.00,50.00
02/01/2024,10:00,[09:45-10:00[,S,F,F,P,P,50.00,50.00
02/01/2024,10:15,[10:00-10:15[,S,F,F,P,P,52.20,52.20
02/01/2024,10:30,[10:15-10:30[,S,F,F,P,P,52.20,52.20
02/01/2024,10:45,[10:30-10:45[,S,F,F,C,P,52.20,52.20
02/01/2024,11:00,[10:45-11:00[,S,F,F,C,P,52.20,52.20
02/01/2024,11:15,[11:00-11:15[,S,F,F,C,P,45.00,45.00
02/01/2024,11:30,[11:15-11:30[,S,F,F,C,P,45.00,45.00
02/01/2024,11:45,[11:30-11:45[,S,F,F,C,P,45.00,45.00
02/01/2024,12:00,[11:45-12:00[,S,F,F,C,P,45.00,45.00
02/01/2024,12:15,[12:00-12:15[,S,F,F,C,C,43.00,43.00
02/01/2024,12:30,[12:15-12:30[,S,F,F,C,C,43.00,43.00
02/01/2024,12:45,[12:30-12:45[,S,F,F,C,C,43.00,43.00
02/01/2024,13:00,[12:45-13:00[,S,F,F,C,C,43.00,43.00
02/01/2024,13:15,[13:00-13:15[,S,F,F,C,C,43.00,43.00
02/01/2024,13:30,[13:15-13:30[,S,F,F,C,C,43.00,43.00
02/01/2024,13:45,[13:30-13:45[,S,F,F,C,C,43.00,43.00
02/01/2024,14:00,[13:45-14:00[,S,F,F,C,C,43.00,43.00
02/01/2024,14:15,[14:00-14:15[,S,F,F,C,C,40.99,40.99
02/01/2024,14:30,[14:15-14:30[,S,F,F,C,C,40.99,40.99
02/01/2024,14:45,[14:30-14:45[,S,F,F,C,C,40.99,40.99
02/01/2024,15:00,[14:45-15:00[,S,F,F,C,C,40.99,40.99
02/01/2024,15:15,[15:00-15:15[,S,F,F,C,C,43.66,43.66
02/01/2024,15:30,[15:15-15:30[,S,F,F,C,C,43.66,43.66
02/01/2024,15:45,[15:30-15:45[,S,F,F,C,C,43.66,43.66
02/01/2024,16:00,[15:45-16:00[,S,F,F,C,C,43.66,43.66
02/01/2024,16:15,[16:00-16:15[,S,F,F,C,C,52.20,52.20
02/01/2024,16:30,[16:15-16:30[,S,F,F,C,C,52.20,52.20
02/01/2024,16:45,[16:30-16:45[,S,F,F,C,C,52.20,52.20
02/01/2024,17:00,[16:45-17:00[,S,F,F,C,C,52.20,52.20
02/01/2024,17:15,[17:00-17:15[,S,F,F,C,C,57.77,57.77
02/01/2024,17:30,[17:15-17:30[,S,F,F,C,C,57.77,57.77
02/01/2024,17:45,[17:30-17:45[,S,F,F,C,C,57.77,57.77
02/01/2024,18:00,[17:45-18:00[,S,F,F,C,C,57.77,57.77
02/01/2024,18:15,[18:00-18:15[,S,F,F,P,C,62.45,62.45
02/01/2024,18:30,[18:15-18:30[,S,F,F,P,C,62.45,62.45
02/01/2024,18:45,[18:30-18:45[,S,F,F,P,P,62.45,62.45
02/01/2024,19:00,[18:45-19:00[,S,F,F,P,P,62.45,62.45
02/01/2024,19:15,[19:00-19:15[,S,F,F,P,P,58.00,58.00
02/01/2024,19:30,[19:15-19:30[,S,F,F,P,P,58.00,58.00
02/01/2024,19:45,[19:30-19:45[,S,F,F,P,P,58.00,58.00
02/01/2024,20:00,[19:45-20:00[,S,F,F,P,P,58.00,58.00
02/01/2024,20:15,[20:00-20:15[,S,F,F,P,P,52.83,52.83
02/01/2024,20:30,[20:15-20:30[,S,F,F,P,P,52.83,52.83
02/01/2024,20:45,[20:30-20:45[,S,F,F,C,P,52.83,52.83
02/01/2024,21:00,[20:45-21:00[,S,F,F,C,P,52.83,52.83
02/01/2024,21:15,[21:00-21:15[,S,F,F,C,C,46.26,46.26
02/01/2024,21:30,[21:15-21:30[,S,F,F,C,C,46.26,46.26
02/01/2024,21:45,[21:30-21:45[,S,F,F,C,C,46.26,46.26
02/01/2024,22:00,[21:45-22:00[,S,F,F,C,C,46.26,46.26
02/01/2024,22:15,[22:00-22:15[,S,V,F,V,C,40.10,40.10
02/01/2024,22:30,[22:15-22:30[,S,V,F,V,C,40.10,40.10
02/01/2024,22:45,[22:30-22:45[,S,V,F,V,C,40.10,40.10
02/01/2024,23:00,[22:45-23:00[,S,V,F,V,C,40.10,40.10
02/01/2024,23:15,[23:00-23:15[,S,V,F,V,C,6.80,6.80
02/01/2024,23:30,[23:15-23:30[,S,V,F,V,C,6.80,6.80
02/01/2024,23:45,[23:30-23:45[,S,V,F,V,C,6.80,6.80
02/01/2024,23:59,[23:45-00:00[,S,V,F,V,C,6.80,6.80
03/01/2024,00:15,[00:00-00:15[,S,V,V,V,V,3.20,3.20
03/01/2024,00:30,[00:15-00:30[,S,V,V,V,V,3.20,3.20
03/01/2024,00:45,[00:30-00:45[,S,V,V,V,V,3.20,3.20
03/01/2024,01:00,[00:45-01:00[,S,V,V,V,V,3.20,3.20
03/01/2024,01:15,[01:00-01:15[,S,V,V,V,V,3.20,3.20
03/01/2024,01:30,[01:15-01:30[,S,V,V,V,V,3.20,3.20
03/01/2024,01:45,[01:30-01:45[,S,V,V,V,V,3.20,3.20
03/01/2024,02:00,[01:45-02:00[,S,V,V,V,V,3.20,3.20
03/01/2024,02:15,[02:00-02:15[,S,V,V,V,V,3.20,3.20
03/01/2024,02:30,[02:15-02:30[,S,V,V,V,V,3.20,3.20
03/01/2024,02:45,[02:30-02:45[,S,V,V,V,V,3.20,3.20
03/01/2024,03:00,[02:45-03:00[,S,V,V,V,V,3.20,3.20
03/01/2024,03:15,[03:00-03:15[,S,V,V,V,V,3.20,3.20
03/01/2024,03:30,[03:15-03:30[,S,V,V,V,V,3.20,3.20
03/01/2024,03:45,[03:30-03:45[,S,V,V,V,V,3.20,3.20
03/01/2024,04:00,[03:45-04:00[,S,V,V,V,V,3.20,3.20
03/01/2024,04:15,[04:00-04:15[,S,V,V,V,V,2.21,2.21
03/01/2024,04:30,[04:15-04:30[,S,V,V,V,V,2.21,2.21
03/01/2024,04:45,[04:30-04:45[,S,V,V,V,V,2.21,2.21
03/01/2024,05:00,[04:45-05:00[,S,V,V,V,V,2.21,2.21
03/01/2024,05:15,[05:00-05:15[,S,V,V,V,V,4.78,4.78
03/01/2024,05:30,[05:15-05:30[,S,V,V,V,V,4.78,4.78
03/01/2024,05:45,[05:30-05:45[,S,V,V,V,V,4.78,4.78
03/01/2024,06:00,[05:45-06:00[,S,V,V,V,V,4.78,4.78
03/01/2024,06:15,[06:00-06:15[,S,V,V,V,V,45.42,45.42
03/01/2024,06:30,[06:15-06:30[,S,V,V,V,V,45.42,45.42
03/01/2024,06:45,[06:30-06:45[,S,V,V,V,V,45.42,45.42
03/01/2024,07:00,[06:45-07:00[,S,V,V,V,V,45.42,45.42
03/01/2024,07:15,[07:00-07:15[,S,V,F,V,C,61.92,61.92
03/01/2024,07:30,[07:15-07:30[,S,V,F,V,C,61.92,61.92
03/01/2024,07:45,[07:30-07:45[,S,V,F,V,C,61.92,61.92
03/01/2024,08:00,[07:45-08:00[,S,V,F,V,C,61.92,61.92
03/01/2024,08:15,[08:00-08:15[,S,F,F,C,C,67.00,67.00
03/01/2024,08:30,[08:15-08:30[,S,F,F,C,C,67.00,67.00
03/01/2024,08:45,[08:30-08:45[,S,F,F,C,C,67.00,67.00
03/01/2024,09:00,[08:45-09:00[,S,F,F,C,C,67.00,67.00
03/01/2024,09:15,[09:00-09:15[,S,F,F,P,C,63.60,63.60
03/01/2024,09:30,[09:15-09:30[,S,F,F,P,C,63.60,63.60
03/01/2024,09:45,[09:30-09:45[,S,F,F,P,P,63.60,63.60
03/01/2024,10:00,[09:45-10:00[,S,F,F,P,P,63.60,63.60
03/01/2024,10:15,[10:00-10:15[,S,F,F,P,P,58.50,57.10
03/01/2024,10:30,[10:15-10:30[,S,F,F,P,P,58.50,57.10
03/01/2024,10:45,[10:30-10:45[,S,F,F,C,P,58.50,57.10
03/01/2024,11:00,[10:45-11:00[,S,F,F,C,P,58.50,57.10
03/01/2024,11:15,[11:00-11:15[,S,F,F,C,P,63.60,55.00
03/01/2024,11:30,[11:15-11:30[,S,F,F,C,P,63.60,55.00
03/01/2024,11:45,[11:30-11:45[,S,F,F,C,P,63.60,55.00
03/01/2024,12:00,[11:45-12:00[,S,F,F,C,P,63.60,55.00
03/01/2024,12:15,[12:00-12:15[,S,F,F,C,C,63.35,55.42
03/01/2024,12:30,[12:15-12:30[,S,F,F,C,C,63.35,55.42
03/01/2024,12:45,[12:30-12:45[,S,F,F,C,C,63.35,55.42
03/01/2024,13:00,[12:45-13:00[,S,F,F,C,C,63.35,55.42
03/01/2024,13:15,[13:00-13:15[,S,F,F,C,C,63.60,61.00
03/01/2024,13:30,[13:15-13:30[,S,F,F,C,C,63.60,61.00
03/01/2024,13:45,[13:30-13:45[,S,F,F,C,C,63.60,61.00
03/01/2024,14:00,[13:45-14:00[,S,F,F,C,C,63.60,61.00
03/01/2024,14:15,[14:00-14:15[,S,F,F,C,C,66.03,66.03
03/01/2024,14:30,[14:15-14:30[,S,F,F,C,C,66.03,66.03
03/01/2024,14:45,[14:30-14:45[,S,F,F,C,C,66.03,66.03
03/01/2024,15:00,[14:45-15:00[,S,F,F,C,C,66.03,66.03
03/01/2024,15:15,[15:00-15:15[,S,F,F,C,C,67.52,67.52
03/01/2024,15:30,[15:15-15:30[,S,F,F,C,C,67.52,67.52
03/01/2024,15:45,[15:30-15:45[,S,F,F,C,C,67.52,67.52
03/01/2024,16:00,[15:45-16:00[,S,F,F,C,C,67.52,67.52
03/01/2024,16:15,[16:00-16:15[,S,F,F,C,C,89.57,89.57
03/01/2024,16:30,[16:15-16:30[,S,F,F,C,C,89.57,89.57
03/01/2024,16:45,[16:30-16:45[,S,F,F,C,C,89.57,89.57
03/01/2024,17:00,[16:45-17:00[,S,F,F,C,C,89.57,89.57
03/01/2024,17:15,[17:00-17:15[,S,F,F,C,C,94.20,94.20
03/01/2024,17:30,[17:15-17:30[,S,F,F,C,C,94.20,94.20
03/01/2024,17:45,[17:30-17:45[,S,F,F,C,C,94.20,94.20
03/01/2024,18:00,[17:45-18:00[,S,F,F,C,C,94.20,94.20
03/01/2024,18:15,[18:00-18:15[,S,F,F,P,C,104.35,104.35
03/01/2024,18:30,[18:15-18:30[,S,F,F,P,C,104.35,104.35
03/01/2024,18:45,[18:30-18:45[,S,F,F,P,P,104.35,104.35
03/01/2024,19:00,[18:45-19:00[,S,F,F,P,P,104.35,104.35
03/01/2024,19:15,[19:00-19:15[,S,F,F,P,P,113.26,113.26
03/01/2024,19:30,[19:15-19:30[,S,F,F,P,P,113.26,113.26
03/01/2024,19:45,[19:30-19:45[,S,F,F,P,P,113.26,113.26
03/01/2024,20:00,[19:45-20:00[,S,F,F,P,P,113.26,113.26
03/01/2024,20:15,[20:00-20:15[,S,F,F,P,P,113.26,113.26
03/01/2024,20:30,[20:15-20:30[,S,F,F,P,P,113.26,113.26
03/01/2024,20:45,[20:30-20:45[,S,F,F,C,P,113.26,113.26
03/01/2024,21:00,[20:45-21:00[,S,F,F,C,P,113.26,113.26
03/01/2024,21:15,[21:00-21:15[,S,F,F,C,C,94.20,94.20
03/01/2024,21:30,[21:15-21:30[,S,F,F,C,C,94.20,94.20
03/01/2024,21:45,[21:30-21:45[,S,F,F,C,C,94.20,94.20
03/01/2024,22:00,[21:45-22:00[,S,F,F,C,C,94.20,94.20
03/01/2024,22:15,[22:00-22:15[,S,V,F,V,C,86.58,86.58
03/01/2024,22:30,[22:15-22:30[,S,V,F,V,C,86.58,86.58
03/01/2024,22:45,[22:30-22:45[,S,V,F,V,C,86.58,86.58
03/01/2024,23:00,[22:45-23:00[,S,V,F,V,C,86.58,86.58
03/01/2024,23:15,[23:00-23:15[,S,V,F,V,C,90.39,90.39
03/01/2024,23:30,[23:15-23:30[,S,V,F,V,C,90.39,90.39
03/01/2024,23:45,[23:30-23:45[,S,V,F,V,C,90.39,90.39
03/01/2024,23:59,[23:45-00:00[,S,V,F,V,C,90.39,90.39
04/01/2024,00:15,[00:00-00:15[,S,V,V,V,V,87.00,87.00
04/01/2024,00:30,[00:15-00:30[,S,V,V,V,V,87.00,87.00
04/01/2024,00:45,[00:30-00:45[,S,V,V,V,V,87.00,87.00
04/01/2024,01:00,[00:45-01:00[,S,V,V,V,V,87.00,87.00
04/01/2024,01:15,[01:00-01:15[,S,V,V,V,V,80.21,80.21
04/01/2024,01:30,[01:15-01:30[,S,V,V,V,V,80.21,80.21
04/01/2024,01:45,[01:30-01:45[,S,V,V,V,V,80.21,80.21
04/01/2024,02:00,[01:45-02:00[,S,V,V,V,V,80.21,80.21
04/01/2024,02:15,[02:00-02:15[,S,V,V,V,V,70.10,70.10
04/01/2024,02:30,[02:15-02:30[,S,V,V,V,V,70.10,70.10
04/01/2024,02:45,[02:30-02:45[,S,V,V,V,V,70.10,70.10
04/01/2024,03:00,[02:45-03:00[,S,V,V,V,V,70.10,70.10
04/01/2024,03:15,[03:00-03:15[,S,V,V,V,V,66.86,66.86
04/01/2024,03:30,[03:15-03:30[,S,V,V,V,V,66.86,66.86
04/01/2024,03:45,[03:30-03:45[,S,V,V,V,V,66.86,66.86
04/01/2024,04:00,[03:45-04:00[,S,V,V,V,V,66.86,66.86
04/01/2024,04:15,[04:00-04:15[,S,V,V,V,V,68.14,68.14
04/01/2024,04:30,[04:15-04:30[,S,V,V,V,V,68.14,68.14
04/01/2024,04:45,[04:30-04:45[,S,V,V,V,V,68.14,68.14
04/01/2024,05:00,[04:45-05:00[,S,V,V,V,V,68.14,68.14
04/01/2024,05:15,[05:00-05:15[,S,V,V,V,V,86.74,86.74
04/01/2024,05:30,[05:15-05:30[,S,V,V,V,V,86.74,86.74
04/01/2024,05:45,[05:30-05:45[,S,V,V,V,V,86.74,86.74
04/01/2024,06:00,[05:45-06:00[,S,V,V,V,V,86.74,86.74
04/01/2024,06:15,[06:00-06:15[,S,V,V,V,V,94.51,94.51
04/01/2024,06:30,[06:15-06:30[,S,V,V,V,V,94.51,94.51
04/01/2024,06:45,[06:30-06:45[,S,V,V,V,V,94.51,94.51
04/01/2024,07:00,[06:45-07:00[,S,V,V,V,V,94.51,94.51
04/01/2024,07:15,[07:00-07:15[,S,V,F,V,C,96.00,96.00
04/01/2024,07:30,[07:15-07:30[,S,V,F,V,C,96.00,96.00
04/01/2024,07:45,[07:30-07:45[,S,V,F,V,C,96.00,96.00
04/01/2024,08:00,[07:45-08:00[,S,V,F,V,C,96.00,96.00
04/01/2024,08:15,[08:00-08:15[,S,F,F,C,C,98.13,98.13
04/01/2024,08:30,[08:15-08:30[,S,F,F,C,C,98.13,98.13
04/01/2024,08:45,[08:30-08:45[,S,F,F,C,C,98.13,98.13
04/01/2024,09:00,[08:45-09:00[,S,F,F,C,C,98.13,98.13
04/01/2024,09:15,[09:00-09:15[,S,F,F,P,C,95.00,95.00
04/01/2024,09:30,[09:15-09:30[,S,F,F,P,C,95.00,95.00
04/01/2024,09:45,[09:30-09:45[,S,F,F,P,P,95.00,95.00
04/01/2024,10:00,[09:45-10:00[,S,F,F,P,P,95.00,95.00
04/01/2024,10:15,[10:00-10:15[,S,F,F,P,P,90.35,90.35
04/01/2024,10:30,[10:15-10:30[,S,F,F,P,P,90.35,90.35
04/01/2024,10:45,[10:30-10:45[,S,F,F,C,P,90.35,90.35
04/01/2024,11:00,[10:45-11:00[,S,F,F,C,P,90.35,90.35
04/01/2024,11:15,[11:00-11:15[,S,F,F,C,P,89.00,89.00
04/01/2024,11:30,[11:15-11:30[,S,F,F,C,P,89.00,89.00
04/01/2024,11:45,[11:30-11:45[,S,F,F,C,P,89.00,89.00
04/01/2024,12:00,[11:45-12:00[,S,F,F,C,P,89.00,89.00
04/01/2024,12:15,[12:00-12:15[,S,F,F,C,C,85.96,85.96
04/01/2024,12:30,[12:15-12:30[,S,F,F,C,C,85.96,85.96
04/01/2024,12:45,[12:30-12:45[,S,F,F,C,C,85.96,85.96
04/01/2024,13:00,[12:45-13:00[,S,F,F,C,C,85.96,85.96
04/01/2024,13:15,[13:00-13:15[,S,F,F,C,C,92.11,92.11
04/01/2024,13:30,[13:15-13:30[,S,F,F,C,C,92.11,92.11
04/01/2024,13:45,[13:30-13:45[,S,F,F,C,C,92.11,92.11
04/01/2024,14:00,[13:45-14:00[,S,F,F,C,C,92.11,92.11
04/01/2024,14:15,[14:00-14:15[,S,F,F,C,C,98.62,98.62
04/01/2024,14:30,[14:15-14:30[,S,F,F,C,C,98.62,98.62
04/01/2024,14:45,[14:30-14:45[,S,F,F,C,C,98.62,98.62
04/01/2024,15:00,[14:45-15:00[,S,F,F,C,C,98.62,98.62
04/01/2024,15:15,[15:00-15:15[,S,F,F,C,C,99.50,99.50
04/01/2024,15:30,[15:15-15:30[,S,F,F,C,C,99.50,99.50
04/01/2024,15:45,[15:30-15:45[,S,F,F,C,C,99.50,99.50
04/01/2024,16:00,[15:45-16:00[,S,F,F,C,C,99.50,99.50
04/01/2024,16:15,[16:00-16:15[,S,F,F,C,C,100.00,100.00
04/01/2024,16:30,[16:15-16:30[,S,F,F,C,C,100.00,100.00
04/01/2024,16:45,[16:30-16:45[,S,F,F,C,C,100.00,100.00
04/01/2024,17:00,[16:45-17:00[,S,F,F,C,C,100.00,100.00
04/01/2024,17:15,[17:00-17:15[,S,F,F,C,C,102.57,102.57
04/01/2024,17:30,[17:15-17:30[,S,F,F,C,C,102.57,102.57
04/01/2024,17:45,[17:30-17:45[,S,F,F,C,C,102.57,102.57
04/01/2024,18:00,[17:45-18:00[,S,F,F,C,C,102.57,102.57
04/01/2024,18:15,[18:00-18:15[,S,F,F,P,C,104.00,104.00
04/01/2024,18:30,[18:15-18:30[,S,F,F,P,C,104.00,104.00
04/01/2024,18:45,[18:30-18:45[,S,F,F,P,P,104.00,104.00
04/01/2024,19:00,[18:45-19:00[,S,F,F,P,P,104.00,104.00
04/01/2024,19:15,[19:00-19:15[,S,F,F,P,P,105.18,105.18
04/01/2024,19:30,[19:15-19:30[,S,F,F,P,P,105.18,105.18
04/01/2024,19:45,[19:30-19:45[,S,F,F,P,P,105.18,105.18
04/01/2024,20:00,[19:45-20:00[,S,F,F,P,P,105.18,105.18
04/01/2024,20:15,[20:00-20:15[,S,F,F,P,P,102.42,102.42
04/01/2024,20:30,[20:15-20:30[,S,F,F,P,P,102.42,102.42
04/01/2024,20:45,[20:30-20:45[,S,F,F,C,P,102.42,102.42
04/01/2024,21:00,[20:45-21:00[,S,F,F,C,P,102.42,102.42
04/01/2024,21:15,[21:00-21:15[,S,F,F,C,C,99.41,99.41
04/01/2024,21:30,[21:15-21:30[,S,F,F,C,C,99.41,99.41
04/01/2024,21:45,[21:30-21:45[,S,F,F,C,C,99.41,99.41
04/01/2024,22:00,[21:45-22:00[,S,F,F,C,C,99.41,99.41
04/01/2024,22:15,[22:00-22:15[,S,V,F,V,C,90.39,90.39
04/01/2024,22:30,[22:15-22:30[,S,V,F,V,C,90.39,90.39
04/01/2024,22:45,[22:30-22:45[,S,V,F,V,C,90.39,90.39
04/01/2024,23:00,[22:45-23:00[,S,V,F,V,C,90.39,90.39
04/01/2024,23:15,[23:00-23:15[,S,V,F,V,C,86.08,86.08
04/01/2024,23:30,[23:15-23:30[,S,V,F,V,C,86.08,86.08
04/01/2024,23:45,[23:30-23:45[,S,V,F,V,C,86.08,86.08
04/01/2024,23:59,[23:45-00:00[,S,V,F,V,C,86.08,86.08
05/01/2024,00:15,[00:00-00:15[,S,V,V,V,V,80.51,80.51
05/01/2024,00:30,[00:15-00:30[,S,V,V,V,V,80.51,80.51
05/01/2024,00:45,[00:30-00:45[,S,V,V,V,V,80.51,80.51
05/01/2024,01:00,[00:45-01:00[,S,V,V,V,V,80.51,80.51
05/01/2024,01:15,[01:00-01:15[,S,V,V,V,V,77.01,77.01
05/01/2024,01:30,[01:15-01:30[,S,V,V,V,V,77.01,77.01
05/01/2024,01:45,[01:30-01:45[,S,V,V,V,V,77.01,77.01
05/01/2024,02:00,[01:45-02:00[,S,V,V,V,V,77.01,77.01
05/01/2024,02:15,[02:00-02:15[,S,V,V,V,V,70.67,70.67
05/01/2024,02:30,[02:15-02:30[,S,V,V,V,V,70.67,70.67
05/01/2024,02:45,[02:30-02:45[,S,V,V,V,V,70.67,70.67
05/01/2024,03:00,[02:45-03:00[,S,V,V,V,V,70.67,70.67
05/01/2024,03:15,[03:00-03:15[,S,V,V,V,V,61.10,61.10
05/01/2024,03:30,[03:15-03:30[,S,V,V,V,V,61.10,61.10
05/01/2024,03:45,[03:30-03:45[,S,V,V,V,V,61.10,61.10
05/01/2024,04:00,[03:45-04:00[,S,V,V,V,V,61.10,61.10
05/01/2024,04:15,[04:00-04:15[,S,V,V,V,V,68.26,68.26
05/01/2024,04:30,[04:15-04:30[,S,V,V,V,V,68.26,68.26
05/01/2024,04:45,[04:30-04:45[,S,V,V,V,V,68.26,68.26
05/01/2024,05:00,[04:45-05:00[,S,V,V,V,V,68.26,68.26
05/01/2024,05:15,[05:00-05:15[,S,V,V,V,V,75.00,75.00
05/01/2024,05:30,[05:15-05:30[,S,V,V,V,V,75.00,75.00
05/01/2024,05:45,[05:30-05:45[,S,V,V,V,V,75.00,75.00
05/01/2024,06:00,[05:45-06:00[,S,V,V,V,V,75.00,75.00
05/01/2024,06:15,[06:00-06:15[,S,V,V,V,V,86.39,86.39
05/01/2024,06:30,[06:15-06:30[,S,V,V,V,V,86.39,86.39
05/01/2024,06:45,[06:30-06:45[,S,V,V,V,V,86.39,86.39
05/01/2024,07:00,[06:45-07:00[,S,V,V,V,V,86.39,86.39
05/01/2024,07:15,[07:00-07:15[,S,V,F,V,C,90.88,90.88
05/01/2024,07:30,[07:15-07:30[,S,V,F,V,C,90.88,90.88
05/01/2024,07:45,[07:30-07:45[,S,V,F,V,C,90.88,90.88
05/01/2024,08:00,[07:45-08:00[,S,V,F,V,C,90.88,90.88
05/01/2024,08:15,[08:00-08:15[,S,F,F,C,C,90.00,90.00
05/01/2024,08:30,[08:15-08:30[,S,F,F,C,C,90.00,90.00
05/01/2024,08:45,[08:30-08:45[,S,F,F,C,C,90.00,90.00
05/01/2024,09:00,[08:45-09:00[,S,F,F,C,C,90.00,90.00
05/01/2024,09:15,[09:00-09:15[,S,F,F,P,C,76.47,76.47
05/01/2024,09:30,[09:15-09:30[,S,F,F,P,C,76.47,76.47
05/01/2024,09:45,[09:30-09:45[,S,F,F,P,P,76.47,76.47
05/01/2024,10:00,[09:45-10:00[,S,F,F,P,P,76.47,76.47
05/01/2024,10:15,[10:00-10:15[,S,F,F,P,P,57.68,57.68
05/01/2024,10:30,[10:15-10:30[,S,F,F,P,P,57.68,57.68
05/01/2024,10:45,[10:30-10:45[,S,F,F,C,P,57.68,57.68
05/01/2024,11:00,[10:45-11:00[,S,F,F,C,P,57.68,57.68
05/01/2024,11:15,[11:00-11:15[,S,F,F,C,P,45.87,45.87
05/01/2024,11:30,[11:15-11:30[,S,F,F,C,P,45.87,45.87
05/01/2024,11:45,[11:30-11:45[,S,F,F,C,P,45.87,45.87
05/01/2024,12:00,[11:45-12:00[,S,F,F,C,P,45.87,45.87
05/01/2024,12:15,[12:00-12:15[,S,F,F,C,C,44.07,44.07
05/01/2024,12:30,[12:15-12:30[,S,F,F,C,C,44.07,44.07
05/01/2024,12:45,[12:30-12:45[,S,F,F,C,C,44.07,44.07
05/01/2024,13:00,[12:45-13:00[,S,F,F,C,C,44.07,44.07
05/01/2024,13:15,[13:00-13:15[,S,F,F,C,C,40.00,40.00
05/01/2024,13:30,[13:15-13:30[,S,F,F,C,C,40.00,40.00
05/01/2024,13:45,[13:30-13:45[,S,F,F,C,C,40.00,40.00
05/01/2024,14:00,[13:45-14:00[,S,F,F,C,C,40.00,40.00
05/01/2024,14:15,[14:00-14:15[,S,F,F,C,C,37.83,30.55
05/01/2024,14:30,[14:15-14:30[,S,F,F,C,C,37.83,30.55
05/01/2024,14:45,[14:30-14:45[,S,F,F,C,C,37.83,30.55
05/01/2024,15:00,[14:45-15:00[,S,F,F,C,C,37.83,30.55
05/01/2024,15:15,[15:00-15:15[,S,F,F,C,C,44.37,44.37
05/01/2024,15:30,[15:15-15:30[,S,F,F,C,C,44.37,44.37
05/01/2024,15:45,[15:30-15:45[,S,F,F,C,C,44.37,44.37
05/01/2024,16:00,[15:45-16:00[,S,F,F,C,C,44.37,44.37
05/01/2024,16:15,[16:00-16:15[,S,F,F,C,C,67.00,67.00
05/01/2024,16:30,[16:15-16:30[,S,F,F,C,C,67.00,67.00
05/01/2024,16:45,[16:30-16:45[,S,F,F,C,C,67.00,67.00
05/01/2024,17:00,[16:45-17:00[,S,F,F,C,C,67.00,67.00
05/01/2024,17:15,[17:00-17:15[,S,F,F,C,C,75.47,75.47
05/01/2024,17:30,[17:15-17:30[,S,F,F,C,C,75.47,75.47
05/01/2024,17:45,[17:30-17:45[,S,F,F,C,C,75.47,75.47
05/01/2024,18:00,[17:45-18:00[,S,F,F,C,C,75.47,75.47
05/01/2024,18:15,[18:00-18:15[,S,F,F,P,C,78.19,78.19
05/01/2024,18:30,[18:15-18:30[,S,F,F,P,C,78.19,78.19
05/01/2024,18:45,[18:30-18:45[,S,F,F,P,P,78.19,78.19
05/01/2024,19:00,[18:45-19:00[,S,F,F,P,P,78.19,78.19
05/01/2024,19:15,[19:00-19:15[,S,F,F,P,P,79.94,79.94
05/01/2024,19:30,[19:15-19:30[,S,F,F,P,P,79.94,79.94
05/01/2024,19:45,[19:30-19:45[,S,F,F,P,P,79.94,79.94
05/01/2024,20:00,[19:45-20:00[,S,F,F,P,P,79.94,79.94
05/01/2024,20:15,[20:00-20:15[,S,F,F,P,P,78.26,78.26
05/01/2024,20:30,[20:15-20:30[,S,F,F,P,P,78.26,78.26
05/01/2024,20:45,[20:30-20:45[,S,F,F,C,P,78.26,78.26
05/01/2024,21:00,[20:45-21:00[,S,F,F,C,P,78.26,78.26
05/01/2024,21:15,[21:00-21:15[,S,F,F,C,C,75.00,75.00
05/01/2024,21:30,[21:15-21:30[,S,F,F,C,C,75.00,75.00
05/01/2024,21:45,[21:30-21:45[,S,F,F,C,C,75.00,75.00
05/01/2024,22:00,[21:45-22:00[,S,F,F,C,C,75.00,75.00
05/01/2024,22:15,[22:00-22:15[,S,V,F,V,C,68.00,68.00
05/01/2024,22:30,[22:15-22:30[,S,V,F,V,C,68.00,68.00
05/01/2024,22:45,[22:30-22:45[,S,V,F,V,C,68.00,68.00
05/01/2024,23:00,[22:45-23:00[,S,V,F,V,C,68.00,68.00
05/01/2024,23:15,[23:00-23:15[,S,V,F,V,C,52.50,52.50
05/01/2024,23:30,[23:15-23:30[,S,V,F,V,C,52.50,52.50
05/01/2024,23:45,[23:30-23:45[,S,V,F,V,C,52.50,52.50
05/01/2024,23:59,[23:45-00:00[,S,V,F,V,C,52.50,52.50
06/01/2024,00:15,[00:00-00:15[,S,V,V,V,V,45.00,45.00
06/01/2024,00:30,[00:15-00:30[,S,V,V,V,V,45.00,45.00
06/01/2024,00:45,[00:30-00:45[,S,V,V,V,V,45.00,45.00
06/01/2024,01:00,[00:45-01:00[,S,V,V,V,V,45.00,45.00
06/01/2024,01:15,[01:00-01:15[,S,V,V,V,V,44.20,44.20
06/01/2024,01:30,[01:15-01:30[,S,V,V,V,V,44.20,44.20
06/01/2024,01:45,[01:30-01:45[,S,V,V,V,V,44.20,44.20
06/01/2024,02:00,[01:45-02:00[,S,V,V,V,V,44.20,44.20
06/01/2024,02:15,[02:00-02:15[,S,V,V,V,V,43.50,43.50
06/01/2024,02:30,[02:15-02:30[,S,V,V,V,V,43.50,43.50
06/01/2024,02:45,[02:30-02:45[,S,V,V,V,V,43.50,43.50
06/01/2024,03:00,[02:45-03:00[,S,V,V,V,V,43.50,43.50
06/01/2024,03:15,[03:00-03:15[,S,V,V,V,V,23.99,23.99
06/01/2024,03:30,[03:15-03:30[,S,V,V,V,V,23.99,23.99
06/01/2024,03:45,[03:30-03:45[,S,V,V,V,V,23.99,23.99
06/01/2024,04:00,[03:45-04:00[,S,V,V,V,V,23.99,23.99
06/01/2024,04:15,[04:00-04:15[,S,V,V,V,V,23.99,23.99
06/01/2024,04:30,[04:15-04:30[,S,V,V,V,V,23.99,23.99
06/01/2024,04:45,[04:30-04:45[,S,V,V,V,V,23.99,23.99
06/01/2024,05:00,[04:45-05:00[,S,V,V,V,V,23.99,23.99
06/01/2024,05:15,[05:00-05:15[,S,V,V,V,V,30.51,30.51
06/01/2024,05:30,[05:15-05:30[,S,V,V,V,V,30.51,30.51
06/01/2024,05:45,[05:30-05:45[,S,V,V,V,V,30.51,30.51
06/01/2024,06:00,[05:45-06:00[,S,V,V,V,V,30.51,30.51
06/01/2024,06:15,[06:00-06:15[,S,V,V,V,V,44.40,44.40
06/01/2024,06:30,[06:15-06:30[,S,V,V,V,V,44.40,44.40
06/01/2024,06:45,[06:30-06:45[,S,V,V,V,V,44.40,44.40
06/01/2024,07:00,[06:45-07:00[,S,V,V,V,V,44.40,44.40
06/01/2024,07:15,[07:00-07:15[,S,V,V,V,V,45.80,45.80
06/01/2024,07:30,[07:15-07:30[,S,V,V,V,V,45.80,45.80
06/01/2024,07:45,[07:30-07:45[,S,V,V,V,V,45.80,45.80
06/01/2024,08:00,[07:45-08:00[,S,V,V,V,V,45.80,45.80
06/01/2024,08:15,[08:00-08:15[,S,F,V,C,V,45.00,45.00
06/01/2024,08:30,[08:15-08:30[,S,F,V,C,V,45.00,45.00
06/01/2024,08:45,[08:30-08:45[,S,F,V,C,V,45.00,45.00
06/01/2024,09:00,[08:45-09:00[,S,F,V,C,V,45.00,45.00
06/01/2024,09:15,[09:00-09:15[,S,F,V,P,V,25.00,25.00
06/01/2024,09:30,[09:15-09:30[,S,F,V,P,V,25.00,25.00
06/01/2024,09:45,[09:30-09:45[,S,F,F,P,C,25.00,25.00
06/01/2024,10:00,[09:45-10:00[,S,F,F,P,C,25.00,25.00
06/01/2024,10:15,[10:00-10:15[,S,F,F,P,C,4.00,4.00
06/01/2024,10:30,[10:15-10:30[,S,F,F,P,C,4.00,4.00
06/01/2024,10:45,[10:30-10:45[,S,F,F,C,C,4.00,4.00
06/01/2024,11:00,[10:45-11:00[,S,F,F,C,C,4.00,4.00
06/01/2024,11:15,[11:00-11:15[,S,F,F,C,C,3.20,3.20
06/01/2024,11:30,[11:15-11:30[,S,F,F,C,C,3.20,3.20
06/01/2024,11:45,[11:30-11:45[,S,F,F,C,C,3.20,3.20
06/01/2024,12:00,[11:45-12:00[,S,F,F,C,C,3.20,3.20
06/01/2024,12:15,[12:00-12:15[,S,F,F,C,C,3.20,3.20
06/01/2024,12:30,[12:15-12:30[,S,F,F,C,C,3.20,3.20
06/01/2024,12:45,[12:30-12:45[,S,F,F,C,C,3.20,3.20
06/01/2024,13:00,[12:45-13:00[,S,F,F,C,C,3.20,3.20
06/01/2024,13:15,[13:00-13:15[,S,F,V,C,V,3.20,3.20
06/01/2024,13:30,[13:15-13:30[,S,F,V,C,V,3.20,3.20
06/01/2024,13:45,[13:30-13:45[,S,F,V,C,V,3.20,3.20
06/01/2024,14:00,[13:45-14:00[,S,F,V,C,V,3.20,3.20
06/01/2024,14:15,[14:00-14:15[,S,F,V,C,V,3.20,3.20
06/01/2024,14:30,[14:15-14:30[,S,F,V,C,V,3.20,3.20
06/01/2024,14:45,[14:30-14:45[,S,F,V,C,V,3.20,3.20
06/01/2024,15:00,[14:45-15:00[,S,F,V,C,V,3.20,3.20
06/01/2024,15:15,[15:00-15:15[,S,F,V,C,V,25.00,25.00
06/01/2024,15:30,[15:15-15:30[,S,F,V,C,V,25.00,25.00
06/01/2024,15:45,[15:30-15:45[,S,F,V,C,V,25.00,25.00
06/01/2024,16:00,[15:45-16:00[,S,F,V,C,V,25.00,25.00
06/01/2024,16:15,[16:00-16:15[,S,F,V,C,V,65.00,65.00
06/01/2024,16:30,[16:15-16:30[,S,F,V,C,V,65.00,65.00
06/01/2024,16:45,[16:30-16:45[,S,F,V,C,V,65.00,65.00
06/01/2024,17:00,[16:45-17:00[,S,F,V,C,V,65.00,65.00
06/01/2024,17:15,[17:00-17:15[,S,F,V,C,V,85.96,85.96
06/01/2024,17:30,[17:15-17:30[,S,F,V,C,V,85.96,85.96
06/01/2024,17:45,[17:30-17:45[,S,F,V,C,V,85.96,85.96
06/01/2024,18:00,[17:45-18:00[,S,F,V,C,V,85.96,85.96
06/01/2024,18:15,[18:00-18:15[,S,F,V,P,V,92.05,92.05
06/01/2024,18:30,[18:15-18:30[,S,F,V,P,V,92.05,92.05
06/01/2024,18:45,[18:30-18:45[,S,F,F,P,C,92.05,92.05
06/01/2024,19:00,[18:45-19:00[,S,F,F,P,C,92.05,92.05
06/01/2024,19:15,[19:00-19:15[,S,F,F,P,C,92.14,92.14
06/01/2024,19:30,[19:15-19:30[,S,F,F,P,C,92.14,92.14
06/01/2024,19:45,[19:30-19:45[,S,F,F,P,C,92.14,92.14
06/01/2024,20:00,[19:45-20:00[,S,F,F,P,C,92.14,92.14
06/01/2024,20:15,[20:00-20:15[,S,F,F,P,C,88.00,88.00
06/01/2024,20:30,[20:15-20:30[,S,F,F,P,C,88.00,88.00
06/01/2024,20:45,[20:30-20:45[,S,F,F,C,C,88.00,88.00
06/01/2024,21:00,[20:45-21:00[,S,F,F,C,C,88.00,88.00
06/01/2024,21:15,[21:00-21:15[,S,F,F,C,C,86.57,86.57
06/01/2024,21:30,[21:15-21:30[,S,F,F,C,C,86.57,86.57
06/01/2024,21:45,[21:30-21:45[,S,F,F,C,C,86.57,86.57
06/01/2024,22:00,[21:45-22:00[,S,F,F,C,C,86.57,86.57
06/01/2024,22:15,[22:00-22:15[,S,V,V,V,V,79.87,79.87
06/01/2024,22:30,[22:15-22:30[,S,V,V,V,V,79.87,79.87
06/01/2024,22:45,[22:30-22:45[,S,V,V,V,V,79.87,79.87
06/01/2024,23:00,[22:45-23:00[,S,V,V,V,V,79.87,79.87
06/01/2024,23:15,[23:00-23:15[,S,V,V,V,V,84.08,84.08
06/01/2024,23:30,[23:15-23:30[,S,V,V,V,V,84.08,84.08
06/01/2024,23:45,[23:30-23:45[,S,V,V,V,V,84.08,84.08
06/01/2024,23:59,[23:45-00:00[,S,V,V,V,V,84.08,84.08
07/01/2024,00:15,[00:00-00:15[,S,V,V,V,V,79.82,79.82
07/01/2024,00:30,[00:15-00:30[,S,V,V,V,V,79.82,79.82
07/01/2024,00:45,[00:30-00:45[,S,V,V,V,V,79.82,79.82
07/01/2024,01:00,[00:45-01:00[,S,V,V,V,V,79.82,79.82
07/01/2024,01:15,[01:00-01:15[,S,V,V,V,V,76.76,76.76
07/01/2024,01:30,[01:15-01:30[,S,V,V,V,V,76.76,76.76
07/01/2024,01:45,[01:30-01:45[,S,V,V,V,V,76.76,76.76
07/01/2024,02:00,[01:45-02:00[,S,V,V,V,V,76.76,76.76
07/01/2024,02:15,[02:00-02:15[,S,V,V,V,V,73.46,73.46
07/01/2024,02:30,[02:15-02:30[,S,V,V,V,V,73.46,73.46
07/01/2024,02:45,[02:30-02:45[,S,V,V,V,V,73.46,73.46
07/01/2024,03:00,[02:45-03:00[,S,V,V,V,V,73.46,73.46
07/01/2024,03:15,[03:00-03:15[,S,V,V,V,V,71.86,71.86
07/01/2024,03:30,[03:15-03:30[,S,V,V,V,V,71.86,71.86
07/01/2024,03:45,[03:30-03:45[,S,V,V,V,V,71.86,71.86
07/01/2024,04:00,[03:45-04:00[,S,V,V,V,V,71.86,71.86
07/01/2024,04:15,[04:00-04:15[,S,V,V,V,V,72.08,72.08
07/01/2024,04:30,[04:15-04:30[,S,V,V,V,V,72.08,72.08
07/01/2024,04:45,[04:30-04:45[,S,V,V,V,V,72.08,72.08
07/01/2024,05:00,[04:45-05:00[,S,V,V,V,V,72.08,72.08
07/01/2024,05:15,[05:00-05:15[,S,V,V,V,V,74.90,74.90
07/01/2024,05:30,[05:15-05:30[,S,V,V,V,V,74.90,74.90
07/01/2024,05:45,[05:30-05:45[,S,V,V,V,V,74.90,74.90
07/01/2024,06:00,[05:45-06:00[,S,V,V,V,V,74.90,74.90
07/01/2024,06:15,[06:00-06:15[,S,V,V,V,V,77.69,77.69
07/01/2024,06:30,[06:15-06:30[,S,V,V,V,V,77.69,77.69
07/01/2024,06:45,[06:30-06:45[,S,V,V,V,V,77.69,77.69
07/01/2024,07:00,[06:45-07:00[,S,V,V,V,V,77.69,77.69
07/01/2024,07:15,[07:00-07:15[,S,V,V,V,V,81.79,81.79
07/01/2024,07:30,[07:15-07:30[,S,V,V,V,V,81.79,81.79
07/01/2024,07:45,[07:30-07:45[,S,V,V,V,V,81.79,81.79
07/01/2024,08:00,[07:45-08:00[,S,V,V,V,V,81.79,81.79
07/01/2024,08:15,[08:00-08:15[,S,F,V,C,V,84.86,84.86
07/01/2024,08:30,[08:15-08:30[,S,F,V,C,V,84.86,84.86
07/01/2024,08:45,[08:30-08:45[,S,F,V,C,V,84.86,84.86
07/01/2024,09:00,[08:45-09:00[,S,F,V,C,V,84.86,84.86
07/01/2024,09:15,[09:00-09:15[,S,F,V,P,V,61.00,61.00
07/01/2024,09:30,[09:15-09:30[,S,F,V,P,V,61.00,61.00
07/01/2024,09:45,[09:30-09:45[,S,F,V,P,V,61.00,61.00
07/01/2024,10:00,[09:45-10:00[,S,F,V,P,V,61.00,61.00
07/01/2024,10:15,[10:00-10:15[,S,F,V,P,V,55.87,55.87
07/01/2024,10:30,[10:15-10:30[,S,F,V,P,V,55.87,55.87
07/01/2024,10:45,[10:30-10:45[,S,F,V,C,V,55.87,55.87
07/01/2024,11:00,[10:45-11:00[,S,F,V,C,V,55.87,55.87
07/01/2024,11:15,[11:00-11:15[,S,F,V,C,V,50.60,50.60
07/01/2024,11:30,[11:15-11:30[,S,F,V,C,V,50.60,50.60
07/01/2024,11:45,[11:30-11:45[,S,F,V,C,V,50.60,50.60
07/01/2024,12:00,[11:45-12:00[,S,F,V,C,V,50.60,50.60
07/01/2024,12:15,[12:00-12:15[,S,F,V,C,V,51.77,51.77
07/01/2024,12:30,[12:15-12:30[,S,F,V,C,V,51.77,51.77
07/01/2024,12:45,[12:30-12:45[,S,F,V,C,V,51.77,51.77
07/01/2024,13:00,[12:45-13:00[,S,F,V,C,V,51.77,51.77
07/01/2024,13:15,[13:00-13:15[,S,F,V,C,V,49.98,49.98
07/01/2024,13:30,[13:15-13:30[,S,F,V,C,V,49.98,49.98
07/01/2024,13:45,[13:30-13:45[,S,F,V,C,V,49.98,49.98
07/01/2024,14:00,[13:45-14:00[,S,F,V,C,V,49.98,49.98
07/01/2024,14:15,[14:00-14:15[,S,F,V,C,V,45.57,45.57
07/01/2024,14:30,[14:15-14:30[,S,F,V,C,V,45.57,45.57
07/01/2024,14:45,[14:30-14:45[,S,F,V,C,V,45.57,45.57
07/01/2024,15:00,[14:45-15:00[,S,F,V,C,V,45.57,45.57
07/01/2024,15:15,[15:00-15:15[,S,F,V,C,V,60.00,60.00
07/01/2024,15:30,[15:15-15:30[,S,F,V,C,V,60.00,60.00
07/01/2024,15:45,[15:30-15:45[,S,F,V,C,V,60.00,60.00
07/01/2024,16:00,[15:45-16:00[,S,F,V,C,V,60.00,60.00
07/01/2024,16:15,[16:00-16:15[,S,F,V,C,V,92.05,92.05
07/01/2024,16:30,[16:15-16:30[,S,F,V,C,V,92.05,92.05
07/01/2024,16:45,[16:30-16:45[,S,F,V,C,V,92.05,92.05
07/01/2024,17:00,[16:45-17:00[,S,F,V,C,V,92.05,92.05
07/01/2024,17:15,[17:00-17:15[,S,F,V,C,V,104.85,104.85
07/01/2024,17:30,[17:15-17:30[,S,F,V,C,V,104.85,104.85
07/01/2024,17:45,[17:30-17:45[,S,F,V,C,V,104.85,104.85
07/01/2024,18:00,[17:45-18:00[,S,F,V,C,V,104.85,104.85
07/01/2024,18:15,[18:00-18:15[,S,F,V,P,V,103.55,103.55
07/01/2024,18:30,[18:15-18:30[,S,F,V,P,V,103.55,103.55
07/01/2024,18:45,[18:30-18:45[,S,F,V,P,V,103.55,103.55
07/01/2024,19:00,[18:45-19:00[,S,F,V,P,V,103.55,103.55
07/01/2024,19:15,[19:00-19:15[,S,F,V,P,V,100.50,100.50
07/01/2024,19:30,[19:15-19:30[,S,F,V,P,V,100.50,100.50
07/01/2024,19:45,[19:30-19:45[,S,F,V,P,V,100.50,100.50
07/01/2024,20:00,[19:45-20:00[,S,F,V,P,V,100.50,100.50
07/01/2024,20:15,[20:00-20:15[,S,F,V,P,V,95.89,95.89
07/01/2024,20:30,[20:15-20:30[,S,F,V,P,V,95.89,95.89
07/01/2024,20:45,[20:30-20:45[,S,F,V,C,V,95.89,95.89
07/01/2024,21:00,[20:45-21:00[,S,F,V,C,V,95.89,95.89
07/01/2024,21:15,[21:00-21:15[,S,F,V,C,V,91.17,91.17
07/01/2024,21:30,[21:15-21:30[,S,F,V,C,V,91.17,91.17
07/01/2024,21:45,[21:30-21:45[,S,F,V,C,V,91.17,91.17
07/01/2024,22:00,[21:45-22:00[,S,F,V,C,V,91.17,91.17
07/01/2024,22:15,[22:00-22:15[,S,V,V,V,V,83.86,83.86
07/01/2024,22:30,[22:15-22:30[,S,V,V,V,V,83.86,83.86
07/01/2024,22:45,[22:30-22:45[,S,V,V,V,V,83.86,83.86
07/01/2024,23:00,[22:45-23:00[,S,V,V,V,V,83.86,83.86
07/01/2024,23:15,[23:00-23:15[,S,V,V,V,V,90.35,86.97
07/01/2024,23:30,[23:15-23:30[,S,V,V,V,V,90.35,86.97
07/01/2024,23:45,[23:30-23:45[,S,V,V,V,V,90.35,86.97
07/01/2024,23:59,[23:45-00:00[,S,V,V,V,V,90.35,86.97
08/01/2024,00:15,[00:00-00:15[,S,V,V,V,V,89.80,84.18
08/01/2024,00:30,[00:15-00:30[,S,V,V,V,V,89.80,84.18
08/01/2024,00:45,[00:30-00:45[,S,V,V,V,V,89.80,84.18
08/01/2024,01:00,[00:45-01:00[,S,V,V,V,V,89.80,84.18
08/01/2024,01:15,[01:00-01:15[,S,V,V,V,V,88.20,81.53
08/01/2024,01:30,[01:15-01:30[,S,V,V,V,V,88.20,81.53
08/01/2024,01:45,[01:30-01:45[,S,V,V,V,V,88.20,81.53
08/01/2024,02:00,[01:45-02:00[,S,V,V,V,V,88.20,81.53
08/01/2024,02:15,[02:00-02:15[,S,V,V,V,V,78.79,78.79
08/01/2024,02:30,[02:15-02:30[,S,V,V,V,V,78.79,78.79
08/01/2024,02:45,[02:30-02:45[,S,V,V,V,V,78.79,78.79
08/01/2024,03:00,[02:45-03:00[,S,V,V,V,V,78.79,78.79
08/01/2024,03:15,[03:00-03:15[,S,V,V,V,V,78.43,78.43
08/01/2024,03:30,[03:15-03:30[,S,V,V,V,V,78.43,78.43
08/01/2024,03:45,[03:30-03:45[,S,V,V,V,V,78.43,78.43
08/01/2024,04:00,[03:45-04:00[,S,V,V,V,V,78.43,78.43
08/01/2024,04:15,[04:00-04:15[,S,V,V,V,V,82.10,82.10
08/01/2024,04:30,[04:15-04:30[,S,V,V,V,V,82.10,82.10
08/01/2024,04:45,[04:30-04:45[,S,V,V,V,V,82.10,82.10
08/01/2024,05:00,[04:45-05:00[,S,V,V,V,V,82.10,82.10
08/01/2024,05:15,[05:00-05:15[,S,V,V,V,V,94.30,94.30
08/01/2024,05:30,[05:15-05:30[,S,V,V,V,V,94.30,94.30
08/01/2024,05:45,[05:30-05:45[,S,V,V,V,V,94.30,94.30
08/01/2024,06:00,[05:45-06:00[,S,V,V,V,V,94.30,94.30
08/01/2024,06:15,[06:00-06:15[,S,V,V,V,V,111.07,111.07
08/01/2024,06:30,[06:15-06:30[,S,V,V,V,V,111.07,111.07
08/01/2024,06:45,[06:30-06:45[,S,V,V,V,V,111.07,111.07
08/01/2024,07:00,[06:45-07:00[,S,V,V,V,V,111.07,111.07
08/01/2024,07:15,[07:00-07:15[,S,V,F,V,C,120.40,120.40
08/01/2024,07:30,[07:15-07:30[,S,V,F,V,C,120.40,120.40
08/01/2024,07:45,[07:30-07:45[,S,V,F,V,C,120.40,120.40
08/01/2024,08:00,[07:45-08:00[,S,V,F,V,C,120.40,120.40
08/01/2024,08:15,[08:00-08:15[,S,F,F,C,C,116.98,116.98
08/01/2024,08:30,[08:15-08:30[,S,F,F,C,C,116.98,116.98
08/01/2024,08:45,[08:30-08:45[,S,F,F,C,C,116.98,116.98
08/01/2024,09:00,[08:45-09:00[,S,F,F,C,C,116.98,116.98
08/01/2024,09:15,[09:00-09:15[,S,F,F,P,C,110.57,110.57
08/01/2024,09:30,[09:15-09:30[,S,F,F,P,C,110.57,110.57
08/01/2024,09:45,[09:30-09:45[,S,F,F,P,P,110.57,110.57
08/01/2024,10:00,[09:45-10:00[,S,F,F,P,P,110.57,110.57
08/01/2024,10:15,[10:00-10:15[,S,F,F,P,P,103.00,103.00
08/01/2024,10:30,[10:15-10:30[,S,F,F,P,P,103.00,103.00
08/01/2024,10:45,[10:30-10:45[,S,F,F,C,P,103.00,103.00
08/01/2024,11:00,[10:45-11:00[,S,F,F,C,P,103.00,103.00
08/01/2024,11:15,[11:00-11:15[,S,F,F,C,P,95.46,95.46
08/01/2024,11:30,[11:15-11:30[,S,F,F,C,P,95.46,95.46
08/01/2024,11:45,[11:30-11:45[,S,F,F,C,P,95.46,95.46
08/01/2024,12:00,[11:45-12:00[,S,F,F,C,P,95.46,95.46
08/01/2024,12:15,[12:00-12:15[,S,F,F,C,C,93.88,93.88
08/01/2024,12:30,[12:15-12:30[,S,F,F,C,C,93.88,93.88
08/01/2024,12:45,[12:30-12:45[,S,F,F,C,C,93.88,93.88
08/01/2024,13:00,[12:45-13:00[,S,F,F,C,C,93.88,93.88
08/01/2024,13:15,[13:00-13:15[,S,F,F,C,C,100.00,100.00
08/01/2024,13:30,[13:15-13:30[,S,F,F,C,C,100.00,100.00
08/01/2024,13:45,[13:30-13:45[,S,F,F,C,C,100.00,100.00
08/01/2024,14:00,[13:45-14:00[,S,F,F,C,C,100.00,100.00
08/01/2024,14:15,[14:00-14:15[,S,F,F,C,C,107.98,107.98
08/01/2024,14:30,[14:15-14:30[,S,F,F,C,C,107.98,107.98
08/01/2024,14:45,[14:30-14:45[,S,F,F,C,C,107.98,107.98
08/01/2024,15:00,[14:45-15:00[,S,F,F,C,C,107.98,107.98
08/01/2024,15:15,[15:00-15:15[,S,F,F,C,C,115.27,115.27
08/01/2024,15:30,[15:15-15:30[,S,F,F,C,C,115.27,115.27
08/01/2024,15:45,[15:30-15:45[,S,F,F,C,C,115.27,115.27
08/01/2024,16:00,[15:45-16:00[,S,F,F,C,C,115.27,115.27
08/01/2024,16:15,[16:00-16:15[,S,F,F,C,C,125.17,125.17
08/01/2024,16:30,[16:15-16:30[,S,F,F,C,C,125.17,125.17
08/01/2024,16:45,[16:30-16:45[,S,F,F,C,C,125.17,125.17
08/01/2024,17:00,[16:45-17:00[,S,F,F,C,C,125.17,125.17
08/01/2024,17:15,[17:00-17:15[,S,F,F,C,C,129.99,129.99
08/01/2024,17:30,[17:15-17:30[,S,F,F,C,C,129.99,129.99
08/01/2024,17:45,[17:30-17:45[,S,F,F,C,C,129.99,129.99
08/01/2024,18:00,[17:45-18:00[,S,F,F,C,C,129.99,129.99
08/01/2024,18:15,[18:00-18:15[,S,F,F,P,C,130.00,130.00
08/01/2024,18:30,[18:15-18:30[,S,F,F,P,C,130.00,130.00
08/01/2024,18:45,[18:30-18:45[,S,F,F,P,P,130.00,130.00
08/01/2024,19:00,[18:45-19:00[,S,F,F,P,P,130.00,130.00
08/01/2024,19:15,[19:00-19:15[,S,F,F,P,P,133.28,133.28
08/01/2024,19:30,[19:15-19:30[,S,F,F,P,P,133.28,133.28
08/01/2024,19:45,[19:30-19:45[,S,F,F,P,P,133.28,133.28
08/01/2024,20:00,[19:45-20:00[,S,F,F,P,P,133.28,133.28
08/01/2024,20:15,[20:00-20:15[,S,F,F,P,P,129.47,129.47
08/01/2024,20:30,[20:15-20:30[,S,F,F,P,P,129.47,129.47
08/01/2024,20:45,[20:30-20:45[,S,F,F,C,P,129.47,129.47
08/01/2024,21:00,[20:45-21:00[,S,F,F,C,P,129.47,129.47
08/01/2024,21:15,[21:00-21:15[,S,F,F,C,C,115.42,115.42
08/01/2024,21:30,[21:15-21:30[,S,F,F,C,C,115.42,115.42
08/01/2024,21:45,[21:30-21:45[,S,F,F,C,C,115.42,115.42
08/01/2024,22:00,[21:45-22:00[,S,F,F,C,C,115.42,115.42
08/01/2024,22:15,[22:00-22:15[,S,V,F,V,C,107.98,107.98
08/01/2024,22:30,[22:15-22:30[,S,V,F,V,C,107.98,107.98
08/01/2024,22:45,[22:30-22:45[,S,V,F,V,C,107.98,107.98
08/01/2024,23:00,[22:45-23:00[,S,V,F,V,C,107.98,107.98
08/01/2024,23:15,[23:00-23:15[,S,V,F,V,C,98.92,98.92
08/01/2024,23:30,[23:15-23:30[,S,V,F,V,C,98.92,98.92
08/01/2024,23:45,[23:30-23:45[,S,V,F,V,C,98.92,98.92
08/01/2024,23:59,[23:45-00:00[,S,V,F,V,C,98.92,98.92
09/01/2024,00:15,[00:00-00:15[,S,V,V,V,V,100.00,100.00
09/01/2024,00:30,[00:15-00:30[,S,V,V,V,V,100.00,100.00
09/01/2024,00:45,[00:30-00:45[,S,V,V,V,V,100.00,100.00
09/01/2024,01:00,[00:45-01:00[,S,V,V,V,V,100.00,100.00
09/01/2024,01:15,[01:00-01:15[,S,V,V,V,V,98.43,98.43
09/01/2024,01:30,[01:15-01:30[,S,V,V,V,V,98.43,98.43
09/01/2024,01:45,[01:30-01:45[,S,V,V,V,V,98.43,98.43
09/01/2024,02:00,[01:45-02:00[,S,V,V,V,V,98.43,98.43
09/01/2024,02:15,[02:00-02:15[,S,V,V,V,V,98.62,98.62
09/01/2024,02:30,[02:15-02:30[,S,V,V,V,V,98.62,98.62
09/01/2024,02:45,[02:30-02:45[,S,V,V,V,V,98.62,98.62
09/01/2024,03:00,[02:45-03:00[,S,V,V,V,V,98.62,98.62
09/01/2024,03:15,[03:00-03:15[,S,V,V,V,V,97.15,97.15
09/01/2024,03:30,[03:15-03:30[,S,V,V,V,V,97.15,97.15
09/01/2024,03:45,[03:30-03:45[,S,V,V,V,V,97.15,97.15
09/01/2024,04:00,[03:45-04:00[,S,V,V,V,V,97.15,97.15
09/01/2024,04:15,[04:00-04:15[,S,V,V,V,V,97.53,97.53
09/01/2024,04:30,[04:15-04:30[,S,V,V,V,V,97.53,97.53
09/01/2024,04:45,[04:30-04:45[,S,V,V,V,V,97.53,97.53
09/01/2024,05:00,[04:45-05:00[,S,V,V,V,V,97.53,97.53
09/01/2024,05:15,[05:00-05:15[,S,V,V,V,V,102.79,102.79
09/01/2024,05:30,[05:15-05:30[,S,V,V,V,V,102.79,102.79
09/01/2024,05:45,[05:30-05:45[,S,V,V,V,V,102.79,102.79
09/01/2024,06:00,[05:45-06:00[,S,V,V,V,V,102.79,102.79
09/01/2024,06:15,[06:00-06:15[,S,V,V,V,V,108.28,108.28
09/01/2024,06:30,[06:15-06:30[,S,V,V,V,V,108.28,108.28
09/01/2024,06:45,[06:30-06:45[,S,V,V,V,V,108.28,108.28
09/01/2024,07:00,[06:45-07:00[,S,V,V,V,V,108.28,108.28
09/01/2024,07:15,[07:00-07:15[,S,V,F,V,C,122.55,122.55
09/01/2024,07:30,[07:15-07:30[,S,V,F,V,C,122.55,122.55
09/01/2024,07:45,[07:30-07:45[,S,V,F,V,C,122.55,122.55
09/01/2024,08:00,[07:45-08:00[,S,V,F,V,C,122.55,122.55
09/01/2024,08:15,[08:00-08:15[,S,F,F,C,C,120.75,120.75
09/01/2024,08:30,[08:15-08:30[,S,F,F,C,C,120.75,120.75
09/01/2024,08:45,[08:30-08:45[,S,F,F,C,C,120.75,120.75
09/01/2024,09:00,[08:45-09:00[,S,F,F,C,C,120.75,120.75
09/01/2024,09:15,[09:00-09:15[,S,F,F,P,C,110.32,110.32
09/01/2024,09:30,[09:15-09:30[,S,F,F,P,C,110.32,110.32
09/01/2024,09:45,[09:30-09:45[,S,F,F,P,P,110.32,110.32
09/01/2024,10:00,[09:45-10:00[,S,F,F,P,P,110.32,110.32
09/01/2024,10:15,[10:00-10:15[,S,F,F,P,P,107.67,107.67
09/01/2024,10:30,[10:15-10:30[,S,F,F,P,P,107.67,107.67
09/01/2024,10:45,[10:30-10:45[,S,F,F,C,P,107.67,107.67
09/01/2024,11:00,[10:45-11:00[,S,F,F,C,P,107.67,107.67
09/01/2024,11:15,[11:00-11:15[,S,F,F,C,P,107.01,107.01
09/01/2024,11:30,[11:15-11:30[,S,F,F,C,P,107.01,107.01
09/01/2024,11:45,[11:30-11:45[,S,F,F,C,P,107.01,107.01
09/01/2024,12:00,[11:45-12:00[,S,F,F,C,P,107.01,107.01
09/01/2024,12:15,[12:00-12:15[,S,F,F,C,C,106.48,106.48
09/01/2024,12:30,[12:15-12:30[,S,F,F,C,C,106.48,106.48
09/01/2024,12:45,[12:30-12:45[,S,F,F,C,C,106.48,106.48
09/01/2024,13:00,[12:45-13:00[,S,F,F,C,C,106.48,106.48
09/01/2024,13:15,[13:00-13:15[,S,F,F,C,C,107.07,107.07
09/01/2024,13:30,[13:15-13:30[,S,F,F,C,C,107.07,107.07
09/01/2024,13:45,[13:30-13:45[,S,F,F,C,C,107.07,107.07
09/01/2024,14:00,[13:45-14:00[,S,F,F,C,C,107.07,107.07
09/01/2024,14:15,[14:00-14:15[,S,F,F,C,C,114.75,114.75
09/01/2024,14:30,[14:15-14:30[,S,F,F,C,C,114.75,114.75
09/01/2024,14:45,[14:30-14:45[,S,F,F,C,C,114.75,114.75
09/01/2024,15:00,[14:45-15:00[,S,F,F,C,C,114.75,114.75
09/01/2024,15:15,[15:00-15:15[,S,F,F,C,C,124.29,124.29
09/01/2024,15:30,[15:15-15:30[,S,F,F,C,C,124.29,124.29
09/01/2024,15:45,[15:30-15:45[,S,F,F,C,C,124.29,124.29
09/01/2024,16:00,[15:45-16:00[,S,F,F,C,C,124.29,124.29
09/01/2024,16:15,[16:00-16:15[,S,F,F,C,C,137.35,137.35
09/01/2024,16:30,[16:15-16:30[,S,F,F,C,C,137.35,137.35
09/01/2024,16:45,[16:30-16:45[,S,F,F,C,C,137.35,137.35
09/01/2024,17:00,[16:45-17:00[,S,F,F,C,C,137.35,137.35
09/01/2024,17:15,[17:00-17:15[,S,F,F,C,C,137.00,137.00
09/01/2024,17:30,[17:15-17:30[,S,F,F,C,C,137.00,137.00
09/01/2024,17:45,[17:30-17:45[,S,F,F,C,C,137.00,137.00
09/01/2024,18:00,[17:45-18:00[,S,F,F,C,C,137.00,137.00
09/01/2024,18:15,[18:00-18:15[,S,F,F,P,C,138.95,138.95
09/01/2024,18:30,[18:15-18:30[,S,F,F,P,C,138.95,138.95
09/01/2024,18:45,[18:30-18:45[,S,F,F,P,P,138.95,138.95
09/01/2024,19:00,[18:45-19:00[,S,F,F,P,P,138.95,138.95
09/01/2024,19:15,[19:00-19:15[,S,F,F,P,P,148.01,148.01
09/01/2024,19:30,[19:15-19:30[,S,F,F,P,P,148.01,148.01
09/01/2024,19:45,[19:30-19:45[,S,F,F,P,P,148.01,148.01
09/01/2024,20:00,[19:45-20:00[,S,F,F,P,P,148.01,148.01
09/01/2024,20:15,[20:00-20:15[,S,F,F,P,P,130.00,130.00
09/01/2024,20:30,[20:15-20:30[,S,F,F,P,P,130.00,130.00
09/01/2024,20:45,[20:30-20:45[,S,F,F,C,P,130.00,130.00
09/01/2024,21:00,[20:45-21:00[,S,F,F,C,P,130.00,130.00
09/01/2024,21:15,[21:00-21:15[,S,F,F,C,C,111.86,111.86
09/01/2024,21:30,[21:15-21:30[,S,F,F,C,C,111.86,111.86
09/01/2024,21:45,[21:30-21:45[,S,F,F,C,C,111.86,111.86
09/01/2024,22:00,[21:45-22:00[,S,F,F,C,C,111.86,111.86
09/01/2024,22:15,[22:00-22:15[,S,V,F,V,C,106.11,106.11
09/01/2024,22:30,[22:15-22:30[,S,V,F,V,C,106.11,106.11
09/01/2024,22:45,[22:30-22:45[,S,V,F,V,C,106.11,106.11
09/01/2024,23:00,[22:45-23:00[,S,V,F,V,C,106.11,106.11
09/01/2024,23:15,[23:00-23:15[,S,V,F,V,C,92.33,92.33
09/01/2024,23:30,[23:15-23:30[,S,V,F,V,C,92.33,92.33
09/01/2024,23:45,[23:30-23:45[,S,V,F,V,C,92.33,92.33
09/01/2024,23:59,[23:45-00:00[,S,V,F,V,C,92.33,92.33
10/01/2024,00:15,[00:00-00:15[,S,V,V,V,V,90.12,90.12
10/01/2024,00:30,[00:15-00:30[,S,V,V,V,V,90.12,90.12
10/01/2024,00:45,[00:30-00:45[,S,V,V,V,V,90.12,90.12
10/01/2024,01:00,[00:45-01:00[,S,V,V,V,V,90.12,90.12
10/01/2024,01:15,[01:00-01:15[,S,V,V,V,V,87.01,87.01
10/01/2024,01:30,[01:15-01:30[,S,V,V,V,V,87.01,87.01
10/01/2024,01:45,[01:30-01:45[,S,V,V,V,V,87.01,87.01
10/01/2024,02:00,[01:45-02:00[,S,V,V,V,V,87.01,87.01
10/01/2024,02:15,[02:00-02:15[,S,V,V,V,V,85.80,85.80
10/01/2024,02:30,[02:15-02:30[,S,V,V,V,V,85.80,85.80
10/01/2024,02:45,[02:30-02:45[,S,V,V,V,V,85.80,85.80
10/01/2024,03:00,[02:45-03:00[,S,V,V,V,V,85.80,85.80
10/01/2024,03:15,[03:00-03:15[,S,V,V,V,V,85.00,85.00
10/01/2024,03:30,[03:15-03:30[,S,V,V,V,V,85.00,85.00
10/01/2024,03:45,[03:30-03:45[,S,V,V,V,V,85.00,85.00
10/01/2024,04:00,[03:45-04:00[,S,V,V,V,V,85.00,85.00
10/01/2024,04:15,[04:00-04:15[,S,V,V,V,V,86.30,86.30
10/01/2024,04:30,[04:15-04:30[,S,V,V,V,V,86.30,86.30
10/01/2024,04:45,[04:30-04:45[,S,V,V,V,V,86.30,86.30
10/01/2024,05:00,[04:45-05:00[,S,V,V,V,V,86.30,86.30
10/01/2024,05:15,[05:00-05:15[,S,V,V,V,V,95.00,95.00
10/01/2024,05:30,[05:15-05:30[,S,V,V,V,V,95.00,95.00
10/01/2024,05:45,[05:30-05:45[,S,V,V,V,V,95.00,95.00
10/01/2024,06:00,[05:45-06:00[,S,V,V,V,V,95.00,95.00
10/01/2024,06:15,[06:00-06:15[,S,V,V,V,V,103.94,103.94
10/01/2024,06:30,[06:15-06:30[,S,V,V,V,V,103.94,103.94
10/01/2024,06:45,[06:30-06:45[,S,V,V,V,V,103.94,103.94
10/01/2024,07:00,[06:45-07:00[,S,V,V,V,V,103.94,103.94
10/01/2024,07:15,[07:00-07:15[,S,V,F,V,C,121.40,121.40
10/01/2024,07:30,[07:15-07:30[,S,V,F,V,C,121.40,121.40
10/01/2024,07:45,[07:30-07:45[,S,V,F,V,C,121.40,121.40
10/01/2024,08:00,[07:45-08:00[,S,V,F,V,C,121.40,121.40
10/01/2024,08:15,[08:00-08:15[,S,F,F,C,C,121.40,121.40
10/01/2024,08:30,[08:15-08:30[,S,F,F,C,C,121.40,121.40
10/01/2024,08:45,[08:30-08:45[,S,F,F,C,C,121.40,121.40
10/01/2024,09:00,[08:45-09:00[,S,F,F,C,C,121.40,121.40
10/01/2024,09:15,[09:00-09:15[,S,F,F,P,C,105.38,105.38
10/01/2024,09:30,[09:15-09:30[,S,F,F,P,C,105.38,105.38
10/01/2024,09:45,[09:30-09:45[,S,F,F,P,P,105.38,105.38
10/01/2024,10:00,[09:45-10:00[,S,F,F,P,P,105.38,105.38
10/01/2024,10:15,[10:00-10:15[,S,F,F,P,P,102.97,102.97
10/01/2024,10:30,[10:15-10:30[,S,F,F,P,P,102.97,102.97
10/01/2024,10:45,[10:30-10:45[,S,F,F,C,P,102.97,102.97
10/01/2024,11:00,[10:45-11:00[,S,F,F,C,P,102.97,102.97
10/01/2024,11:15,[11:00-11:15[,S,F,F,C,P,99.99,99.99
10/01/2024,11:30,[11:15-11:30[,S,F,F,C,P,99.99,99.99
10/01/2024,11:45,[11:30-11:45[,S,F,F,C,P,99.99,99.99
10/01/2024,12:00,[11:45-12:00[,S,F,F,C,P,99.99,99.99
10/01/2024,12:15,[12:00-12:15[,S,F,F,C,C,98.50,98.50
10/01/2024,12:30,[12:15-12:30[,S,F,F,C,C,98.50,98.50
10/01/2024,12:45,[12:30-12:45[,S,F,F,C,C,98.50,98.50
10/01/2024,13:00,[12:45-13:00[,S,F,F,C,C,98.50,98.50
10/01/2024,13:15,[13:00-13:15[,S,F,F,C,C,94.76,94.76
10/01/2024,13:30,[13:15-13:30[,S,F,F,C,C,94.76,94.76
10/01/2024,13:45,[13:30-13:45[,S,F,F,C,C,94.76,94.76
10/01/2024,14:00,[13:45-14:00[,S,F,F,C,C,94.76,94.76
10/01/2024,14:15,[14:00-14:15[,S,F,F,C,C,94.73,94.73
10/01/2024,14:30,[14:15-14:30[,S,F,F,C,C,94.73,94.73
10/01/2024,14:45,[14:30-14:45[,S,F,F,C,C,94.73,94.73
10/01/2024,15:00,[14:45-15:00[,S,F,F,C,C,94.73,94.73
10/01/2024,15:15,[15:00-15:15[,S,F,F,C,C,99.37,99.37
10/01/2024,15:30,[15:15-15:30[,S,F,F,C,C,99.37,99.37
10/01/2024,15:45,[15:30-15:45[,S,F,F,C,C,99.37,99.37
10/01/2024,16:00,[15:45-16:00[,S,F,F,C,C,99.37,99.37
10/01/2024,16:15,[16:00-16:15[,S,F,F,C,C,102.70,102.70
10/01/2024,16:30,[16:15-16:30[,S,F,F,C,C,102.70,102.70
10/01/2024,16:45,[16:30-16:45[,S,F,F,C,C,102.70,102.70
10/01/2024,17:00,[16:45-17:00[,S,F,F,C,C,102.70,102.70
10/01/2024,17:15,[17:00-17:15[,S,F,F,C,C,111.29,111.29
10/01/2024,17:30,[17:15-17:30[,S,F,F,C,C,111.29,111.29
10/01/2024,17:45,[17:30-17:45[,S,F,F,C,C,111.29,111.29
10/01/2024,18:00,[17:45-18:00[,S,F,F,C,C,111.29,111.29
10/01/2024,18:15,[18:00-18:15[,S,F,F,P,C,121.40,121.40
10/01/2024,18:30,[18:15-18:30[,S,F,F,P,C,121.40,121.40
10/01/2024,18:45,[18:30-18:45[,S,F,F,P,P,121.40,121.40
10/01/2024,19:00,[18:45-19:00[,S,F,F,P,P,121.40,121.40
10/01/2024,19:15,[19:00-19:15[,S,F,F,P,P,120.00,120.00
10/01/2024,19:30,[19:15-19:30[,S,F,F,P,P,120.00,120.00
10/01/2024,19:45,[19:30-19:45[,S,F,F,P,P,120.00,120.00
10/01/2024,20:00,[19:45-20:00[,S,F,F,P,P,120.00,120.00
10/01/2024,20:15,[20:00-20:15[,S,F,F,P,P,107.71,107.71
10/01/2024,20:30,[20:15-20:30[,S,F,F,P,P,107.71,107.71
10/01/2024,20:45,[20:30-20:45[,S,F,F,C,P,107.71,107.71
10/01/2024,21:00,[20:45-21:00[,S,F,F,C,P,107.71,107.71
10/01/2024,21:15,[21:00-21:15[,S,F,F,C,C,101.32,101.32
10/01/2024,21:30,[21:15-21:30[,S,F,F,C,C,101.32,101.32
10/01/2024,21:45,[21:30-21:45[,S,F,F,C,C,101.32,101.32
10/01/2024,22:00,[21:45-22:00[,S,F,F,C,C,101.32,101.32
10/01/2024,22:15,[22:00-22:15[,S,V,F,V,C,92.68,92.68
10/01/2024,22:30,[22:15-22:30[,S,V,F,V,C,92.68,92.68
10/01/2024,22:45,[22:30-22:45[,S,V,F,V,C,92.68,92.68
10/01/2024,23:00,[22:45-23:00[,S,V,F,V,C,92.68,92.68
10/01/2024,23:15,[23:00-23:15[,S,V,F,V,C,91.75,91.75
10/01/2024,23:30,[23:15-23:30[,S,V,F,V,C,91.75,91.75
10/01/2024,23:45,[23:30-23:45[,S,V,F,V,C,91.75,91.75
10/01/2024,23:59,[23:45-00:00[,S,V,F,V,C,91.75,91.75
11/01/2024,00:15,[00:00-00:15[,S,V,V,V,V,86.18,86.18
11/01/2024,00:30,[00:15-00:30[,S,V,V,V,V,86.18,86.18
11/01/2024,00:45,[00:30-00:45[,S,V,V,V,V,86.18,86.18
11/01/2024,01:00,[00:45-01:00[,S,V,V,V,V,86.18,86.18
11/01/2024,01:15,[01:00-01:15[,S,V,V,V,V,82.10,82.10
11/01/2024,01:30,[01:15-01:30[,S,V,V,V,V,82.10,82.10
11/01/2024,01:45,[01:30-01:45[,S,V,V,V,V,82.10,82.10
11/01/2024,02:00,[01:45-02:00[,S,V,V,V,V,82.10,82.10
11/01/2024,02:15,[02:00-02:15[,S,V,V,V,V,80.00,80.00
11/01/2024,02:30,[02:15-02:30[,S,V,V,V,V,80.00,80.00
11/01/2024,02:45,[02:30-02:45[,S,V,V,V,V,80.00,80.00
11/01/2024,03:00,[02:45-03:00[,S,V,V,V,V,80.00,80.00
11/01/2024,03:15,[03:00-03:15[,S,V,V,V,V,79.60,79.60
11/01/2024,03:30,[03:15-03:30[,S,V,V,V,V,79.60,79.60
11/01/2024,03:45,[03:30-03:45[,S,V,V,V,V,79.60,79.60
11/01/2024,04:00,[03:45-04:00[,S,V,V,V,V,79.60,79.60
11/01/2024,04:15,[04:00-04:15[,S,V,V,V,V,81.10,81.10
11/01/2024,04:30,[04:15-04:30[,S,V,V,V,V,81.10,81.10
11/01/2024,04:45,[04:30-04:45[,S,V,V,V,V,81.10,81.10
11/01/2024,05:00,[04:45-05:00[,S,V,V,V,V,81.10,81.10
11/01/2024,05:15,[05:00-05:15[,S,V,V,V,V,85.91,85.91
11/01/2024,05:30,[05:15-05:30[,S,V,V,V,V,85.91,85.91
11/01/2024,05:45,[05:30-05:45[,S,V,V,V,V,85.91,85.91
11/01/2024,06:00,[05:45-06:00[,S,V,V,V,V,85.91,85.91
11/01/2024,06:15,[06:00-06:15[,S,V,V,V,V,102.05,102.05
11/01/2024,06:30,[06:15-06:30[,S,V,V,V,V,102.05,102.05
11/01/2024,06:45,[06:30-06:45[,S,V,V,V,V,102.05,102.05
11/01/2024,07:00,[06:45-07:00[,S,V,V,V,V,102.05,102.05
11/01/2024,07:15,[07:00-07:15[,S,V,F,V,C,113.84,113.84
11/01/2024,07:30,[07:15-07:30[,S,V,F,V,C,113.84,113.84
11/01/2024,07:45,[07:30-07:45[,S,V,F,V,C,113.84,113.84
11/01/2024,08:00,[07:45-08:00[,S,V,F,V,C,113.84,113.84
11/01/2024,08:15,[08:00-08:15[,S,F,F,C,C,110.00,110.00
11/01/2024,08:30,[08:15-08:30[,S,F,F,C,C,110.00,110.00
11/01/2024,08:45,[08:30-08:45[,S,F,F,C,C,110.00,110.00
11/01/2024,09:00,[08:45-09:00[,S,F,F,C,C,110.00,110.00
11/01/2024,09:15,[09:00-09:15[,S,F,F,P,C,97.63,97.63
11/01/2024,09:30,[09:15-09:30[,S,F,F,P,C,97.63,97.63
11/01/2024,09:45,[09:30-09:45[,S,F,F,P,P,97.63,97.63
11/01/2024,10:00,[09:45-10:00[,S,F,F,P,P,97.63,97.63
11/01/2024,10:15,[10:00-10:15[,S,F,F,P,P,86.18,86.18
11/01/2024,10:30,[10:15-10:30[,S,F,F,P,P,86.18,86.18
11/01/2024,10:45,[10:30-10:45[,S,F,F,C,P,86.18,86.18
11/01/2024,11:00,[10:45-11:00[,S,F,F,C,P,86.18,86.18
11/01/2024,11:15,[11:00-11:15[,S,F,F,C,P,83.89,83.89
11/01/2024,11:30,[11:15-11:30[,S,F,F,C,P,83.89,83.89
11/01/2024,11:45,[11:30-11:45[,S,F,F,C,P,83.89,83.89
11/01/2024,12:00,[11:45-12:00[,S,F,F,C,P,83.89,83.89
11/01/2024,12:15,[12:00-12:15[,S,F,F,C,C,82.18,82.18
11/01/2024,12:30,[12:15-12:30[,S,F,F,C,C,82.18,82.18
11/01/2024,12:45,[12:30-12:45[,S,F,F,C,C,82.18,82.18
11/01/2024,13:00,[12:45-13:00[,S,F,F,C,C,82.18,82.18
11/01/2024,13:15,[13:00-13:15[,S,F,F,C,C,83.00,83.00
11/01/2024,13:30,[13:15-13:30[,S,F,F,C,C,83.00,83.00
11/01/2024,13:45,[13:30-13:45[,S,F,F,C,C,83.00,83.00
11/01/2024,14:00,[13:45-14:00[,S,F,F,C,C,83.00,83.00
11/01/2024,14:15,[14:00-14:15[,S,F,F,C,C,85.00,85.00
11/01/2024,14:30,[14:15-14:30[,S,F,F,C,C,85.00,85.00
11/01/2024,14:45,[14:30-14:45[,S,F,F,C,C,85.00,85.00
11/01/2024,15:00,[14:45-15:00[,S,F,F,C,C,85.00,85.00
11/01/2024,15:15,[15:00-15:15[,S,F,F,C,C,97.63,97.63
11/01/2024,15:30,[15:15-15:30[,S,F,F,C,C,97.63,97.63
11/01/2024,15:45,[15:30-15:45[,S,F,F,C,C,97.63,97.63
11/01/2024,16:00,[15:45-16:00[,S,F,F,C,C,97.63,97.63
11/01/2024,16:15,[16:00-16:15[,S,F,F,C,C,118.50,118.50
11/01/2024,16:30,[16:15-16:30[,S,F,F,C,C,118.50,118.50
11/01/2024,16:45,[16:30-16:45[,S,F,F,C,C,118.50,118.50
11/01/2024,17:00,[16:45-17:00[,S,F,F,C,C,118.50,118.50
11/01/2024,17:15,[17:00-17:15[,S,F,F,C,C,128.93,128.93
11/01/2024,17:30,[17:15-17:30[,S,F,F,C,C,128.93,128.93
11/01/2024,17:45,[17:30-17:45[,S,F,F,C,C,128.93,128.93
11/01/2024,18:00,[17:45-18:00[,S,F,F,C,C,128.93,128.93
11/01/2024,18:15,[18:00-18:15[,S,F,F,P,C,132.31,132.31
11/01/2024,18:30,[18:15-18:30[,S,F,F,P,C,132.31,132.31
11/01/2024,18:45,[18:30-18:45[,S,F,F,P,P,132.31,132.31
11/01/2024,19:00,[18:45-19:00[,S,F,F,P,P,132.31,132.31
11/01/2024,19:15,[19:00-19:15[,S,F,F,P,P,117.93,117.93
11/01/2024,19:30,[19:15-19:30[,S,F,F,P,P,117.93,117.93
11/01/2024,19:45,[19:30-19:45[,S,F,F,P,P,117.93,117.93
11/01/2024,20:00,[19:45-20:00[,S,F,F,P,P,117.93,117.93
11/01/2024,20:15,[20:00-20:15[,S,F,F,P,P,108.33,108.33
11/01/2024,20:30,[20:15-20:30[,S,F,F,P,P,108.33,108.33
11/01/2024,20:45,[20:30-20:45[,S,F,F,C,P,108.33,108.33
11/01/2024,21:00,[20:45-21:00[,S,F,F,C,P,108.33,108.33
11/01/2024,21:15,[21:00-21:15[,S,F,F,C,C,100.00,100.00
11/01/2024,21:30,[21:15-21:30[,S,F,F,C,C,100.00,100.00
11/01/2024,21:45,[21:30-21:45[,S,F,F,C,C,100.00,100.00
11/01/2024,22:00,[21:45-22:00[,S,F,F,C,C,100.00,100.00
11/01/2024,22:15,[22:00-22:15[,S,V,F,V,C,93.26,93.26
11/01/2024,22:30,[22:15-22:30[,S,V,F,V,C,93.26,93.26
11/01/2024,22:45,[22:30-22:45[,S,V,F,V,C,93.26,93.26
11/01/2024,23:00,[22:45-23:00[,S,V,F,V,C,93.26,93.26
11/01/2024,23:15,[23:00-23:15[,S,V,F,V,C,88.98,88.98
11/01/2024,23:30,[23:15-23:30[,S,V,F,V,C,88.98,88.98
11/01/2024,23:45,[23:30-23:45[,S,V,F,V,C,88.98,88.98
11/01/2024,23:59,[23:45-00:00[,S,V,F,V,C,88.98,88.98
12/01/2024,00:15,[00:00-00:15[,S,V,V,V,V,86.45,86.45
12/01/2024,00:30,[00:15-00:30[,S,V,V,V,V,86.45,86.45
12/01/2024,00:45,[00:30-00:45[,S,V,V,V,V,86.45,86.45
12/01/2024,01:00,[00:45-01:00[,S,V,V,V,V,86.45,86.45
12/01/2024,01:15,[01:00-01:15[,S,V,V,V,V,84.99,84.99
12/01/2024,01:30,[01:15-01:30[,S,V,V,V,V,84.99,84.99
12/01/2024,01:45,[01:30-01:45[,S,V,V,V,V,84.99,84.99
12/01/2024,02:00,[01:45-02:00[,S,V,V,V,V,84.99,84.99
12/01/2024,02:15,[02:00-02:15[,S,V,V,V,V,83.00,83.00
12/01/2024,02:30,[02:15-02:30[,S,V,V,V,V,83.00,83.00
12/01/2024,02:45,[02:30-02:45[,S,V,V,V,V,83.00,83.00
12/01/2024,03:00,[02:45-03:00[,S,V,V,V,V,83.00,83.00
12/01/2024,03:15,[03:00-03:15[,S,V,V,V,V,83.14,83.14
12/01/2024,03:30,[03:15-03:30[,S,V,V,V,V,83.14,83.14
12/01/2024,03:45,[03:30-03:45[,S,V,V,V,V,83.14,83.14
12/01/2024,04:00,[03:45-04:00[,S,V,V,V,V,83.14,83.14
12/01/2024,04:15,[04:00-04:15[,S,V,V,V,V,85.00,85.00
12/01/2024,04:30,[04:15-04:30[,S,V,V,V,V,85.00,85.00
12/01/2024,04:45,[04:30-04:45[,S,V,V,V,V,85.00,85.00
12/01/2024,05:00,[04:45-05:00[,S,V,V,V,V,85.00,85.00
12/01/2024,05:15,[05:00-05:15[,S,V,V,V,V,89.00,89.00
12/01/2024,05:30,[05:15-05:30[,S,V,V,V,V,89.00,89.00
12/01/2024,05:45,[05:30-05:45[,S,V,V,V,V,89.00,89.00
12/01/2024,06:00,[05:45-06:00[,S,V,V,V,V,89.00,89.00
12/01/2024,06:15,[06:00-06:15[,S,V,V,V,V,100.00,102.77
12/01/2024,06:30,[06:15-06:30[,S,V,V,V,V,100.00,102.77
12/01/2024,06:45,[06:30-06:45[,S,V,V,V,V,100.00,102.77
12/01/2024,07:00,[06:45-07:00[,S,V,V,V,V,100.00,102.77
12/01/2024,07:15,[07:00-07:15[,S,V,F,V,C,104.77,113.28
12/01/2024,07:30,[07:15-07:30[,S,V,F,V,C,104.77,113.28
12/01/2024,07:45,[07:30-07:45[,S,V,F,V,C,104.77,113.28
12/01/2024,08:00,[07:45-08:00[,S,V,F,V,C,104.77,113.28
12/01/2024,08:15,[08:00-08:15[,S,F,F,C,C,105.00,105.00
12/01/2024,08:30,[08:15-08:30[,S,F,F,C,C,105.00,105.00
12/01/2024,08:45,[08:30-08:45[,S,F,F,C,C,105.00,105.00
12/01/2024,09:00,[08:45-09:00[,S,F,F,C,C,105.00,105.00
12/01/2024,09:15,[09:00-09:15[,S,F,F,P,C,100.00,100.00
12/01/2024,09:30,[09:15-09:30[,S,F,F,P,C,100.00,100.00
12/01/2024,09:45,[09:30-09:45[,S,F,F,P,P,100.00,100.00
12/01/2024,10:00,[09:45-10:00[,S,F,F,P,P,100.00,100.00
12/01/2024,10:15,[10:00-10:15[,S,F,F,P,P,94.58,94.58
12/01/2024,10:30,[10:15-10:30[,S,F,F,P,P,94.58,94.58
12/01/2024,10:45,[10:30-10:45[,S,F,F,C,P,94.58,94.58
12/01/2024,11:00,[10:45-11:00[,S,F,F,C,P,94.58,94.58
12/01/2024,11:15,[11:00-11:15[,S,F,F,C,P,92.00,92.00
12/01/2024,11:30,[11:15-11:30[,S,F,F,C,P,92.00,92.00
12/01/2024,11:45,[11:30-11:45[,S,F,F,C,P,92.00,92.00
12/01/2024,12:00,[11:45-12:00[,S,F,F,C,P,92.00,92.00
12/01/2024,12:15,[12:00-12:15[,S,F,F,C,C,91.78,91.78
12/01/2024,12:30,[12:15-12:30[,S,F,F,C,C,91.78,91.78
12/01/2024,12:45,[12:30-12:45[,S,F,F,C,C,91.78,91.78
12/01/2024,13:00,[12:45-13:00[,S,F,F,C,C,91.78,91.78
12/01/2024,13:15,[13:00-13:15[,S,F,F,C,C,90.10,90.10
12/01/2024,13:30,[13:15-13:30[,S,F,F,C,C,90.10,90.10
12/01/2024,13:45,[13:30-13:45[,S,F,F,C,C,90.10,90.10
12/01/2024,14:00,[13:45-14:00[,S,F,F,C,C,90.10,90.10
12/01/2024,14:15,[14:00-14:15[,S,F,F,C,C,92.01,92.01
12/01/2024,14:30,[14:15-14:30[,S,F,F,C,C,92.01,92.01
12/01/2024,14:45,[14:30-14:45[,S,F,F,C,C,92.01,92.01
12/01/2024,15:00,[14:45-15:00[,S,F,F,C,C,92.01,92.01
12/01/2024,15:15,[15:00-15:15[,S,F,F,C,C,100.98,100.98
12/01/2024,15:30,[15:15-15:30[,S,F,F,C,C,100.98,100.98
12/01/2024,15:45,[15:30-15:45[,S,F,F,C,C,100.98,100.98
12/01/2024,16:00,[15:45-16:00[,S,F,F,C,C,100.98,100.98
12/01/2024,16:15,[16:00-16:15[,S,F,F,C,C,107.10,107.10
12/01/2024,16:30,[16:15-16:30[,S,F,F,C,C,107.10,107.10
12/01/2024,16:45,[16:30-16:45[,S,F,F,C,C,107.10,107.10
12/01/2024,17:00,[16:45-17:00[,S,F,F,C,C,107.10,107.10
12/01/2024,17:15,[17:00-17:15[,S,F,F,C,C,126.00,126.00
12/01/2024,17:30,[17:15-17:30[,S,F,F,C,C,126.00,126.00
12/01/2024,17:45,[17:30-17:45[,S,F,F,C,C,126.00,126.00
12/01/2024,18:00,[17:45-18:00[,S,F,F,C,C,126.00,126.00
12/01/2024,18:15,[18:00-18:15[,S,F,F,P,C,119.47,119.47
12/01/2024,18:30,[18:15-18:30[,S,F,F,P,C,119.47,119.47
12/01/2024,18:45,[18:30-18:45[,S,F,F,P,P,119.47,119.47
12/01/2024,19:00,[18:45-19:00[,S,F,F,P,P,119.47,119.47
12/01/2024,19:15,[19:00-19:15[,S,F,F,P,P,110.00,110.00
12/01/2024,19:30,[19:15-19:30[,S,F,F,P,P,110.00,110.00
12/01/2024,19:45,[19:30-19:45[,S,F,F,P,P,110.00,110.00
12/01/2024,20:00,[19:45-20:00[,S,F,F,P,P,110.00,110.00
12/01/2024,20:15,[20:00-20:15[,S,F,F,P,P,102.26,102.26
12/01/2024,20:30,[20:15-20:30[,S,F,F,P,P,102.26,102.26
12/01/2024,20:45,[20:30-20:45[,S,F,F,C,P,102.26,102.26
12/01/2024,21:00,[20:45-21:00[,S,F,F,C,P,102.26,102.26
12/01/2024,21:15,[21:00-21:15[,S,F,F,C,C,98.00,98.00
12/01/2024,21:30,[21:15-21:30[,S,F,F,C,C,98.00,98.00
12/01/2024,21:45,[21:30-21:45[,S,F,F,C,C,98.00,98.00
12/01/2024,22:00,[21:45-22:00[,S,F,F,C,C,98.00,98.00
12/01/2024,22:15,[22:00-22:15[,S,V,F,V,C,95.49,95.49
12/01/2024,22:30,[22:15-22:30[,S,V,F,V,C,95.49,95.49
12/01/2024,22:45,[22:30-22:45[,S,V,F,V,C,95.49,95.49
12/01/2024,23:00,[22:45-23:00[,S,V,F,V,C,95.49,95.49
12/01/2024,23:15,[23:00-23:15[,S,V,F,V,C,90.00,90.00
12/01/2024,23:30,[23:15-23:30[,S,V,F,V,C,90.00,90.00
12/01/2024,23:45,[23:30-23:45[,S,V,F,V,C,90.00,90.00
12/01/2024,23:59,[23:45-00:00[,S,V,F,V,C,90.00,90.00
13/01/2024,00:15,[00:00-00:15[,S,V,V,V,V,87.48,87.48
13/01/2024,00:30,[00:15-00:30[,S,V,V,V,V,87.48,87.48
13/01/2024,00:45,[00:30-00:45[,S,V,V,V,V,87.48,87.48
13/01/2024,01:00,[00:45-01:00[,S,V,V,V,V,87.48,87.48
13/01/2024,01:15,[01:00-01:15[,S,V,V,V,V,82.00,82.00
13/01/2024,01:30,[01:15-01:30[,S,V,V,V,V,82.00,82.00
13/01/2024,01:45,[01:30-01:45[,S,V,V,V,V,82.00,82.00
13/01/2024,02:00,[01:45-02:00[,S,V,V,V,V,82.00,82.00
13/01/2024,02:15,[02:00-02:15[,S,V,V,V,V,78.47,78.47
13/01/2024,02:30,[02:15-02:30[,S,V,V,V,V,78.47,78.47
13/01/2024,02:45,[02:30-02:45[,S,V,V,V,V,78.47,78.47
13/01/2024,03:00,[02:45-03:00[,S,V,V,V,V,78.47,78.47
13/01/2024,03:15,[03:00-03:15[,S,V,V,V,V,75.00,75.00
13/01/2024,03:30,[03:15-03:30[,S,V,V,V,V,75.00,75.00
13/01/2024,03:45,[03:30-03:45[,S,V,V,V,V,75.00,75.00
13/01/2024,04:00,[03:45-04:00[,S,V,V,V,V,75.00,75.00
13/01/2024,04:15,[04:00-04:15[,S,V,V,V,V,75.00,75.00
13/01/2024,04:30,[04:15-04:30[,S,V,V,V,V,75.00,75.00
13/01/2024,04:45,[04:30-04:45[,S,V,V,V,V,75.00,75.00
13/01/2024,05:00,[04:45-05:00[,S,V,V,V,V,75.00,75.00
13/01/2024,05:15,[05:00-05:15[,S,V,V,V,V,78.30,78.30
13/01/2024,05:30,[05:15-05:30[,S,V,V,V,V,78.30,78.30
13/01/2024,05:45,[05:30-05:45[,S,V,V,V,V,78.30,78.30
13/01/2024,06:00,[05:45-06:00[,S,V,V,V,V,78.30,78.30
13/01/2024,06:15,[06:00-06:15[,S,V,V,V,V,85.59,85.59
13/01/2024,06:30,[06:15-06:30[,S,V,V,V,V,85.59,85.59
13/01/2024,06:45,[06:30-06:45[,S,V,V,V,V,85.59,85.59
13/01/2024,07:00,[06:45-07:00[,S,V,V,V,V,85.59,85.59
13/01/2024,07:15,[07:00-07:15[,S,V,V,V,V,90.99,92.71
13/01/2024,07:30,[07:15-07:30[,S,V,V,V,V,90.99,92.71
13/01/2024,07:45,[07:30-07:45[,S,V,V,V,V,90.99,92.71
13/01/2024,08:00,[07:45-08:00[,S,V,V,V,V,90.99,92.71
13/01/2024,08:15,[08:00-08:15[,S,F,V,C,V,93.12,94.83
13/01/2024,08:30,[08:15-08:30[,S,F,V,C,V,93.12,94.83
13/01/2024,08:45,[08:30-08:45[,S,F,V,C,V,93.12,94.83
13/01/2024,09:00,[08:45-09:00[,S,F,V,C,V,93.12,94.83
13/01/2024,09:15,[09:00-09:15[,S,F,V,P,V,90.93,90.93
13/01/2024,09:30,[09:15-09:30[,S,F,V,P,V,90.93,90.93
13/01/2024,09:45,[09:30-09:45[,S,F,F,P,C,90.93,90.93
13/01/2024,10:00,[09:45-10:00[,S,F,F,P,C,90.93,90.93
13/01/2024,10:15,[10:00-10:15[,S,F,F,P,C,83.39,83.39
13/01/2024,10:30,[10:15-10:30[,S,F,F,P,C,83.39,83.39
13/01/2024,10:45,[10:30-10:45[,S,F,F,C,C,83.39,83.39
13/01/2024,11:00,[10:45-11:00[,S,F,F,C,C,83.39,83.39
13/01/2024,11:15,[11:00-11:15[,S,F,F,C,C,73.96,73.96
13/01/2024,11:30,[11:15-11:30[,S,F,F,C,C,73.96,73.96
13/01/2024,11:45,[11:30-11:45[,S,F,F,C,C,73.96,73.96
13/01/2024,12:00,[11:45-12:00[,S,F,F,C,C,73.96,73.96
13/01/2024,12:15,[12:00-12:15[,S,F,F,C,C,71.45,71.45
13/01/2024,12:30,[12:15-12:30[,S,F,F,C,C,71.45,71.45
13/01/2024,12:45,[12:30-12:45[,S,F,F,C,C,71.45,71.45
13/01/2024,13:00,[12:45-13:00[,S,F,F,C,C,71.45,71.45
13/01/2024,13:15,[13:00-13:15[,S,F,V,C,V,74.51,74.51
13/01/2024,13:30,[13:15-13:30[,S,F,V,C,V,74.51,74.51
13/01/2024,13:45,[13:30-13:45[,S,F,V,C,V,74.51,74.51
13/01/2024,14:00,[13:45-14:00[,S,F,V,C,V,74.51,74.51
13/01/2024,14:15,[14:00-14:15[,S,F,V,C,V,80.40,80.40
13/01/2024,14:30,[14:15-14:30[,S,F,V,C,V,80.40,80.40
13/01/2024,14:45,[14:30-14:45[,S,F,V,C,V,80.40,80.40
13/01/2024,15:00,[14:45-15:00[,S,F,V,C,V,80.40,80.40
13/01/2024,15:15,[15:00-15:15[,S,F,V,C,V,91.23,91.23
13/01/2024,15:30,[15:15-15:30[,S,F,V,C,V,91.23,91.23
13/01/2024,15:45,[15:30-15:45[,S,F,V,C,V,91.23,91.23
13/01/2024,16:00,[15:45-16:00[,S,F,V,C,V,91.23,91.23
13/01/2024,16:15,[16:00-16:15[,S,F,V,C,V,99.30,99.30
13/01/2024,16:30,[16:15-16:30[,S,F,V,C,V,99.30,99.30
13/01/2024,16:45,[16:30-16:45[,S,F,V,C,V,99.30,99.30
13/01/2024,17:00,[16:45-17:00[,S,F,V,C,V,99.30,99.30
13/01/2024,17:15,[17:00-17:15[,S,F,V,C,V,105.31,107.99
13/01/2024,17:30,[17:15-17:30[,S,F,V,C,V,105.31,107.99
13/01/2024,17:45,[17:30-17:45[,S,F,V,C,V,105.31,107.99
13/01/2024,18:00,[17:45-18:00[,S,F,V,C,V,105.31,107.99
13/01/2024,18:15,[18:00-18:15[,S,F,V,P,V,103.14,103.14
13/01/2024,18:30,[18:15-18:30[,S,F,V,P,V,103.14,103.14
13/01/2024,18:45,[18:30-18:45[,S,F,F,P,C,103.14,103.14
13/01/2024,19:00,[18:45-19:00[,S,F,F,P,C,103.14,103.14
13/01/2024,19:15,[19:00-19:15[,S,F,F,P,C,100.00,100.00
13/01/2024,19:30,[19:15-19:30[,S,F,F,P,C,100.00,100.00
13/01/2024,19:45,[19:30-19:45[,S,F,F,P,C,100.00,100.00
13/01/2024,20:00,[19:45-20:00[,S,F,F,P,C,100.00,100.00
13/01/2024,20:15,[20:00-20:15[,S,F,F,P,C,97.61,97.61
13/01/2024,20:30,[20:15-20:30[,S,F,F,P,C,97.61,97.61
13/01/2024,20:45,[20:30-20:45[,S,F,F,C,C,97.61,97.61
13/01/2024,21:00,[20:45-21:00[,S,F,F,C,C,97.61,97.61
13/01/2024,21:15,[21:00-21:15[,S,F,F,C,C,93.12,93.12
13/01/2024,21:30,[21:15-21:30[,S,F,F,C,C,93.12,93.12
13/01/2024,21:45,[21:30-21:45[,S,F,F,C,C,93.12,93.12
13/01/2024,22:00,[21:45-22:00[,S,F,F,C,C,93.12,93.12
13/01/2024,22:15,[22:00-22:15[,S,V,V,V,V,90.00,90.00
13/01/2024,22:30,[22:15-22:30[,S,V,V,V,V,90.00,90.00
13/01/2024,22:45,[22:30-22:45[,S,V,V,V,V,90.00,90.00
13/01/2024,23:00,[22:45-23:00[,S,V,V,V,V,90.00,90.00
13/01/2024,23:15,[23:00-23:15[,S,V,V,V,V,86.10,86.10
13/01/2024,23:30,[23:15-23:30[,S,V,V,V,V,86.10,86.10
13/01/2024,23:45,[23:30-23:45[,S,V,V,V,V,86.10,86.10
13/01/2024,23:59,[23:45-00:00[,S,V,V,V,V,86.10,86.10
14/01/2024,00:15,[00:00-00:15[,S,V,V,V,V,82.78,82.78
14/01/2024,00:30,[00:15-00:30[,S,V,V,V,V,82.78,82.78
14/01/2024,00:45,[00:30-00:45[,S,V,V,V,V,82.78,82.78
14/01/2024,01:00,[00:45-01:00[,S,V,V,V,V,82.78,82.78
14/01/2024,01:15,[01:00-01:15[,S,V,V,V,V,78.66,78.66
14/01/2024,01:30,[01:15-01:30[,S,V,V,V,V,78.66,78.66
14/01/2024,01:45,[01:30-01:45[,S,V,V,V,V,78.66,78.66
14/01/2024,02:00,[01:45-02:00[,S,V,V,V,V,78.66,78.66
14/01/2024,02:15,[02:00-02:15[,S,V,V,V,V,72.53,72.53
14/01/2024,02:30,[02:15-02:30[,S,V,V,V,V,72.53,72.53
14/01/2024,02:45,[02:30-02:45[,S,V,V,V,V,72.53,72.53
14/01/2024,03:00,[02:45-03:00[,S,V,V,V,V,72.53,72.53
14/01/2024,03:15,[03:00-03:15[,S,V,V,V,V,69.34,69.34
14/01/2024,03:30,[03:15-03:30[,S,V,V,V,V,69.34,69.34
14/01/2024,03:45,[03:30-03:45[,S,V,V,V,V,69.34,69.34
14/01/2024,04:00,[03:45-04:00[,S,V,V,V,V,69.34,69.34
14/01/2024,04:15,[04:00-04:15[,S,V,V,V,V,69.13,69.13
14/01/2024,04:30,[04:15-04:30[,S,V,V,V,V,69.13,69.13
14/01/2024,04:45,[04:30-04:45[,S,V,V,V,V,69.13,69.13
14/01/2024,05:00,[04:45-05:00[,S,V,V,V,V,69.13,69.13
14/01/2024,05:15,[05:00-05:15[,S,V,V,V,V,69.71,69.71
14/01/2024,05:30,[05:15-05:30[,S,V,V,V,V,69.71,69.71
14/01/2024,05:45,[05:30-05:45[,S,V,V,V,V,69.71,69.71
14/01/2024,06:00,[05:45-06:00[,S,V,V,V,V,69.71,69.71
14/01/2024,06:15,[06:00-06:15[,S,V,V,V,V,72.95,72.95
14/01/2024,06:30,[06:15-06:30[,S,V,V,V,V,72.95,72.95
14/01/2024,06:45,[06:30-06:45[,S,V,V,V,V,72.95,72.95
14/01/2024,07:00,[06:45-07:00[,S,V,V,V,V,72.95,72.95
14/01/2024,07:15,[07:00-07:15[,S,V,V,V,V,77.90,77.90
14/01/2024,07:30,[07:15-07:30[,S,V,V,V,V,77.90,77.90
14/01/2024,07:45,[07:30-07:45[,S,V,V,V,V,77.90,77.90
14/01/2024,08:00,[07:45-08:00[,S,V,V,V,V,77.90,77.90
14/01/2024,08:15,[08:00-08:15[,S,F,V,C,V,79.45,79.45
14/01/2024,08:30,[08:15-08:30[,S,F,V,C,V,79.45,79.45
14/01/2024,08:45,[08:30-08:45[,S,F,V,C,V,79.45,79.45
14/01/2024,09:00,[08:45-09:00[,S,F,V,C,V,79.45,79.45
14/01/2024,09:15,[09:00-09:15[,S,F,V,P,V,74.69,74.69
14/01/2024,09:30,[09:15-09:30[,S,F,V,P,V,74.69,74.69
14/01/2024,09:45,[09:30-09:45[,S,F,V,P,V,74.69,74.69
14/01/2024,10:00,[09:45-10:00[,S,F,V,P,V,74.69,74.69
14/01/2024,10:15,[10:00-10:15[,S,F,V,P,V,69.00,69.00
14/01/2024,10:30,[10:15-10:30[,S,F,V,P,V,69.00,69.00
14/01/2024,10:45,[10:30-10:45[,S,F,V,C,V,69.00,69.00
14/01/2024,11:00,[10:45-11:00[,S,F,V,C,V,69.00,69.00
14/01/2024,11:15,[11:00-11:15[,S,F,V,C,V,67.80,67.80
14/01/2024,11:30,[11:15-11:30[,S,F,V,C,V,67.80,67.80
14/01/2024,11:45,[11:30-11:45[,S,F,V,C,V,67.80,67.80
14/01/2024,12:00,[11:45-12:00[,S,F,V,C,V,67.80,67.80
14/01/2024,12:15,[12:00-12:15[,S,F,V,C,V,65.40,65.40
14/01/2024,12:30,[12:15-12:30[,S,F,V,C,V,65.40,65.40
14/01/2024,12:45,[12:30-12:45[,S,F,V,C,V,65.40,65.40
14/01/2024,13:00,[12:45-13:00[,S,F,V,C,V,65.40,65.40
14/01/2024,13:15,[13:00-13:15[,S,F,V,C,V,63.10,63.10
14/01/2024,13:30,[13:15-13:30[,S,F,V,C,V,63.10,63.10
14/01/2024,13:45,[13:30-13:45[,S,F,V,C,V,63.10,63.10
14/01/2024,14:00,[13:45-14:00[,S,F,V,C,V,63.10,63.10
14/01/2024,14:15,[14:00-14:15[,S,F,V,C,V,62.30,62.30
14/01/2024,14:30,[14:15-14:30[,S,F,V,C,V,62.30,62.30
14/01/2024,14:45,[14:30-14:45[,S,F,V,C,V,62.30,62.30
14/01/2024,15:00,[14:45-15:00[,S,F,V,C,V,62.30,62.30
14/01/2024,15:15,[15:00-15:15[,S,F,V,C,V,65.13,65.13
14/01/2024,15:30,[15:15-15:30[,S,F,V,C,V,65.13,65.13
14/01/2024,15:45,[15:30-15:45[,S,F,V,C,V,65.13,65.13
14/01/2024,16:00,[15:45-16:00[,S,F,V,C,V,65.13,65.13
14/01/2024,16:15,[16:00-16:15[,S,F,V,C,V,72.84,72.84
14/01/2024,16:30,[16:15-16:30[,S,F,V,C,V,72.84,72.84
14/01/2024,16:45,[16:30-16:45[,S,F,V,C,V,72.84,72.84
14/01/2024,17:00,[16:45-17:00[,S,F,V,C,V,72.84,72.84
14/01/2024,17:15,[17:00-17:15[,S,F,V,C,V,86.18,86.18
14/01/2024,17:30,[17:15-17:30[,S,F,V,C,V,86.18,86.18
14/01/2024,17:45,[17:30-17:45[,S,F,V,C,V,86.18,86.18
14/01/2024,18:00,[17:45-18:00[,S,F,V,C,V,86.18,86.18
14/01/2024,18:15,[18:00-18:15[,S,F,V,P,V,92.01,92.01
14/01/2024,18:30,[18:15-18:30[,S,F,V,P,V,92.01,92.01
14/01/2024,18:45,[18:30-18:45[,S,F,V,P,V,92.01,92.01
14/01/2024,19:00,[18:45-19:00[,S,F,V,P,V,92.01,92.01
14/01/2024,19:15,[19:00-19:15[,S,F,V,P,V,86.03,86.03
14/01/2024,19:30,[19:15-19:30[,S,F,V,P,V,86.03,86.03
14/01/2024,19:45,[19:30-19:45[,S,F,V,P,V,86.03,86.03
14/01/2024,20:00,[19:45-20:00[,S,F,V,P,V,86.03,86.03
14/01/2024,20:15,[20:00-20:15[,S,F,V,P,V,84.49,84.49
14/01/2024,20:30,[20:15-20:30[,S,F,V,P,V,84.49,84.49
14/01/2024,20:45,[20:30-20:45[,S,F,V,C,V,84.49,84.49
14/01/2024,21:00,[20:45-21:00[,S,F,V,C,V,84.49,84.49
14/01/2024,21:15,[21:00-21:15[,S,F,V,C,V,82.97,82.97
14/01/2024,21:30,[21:15-21:30[,S,F,V,C,V,82.97,82.97
14/01/2024,21:45,[21:30-21:45[,S,F,V,C,V,82.97,82.97
14/01/2024,22:00,[21:45-22:00[,S,F,V,C,V,82.97,82.97
14/01/2024,22:15,[22:00-22:15[,S,V,V,V,V,72.52,72.52
14/01/2024,22:30,[22:15-22:30[,S,V,V,V,V,72.52,72.52
14/01/2024,22:45,[22:30-22:45[,S,V,V,V,V,72.52,72.52
14/01/2024,23:00,[22:45-23:00[,S,V,V,V,V,72.52,72.52
14/01/2024,23:15,[23:00-23:15[,S,V,V,V,V,77.70,77.70
14/01/2024,23:30,[23:15-23:30[,S,V,V,V,V,77.70,77.70
14/01/2024,23:45,[23:30-23:45[,S,V,V,V,V,77.70,77.70
14/01/2024,23:59,[23:45-00:00[,S,V,V,V,V,77.70,77.70
15/01/2024,00:15,[00:00-00:15[,S,V,V,V,V,67.00,67.00
15/01/2024,00:30,[00:15-00:30[,S,V,V,V,V,67.00,67.00
15/01/2024,00:45,[00:30-00:45[,S,V,V,V,V,67.00,67.00
15/01/2024,01:00,[00:45-01:00[,S,V,V,V,V,67.00,67.00
15/01/2024,01:15,[01:00-01:15[,S,V,V,V,V,64.99,64.99
15/01/2024,01:30,[01:15-01:30[,S,V,V,V,V,64.99,64.99
15/01/2024,01:45,[01:30-01:45[,S,V,V,V,V,64.99,64.99
15/01/2024,02:00,[01:45-02:00[,S,V,V,V,V,64.99,64.99
15/01/2024,02:15,[02:00-02:15[,S,V,V,V,V,62.04,62.04
15/01/2024,02:30,[02:15-02:30[,S,V,V,V,V,62.04,62.04
15/01/2024,02:45,[02:30-02:45[,S,V,V,V,V,62.04,62.04
15/01/2024,03:00,[02:45-03:00[,S,V,V,V,V,62.04,62.04
15/01/2024,03:15,[03:00-03:15[,S,V,V,V,V,62.10,62.10
15/01/2024,03:30,[03:15-03:30[,S,V,V,V,V,62.10,62.10
15/01/2024,03:45,[03:30-03:45[,S,V,V,V,V,62.10,62.10
15/01/2024,04:00,[03:45-04:00[,S,V,V,V,V,62.10,62.10
15/01/2024,04:15,[04:00-04:15[,S,V,V,V,V,65.10,65.10
15/01/2024,04:30,[04:15-04:30[,S,V,V,V,V,65.10,65.10
15/01/2024,04:45,[04:30-04:45[,S,V,V,V,V,65.10,65.10
15/01/2024,05:00,[04:45-05:00[,S,V,V,V,V,65.10,65.10
15/01/2024,05:15,[05:00-05:15[,S,V,V,V,V,69.13,69.13
15/01/2024,05:30,[05:15-05:30[,S,V,V,V,V,69.13,69.13
15/01/2024,05:45,[05:30-05:45[,S,V,V,V,V,69.13,69.13
15/01/2024,06:00,[05:45-06:00[,S,V,V,V,V,69.13,69.13
15/01/2024,06:15,[06:00-06:15[,S,V,V,V,V,86.74,86.74
15/01/2024,06:30,[06:15-06:30[,S,V,V,V,V,86.74,86.74
15/01/2024,06:45,[06:30-06:45[,S,V,V,V,V,86.74,86.74
15/01/2024,07:00,[06:45-07:00[,S,V,V,V,V,86.74,86.74
15/01/2024,07:15,[07:00-07:15[,S,V,F,V,C,99.52,99.52
15/01/2024,07:30,[07:15-07:30[,S,V,F,V,C,99.52,99.52
15/01/2024,07:45,[07:30-07:45[,S,V,F,V,C,99.52,99.52
15/01/2024,08:00,[07:45-08:00[,S,V,F,V,C,99.52,99.52
15/01/2024,08:15,[08:00-08:15[,S,F,F,C,C,100.33,100.33
15/01/2024,08:30,[08:15-08:30[,S,F,F,C,C,100.33,100.33
15/01/2024,08:45,[08:30-08:45[,S,F,F,C,C,100.33,100.33
15/01/2024,09:00,[08:45-09:00[,S,F,F,C,C,100.33,100.33
15/01/2024,09:15,[09:00-09:15[,S,F,F,P,C,94.92,94.92
15/01/2024,09:30,[09:15-09:30[,S,F,F,P,C,94.92,94.92
15/01/2024,09:45,[09:30-09:45[,S,F,F,P,P,94.92,94.92
15/01/2024,10:00,[09:45-10:00[,S,F,F,P,P,94.92,94.92
15/01/2024,10:15,[10:00-10:15[,S,F,F,P,P,90.30,90.30
15/01/2024,10:30,[10:15-10:30[,S,F,F,P,P,90.30,90.30
15/01/2024,10:45,[10:30-10:45[,S,F,F,C,P,90.30,90.30
15/01/2024,11:00,[10:45-11:00[,S,F,F,C,P,90.30,90.30
15/01/2024,11:15,[11:00-11:15[,S,F,F,C,P,85.70,85.70
15/01/2024,11:30,[11:15-11:30[,S,F,F,C,P,85.70,85.70
15/01/2024,11:45,[11:30-11:45[,S,F,F,C,P,85.70,85.70
15/01/2024,12:00,[11:45-12:00[,S,F,F,C,P,85.70,85.70
15/01/2024,12:15,[12:00-12:15[,S,F,F,C,C,82.41,82.41
15/01/2024,12:30,[12:15-12:30[,S,F,F,C,C,82.41,82.41
15/01/2024,12:45,[12:30-12:45[,S,F,F,C,C,82.41,82.41
15/01/2024,13:00,[12:45-13:00[,S,F,F,C,C,82.41,82.41
15/01/2024,13:15,[13:00-13:15[,S,F,F,C,C,84.99,84.99
15/01/2024,13:30,[13:15-13:30[,S,F,F,C,C,84.99,84.99
15/01/2024,13:45,[13:30-13:45[,S,F,F,C,C,84.99,84.99
15/01/2024,14:00,[13:45-14:00[,S,F,F,C,C,84.99,84.99
15/01/2024,14:15,[14:00-14:15[,S,F,F,C,C,90.10,90.10
15/01/2024,14:30,[14:15-14:30[,S,F,F,C,C,90.10,90.10
15/01/2024,14:45,[14:30-14:45[,S,F,F,C,C,90.10,90.10
15/01/2024,15:00,[14:45-15:00[,S,F,F,C,C,90.10,90.10
15/01/2024,15:15,[15:00-15:15[,S,F,F,C,C,95.82,95.82
15/01/2024,15:30,[15:15-15:30[,S,F,F,C,C,95.82,95.82
15/01/2024,15:45,[15:30-15:45[,S,F,F,C,C,95.82,95.82
15/01/2024,16:00,[15:45-16:00[,S,F,F,C,C,95.82,95.82
15/01/2024,16:15,[16:00-16:15[,S,F,F,C,C,100.00,100.00
15/01/2024,16:30,[16:15-16:30[,S,F,F,C,C,100.00,100.00
15/01/2024,16:45,[16:30-16:45[,S,F,F,C,C,100.00,100.00
15/01/2024,17:00,[16:45-17:00[,S,F,F,C,C,100.00,100.00
15/01/2024,17:15,[17:00-17:15[,S,F,F,C,C,112.85,112.85
15/01/2024,17:30,[17:15-17:30[,S,F,F,C,C,112.85,112.85
15/01/2024,17:45,[17:30-17:45[,S,F,F,C,C,112.85,112.85
15/01/2024,18:00,[17:45-18:00[,S,F,F,C,C,112.85,112.85
15/01/2024,18:15,[18:00-18:15[,S,F,F,P,C,113.90,113.90
15/01/2024,18:30,[18:15-18:30[,S,F,F,P,C,113.90,113.90
15/01/2024,18:45,[18:30-18:45[,S,F,F,P,P,113.90,113.90
15/01/2024,19:00,[18:45-19:00[,S,F,F,P,P,113.90,113.90
15/01/2024,19:15,[19:00-19:15[,S,F,F,P,P,107.58,107.58
15/01/2024,19:30,[19:15-19:30[,S,F,F,P,P,107.58,107.58
15/01/2024,19:45,[19:30-19:45[,S,F,F,P,P,107.58,107.58
15/01/2024,20:00,[19:45-20:00[,S,F,F,P,P,107.58,107.58
15/01/2024,20:15,[20:00-20:15[,S,F,F,P,P,100.00,100.00
15/01/2024,20:30,[20:15-20:30[,S,F,F,P,P,100.00,100.00
15/01/2024,20:45,[20:30-20:45[,S,F,F,C,P,100.00,100.00
15/01/2024,21:00,[20:45-21:00[,S,F,F,C,P,100.00,100.00
15/01/2024,21:15,[21:00-21:15[,S,F,F,C,C,97.21,97.21
15/01/2024,21:30,[21:15-21:30[,S,F,F,C,C,97.21,97.21
15/01/2024,21:45,[21:30-21:45[,S,F,F,C,C,97.21,97.21
15/01/2024,22:00,[21:45-22:00[,S,F,F,C,C,97.21,97.21
15/01/2024,22:15,[22:00-22:15[,S,V,F,V,C,91.00,91.00
15/01/2024,22:30,[22:15-22:30[,S,V,F,V,C,91.00,91.00
15/01/2024,22:45,[22:30-22:45[,S,V,F,V,C,91.00,91.00
15/01/2024,23:00,[22:45-23:00[,S,V,F,V,C,91.00,91.00
15/01/2024,23:15,[23:00-23:15[,S,V,F,V,C,86.59,86.59
15/01/2024,23:30,[23:15-23:30[,S,V,F,V,C,86.59,86.59
15/01/2024,23:45,[23:30-23:45[,S,V,F,V,C,86.59,86.59
15/01/2024,23:59,[23:45-00:00[,S,V,F,V,C,86.59,86.59
16/01/2024,00:15,[00:00-00:15[,S,V,V,V,V,83.33,83.33
16/01/2024,00:30,[00:15-00:30[,S,V,V,V,V,83.33,83.33
16/01/2024,00:45,[00:30-00:45[,S,V,V,V,V,83.33,83.33
16/01/2024,01:00,[00:45-01:00[,S,V,V,V,V,83.33,83.33
16/01/2024,01:15,[01:00-01:15[,S,V,V,V,V,80.94,80.94
16/01/2024,01:30,[01:15-01:30[,S,V,V,V,V,80.94,80.94
16/01/2024,01:45,[01:30-01:45[,S,V,V,V,V,80.94,80.94
16/01/2024,02:00,[01:45-02:00[,S,V,V,V,V,80.94,80.94
16/01/2024,02:15,[02:00-02:15[,S,V,V,V,V,78.65,78.65
16/01/2024,02:30,[02:15-02:30[,S,V,V,V,V,78.65,78.65
16/01/2024,02:45,[02:30-02:45[,S,V,V,V,V,78.65,78.65
16/01/2024,03:00,[02:45-03:00[,S,V,V,V,V,78.65,78.65
16/01/2024,03:15,[03:00-03:15[,S,V,V,V,V,78.35,78.35
16/01/2024,03:30,[03:15-03:30[,S,V,V,V,V,78.35,78.35
16/01/2024,03:45,[03:30-03:45[,S,V,V,V,V,78.35,78.35
16/01/2024,04:00,[03:45-04:00[,S,V,V,V,V,78.35,78.35
16/01/2024,04:15,[04:00-04:15[,S,V,V,V,V,80.37,80.37
16/01/2024,04:30,[04:15-04:30[,S,V,V,V,V,80.37,80.37
16/01/2024,04:45,[04:30-04:45[,S,V,V,V,V,80.37,80.37
16/01/2024,05:00,[04:45-05:00[,S,V,V,V,V,80.37,80.37
16/01/2024,05:15,[05:00-05:15[,S,V,V,V,V,85.00,89.00
16/01/2024,05:30,[05:15-05:30[,S,V,V,V,V,85.00,89.00
16/01/2024,05:45,[05:30-05:45[,S,V,V,V,V,85.00,89.00
16/01/2024,06:00,[05:45-06:00[,S,V,V,V,V,85.00,89.00
16/01/2024,06:15,[06:00-06:15[,S,V,V,V,V,85.00,101.00
16/01/2024,06:30,[06:15-06:30[,S,V,V,V,V,85.00,101.00
16/01/2024,06:45,[06:30-06:45[,S,V,V,V,V,85.00,101.00
16/01/2024,07:00,[06:45-07:00[,S,V,V,V,V,85.00,101.00
16/01/2024,07:15,[07:00-07:15[,S,V,F,V,C,88.00,127.07
16/01/2024,07:30,[07:15-07:30[,S,V,F,V,C,88.00,127.07
16/01/2024,07:45,[07:30-07:45[,S,V,F,V,C,88.00,127.07
16/01/2024,08:00,[07:45-08:00[,S,V,F,V,C,88.00,127.07
16/01/2024,08:15,[08:00-08:15[,S,F,F,C,C,99.98,120.18
16/01/2024,08:30,[08:15-08:30[,S,F,F,C,C,99.98,120.18
16/01/2024,08:45,[08:30-08:45[,S,F,F,C,C,99.98,120.18
16/01/2024,09:00,[08:45-09:00[,S,F,F,C,C,99.98,120.18
16/01/2024,09:15,[09:00-09:15[,S,F,F,P,C,99.28,99.28
16/01/2024,09:30,[09:15-09:30[,S,F,F,P,C,99.28,99.28
16/01/2024,09:45,[09:30-09:45[,S,F,F,P,P,99.28,99.28
16/01/2024,10:00,[09:45-10:00[,S,F,F,P,P,99.28,99.28
16/01/2024,10:15,[10:00-10:15[,S,F,F,P,P,91.69,91.69
16/01/2024,10:30,[10:15-10:30[,S,F,F,P,P,91.69,91.69
16/01/2024,10:45,[10:30-10:45[,S,F,F,C,P,91.69,91.69
16/01/2024,11:00,[10:45-11:00[,S,F,F,C,P,91.69,91.69
16/01/2024,11:15,[11:00-11:15[,S,F,F,C,P,93.00,93.00
16/01/2024,11:30,[11:15-11:30[,S,F,F,C,P,93.00,93.00
16/01/2024,11:45,[11:30-11:45[,S,F,F,C,P,93.00,93.00
16/01/2024,12:00,[11:45-12:00[,S,F,F,C,P,93.00,93.00
16/01/2024,12:15,[12:00-12:15[,S,F,F,C,C,89.42,89.42
16/01/2024,12:30,[12:15-12:30[,S,F,F,C,C,89.42,89.42
16/01/2024,12:45,[12:30-12:45[,S,F,F,C,C,89.42,89.42
16/01/2024,13:00,[12:45-13:00[,S,F,F,C,C,89.42,89.42
16/01/2024,13:15,[13:00-13:15[,S,F,F,C,C,90.00,90.00
16/01/2024,13:30,[13:15-13:30[,S,F,F,C,C,90.00,90.00
16/01/2024,13:45,[13:30-13:45[,S,F,F,C,C,90.00,90.00
16/01/2024,14:00,[13:45-14:00[,S,F,F,C,C,90.00,90.00
16/01/2024,14:15,[14:00-14:15[,S,F,F,C,C,88.00,88.00
16/01/2024,14:30,[14:15-14:30[,S,F,F,C,C,88.00,88.00
16/01/2024,14:45,[14:30-14:45[,S,F,F,C,C,88.00,88.00
16/01/2024,15:00,[14:45-15:00[,S,F,F,C,C,88.00,88.00
16/01/2024,15:15,[15:00-15:15[,S,F,F,C,C,84.88,84.88
16/01/2024,15:30,[15:15-15:30[,S,F,F,C,C,84.88,84.88
16/01/2024,15:45,[15:30-15:45[,S,F,F,C,C,84.88,84.88
16/01/2024,16:00,[15:45-16:00[,S,F,F,C,C,84.88,84.88
16/01/2024,16:15,[16:00-16:15[,S,F,F,C,C,88.00,88.00
16/01/2024,16:30,[16:15-16:30[,S,F,F,C,C,88.00,88.00
16/01/2024,16:45,[16:30-16:45[,S,F,F,C,C,88.00,88.00
16/01/2024,17:00,[16:45-17:00[,S,F,F,C,C,88.00,88.00
16/01/2024,17:15,[17:00-17:15[,S,F,F,C,C,89.02,89.02
16/01/2024,17:30,[17:15-17:30[,S,F,F,C,C,89.02,89.02
16/01/2024,17:45,[17:30-17:45[,S,F,F,C,C,89.02,89.02
16/01/2024,18:00,[17:45-18:00[,S,F,F,C,C,89.02,89.02
16/01/2024,18:15,[18:00-18:15[,S,F,F,P,C,94.82,99.49
16/01/2024,18:30,[18:15-18:30[,S,F,F,P,C,94.82,99.49
16/01/2024,18:45,[18:30-18:45[,S,F,F,P,P,94.82,99.49
16/01/2024,19:00,[18:45-19:00[,S,F,F,P,P,94.82,99.49
16/01/2024,19:15,[19:00-19:15[,S,F,F,P,P,99.78,99.78
16/01/2024,19:30,[19:15-19:30[,S,F,F,P,P,99.78,99.78
16/01/2024,19:45,[19:30-19:45[,S,F,F,P,P,99.78,99.78
16/01/2024,20:00,[19:45-20:00[,S,F,F,P,P,99.78,99.78
16/01/2024,20:15,[20:00-20:15[,S,F,F,P,P,88.75,88.75
16/01/2024,20:30,[20:15-20:30[,S,F,F,P,P,88.75,88.75
16/01/2024,20:45,[20:30-20:45[,S,F,F,C,P,88.75,88.75
16/01/2024,21:00,[20:45-21:00[,S,F,F,C,P,88.75,88.75
16/01/2024,21:15,[21:00-21:15[,S,F,F,C,C,75.99,75.99
16/01/2024,21:30,[21:15-21:30[,S,F,F,C,C,75.99,75.99
16/01/2024,21:45,[21:30-21:45[,S,F,F,C,C,75.99,75.99
16/01/2024,22:00,[21:45-22:00[,S,F,F,C,C,75.99,75.99
16/01/2024,22:15,[22:00-22:15[,S,V,F,V,C,60.00,60.00
16/01/2024,22:30,[22:15-22:30[,S,V,F,V,C,60.00,60.00
16/01/2024,22:45,[22:30-22:45[,S,V,F,V,C,60.00,60.00
16/01/2024,23:00,[22:45-23:00[,S,V,F,V,C,60.00,60.00
16/01/2024,23:15,[23:00-23:15[,S,V,F,V,C,19.13,19.13
16/01/2024,23:30,[23:15-23:30[,S,V,F,V,C,19.13,19.13
16/01/2024,23:45,[23:30-23:45[,S,V,F,V,C,19.13,19.13
16/01/2024,23:59,[23:45-00:00[,S,V,F,V,C,19.13,19.13
17/01/2024,00:15,[00:00-00:15[,S,V,V,V,V,15.93,15.93
17/01/2024,00:30,[00:15-00:30[,S,V,V,V,V,15.93,15.93
17/01/2024,00:45,[00:30-00:45[,S,V,V,V,V,15.93,15.93
17/01/2024,01:00,[00:45-01:00[,S,V,V,V,V,15.93,15.93
17/01/2024,01:15,[01:00-01:15[,S,V,V,V,V,6.00,6.00
17/01/2024,01:30,[01:15-01:30[,S,V,V,V,V,6.00,6.00
17/01/2024,01:45,[01:30-01:45[,S,V,V,V,V,6.00,6.00
17/01/2024,02:00,[01:45-02:00[,S,V,V,V,V,6.00,6.00
17/01/2024,02:15,[02:00-02:15[,S,V,V,V,V,4.90,4.90
17/01/2024,02:30,[02:15-02:30[,S,V,V,V,V,4.90,4.90
17/01/2024,02:45,[02:30-02:45[,S,V,V,V,V,4.90,4.90
17/01/2024,03:00,[02:45-03:00[,S,V,V,V,V,4.90,4.90
17/01/2024,03:15,[03:00-03:15[,S,V,V,V,V,4.90,4.90
17/01/2024,03:30,[03:15-03:30[,S,V,V,V,V,4.90,4.90
17/01/2024,03:45,[03:30-03:45[,S,V,V,V,V,4.90,4.90
17/01/2024,04:00,[03:45-04:00[,S,V,V,V,V,4.90,4.90
17/01/2024,04:15,[04:00-04:15[,S,V,V,V,V,5.00,5.00
17/01/2024,04:30,[04:15-04:30[,S,V,V,V,V,5.00,5.00
17/01/2024,04:45,[04:30-04:45[,S,V,V,V,V,5.00,5.00
17/01/2024,05:00,[04:45-05:00[,S,V,V,V,V,5.00,5.00
17/01/2024,05:15,[05:00-05:15[,S,V,V,V,V,16.70,16.70
17/01/2024,05:30,[05:15-05:30[,S,V,V,V,V,16.70,16.70
17/01/2024,05:45,[05:30-05:45[,S,V,V,V,V,16.70,16.70
17/01/2024,06:00,[05:45-06:00[,S,V,V,V,V,16.70,16.70
17/01/2024,06:15,[06:00-06:15[,S,V,V,V,V,44.20,44.20
17/01/2024,06:30,[06:15-06:30[,S,V,V,V,V,44.20,44.20
17/01/2024,06:45,[06:30-06:45[,S,V,V,V,V,44.20,44.20
17/01/2024,07:00,[06:45-07:00[,S,V,V,V,V,44.20,44.20
17/01/2024,07:15,[07:00-07:15[,S,V,F,V,C,45.50,45.50
17/01/2024,07:30,[07:15-07:30[,S,V,F,V,C,45.50,45.50
17/01/2024,07:45,[07:30-07:45[,S,V,F,V,C,45.50,45.50
17/01/2024,08:00,[07:45-08:00[,S,V,F,V,C,45.50,45.50
17/01/2024,08:15,[08:00-08:15[,S,F,F,C,C,45.50,45.50
17/01/2024,08:30,[08:15-08:30[,S,F,F,C,C,45.50,45.50
17/01/2024,08:45,[08:30-08:45[,S,F,F,C,C,45.50,45.50
17/01/2024,09:00,[08:45-09:00[,S,F,F,C,C,45.50,45.50
17/01/2024,09:15,[09:00-09:15[,S,F,F,P,C,44.80,44.80
17/01/2024,09:30,[09:15-09:30[,S,F,F,P,C,44.80,44.80
17/01/2024,09:45,[09:30-09:45[,S,F,F,P,P,44.80,44.80
17/01/2024,10:00,[09:45-10:00[,S,F,F,P,P,44.80,44.80
17/01/2024,10:15,[10:00-10:15[,S,F,F,P,P,34.52,34.52
17/01/2024,10:30,[10:15-10:30[,S,F,F,P,P,34.52,34.52
17/01/2024,10:45,[10:30-10:45[,S,F,F,C,P,34.52,34.52
17/01/2024,11:00,[10:45-11:00[,S,F,F,C,P,34.52,34.52
17/01/2024,11:15,[11:00-11:15[,S,F,F,C,P,17.29,17.29
17/01/2024,11:30,[11:15-11:30[,S,F,F,C,P,17.29,17.29
17/01/2024,11:45,[11:30-11:45[,S,F,F,C,P,17.29,17.29
17/01/2024,12:00,[11:45-12:00[,S,F,F,C,P,17.29,17.29
17/01/2024,12:15,[12:00-12:15[,S,F,F,C,C,12.99,12.99
17/01/2024,12:30,[12:15-12:30[,S,F,F,C,C,12.99,12.99
17/01/2024,12:45,[12:30-12:45[,S,F,F,C,C,12.99,12.99
17/01/2024,13:00,[12:45-13:00[,S,F,F,C,C,12.99,12.99
17/01/2024,13:15,[13:00-13:15[,S,F,F,C,C,5.10,5.10
17/01/2024,13:30,[13:15-13:30[,S,F,F,C,C,5.10,5.10
17/01/2024,13:45,[13:30-13:45[,S,F,F,C,C,5.10,5.10
17/01/2024,14:00,[13:45-14:00[,S,F,F,C,C,5.10,5.10
17/01/2024,14:15,[14:00-14:15[,S,F,F,C,C,5.00,5.00
17/01/2024,14:30,[14:15-14:30[,S,F,F,C,C,5.00,5.00
17/01/2024,14:45,[14:30-14:45[,S,F,F,C,C,5.00,5.00
17/01/2024,15:00,[14:45-15:00[,S,F,F,C,C,5.00,5.00
17/01/2024,15:15,[15:00-15:15[,S,F,F,C,C,18.38,18.38
17/01/2024,15:30,[15:15-15:30[,S,F,F,C,C,18.38,18.38
17/01/2024,15:45,[15:30-15:45[,S,F,F,C,C,18.38,18.38
17/01/2024,16:00,[15:45-16:00[,S,F,F,C,C,18.38,18.38
17/01/2024,16:15,[16:00-16:15[,S,F,F,C,C,43.50,43.50
17/01/2024,16:30,[16:15-16:30[,S,F,F,C,C,43.50,43.50
17/01/2024,16:45,[16:30-16:45[,S,F,F,C,C,43.50,43.50
17/01/2024,17:00,[16:45-17:00[,S,F,F,C,C,43.50,43.50
17/01/2024,17:15,[17:00-17:15[,S,F,F,C,C,45.40,45.40
17/01/2024,17:30,[17:15-17:30[,S,F,F,C,C,45.40,45.40
17/01/2024,17:45,[17:30-17:45[,S,F,F,C,C,45.40,45.40
17/01/2024,18:00,[17:45-18:00[,S,F,F,C,C,45.40,45.40
17/01/2024,18:15,[18:00-18:15[,S,F,F,P,C,49.10,49.10
17/01/2024,18:30,[18:15-18:30[,S,F,F,P,C,49.10,49.10
17/01/2024,18:45,[18:30-18:45[,S,F,F,P,P,49.10,49.10
17/01/2024,19:00,[18:45-19:00[,S,F,F,P,P,49.10,49.10
17/01/2024,19:15,[19:00-19:15[,S,F,F,P,P,54.88,54.88
17/01/2024,19:30,[19:15-19:30[,S,F,F,P,P,54.88,54.88
17/01/2024,19:45,[19:30-19:45[,S,F,F,P,P,54.88,54.88
17/01/2024,20:00,[19:45-20:00[,S,F,F,P,P,54.88,54.88
17/01/2024,20:15,[20:00-20:15[,S,F,F,P,P,46.80,46.80
17/01/2024,20:30,[20:15-20:30[,S,F,F,P,P,46.80,46.80
17/01/2024,20:45,[20:30-20:45[,S,F,F,C,P,46.80,46.80
17/01/2024,21:00,[20:45-21:00[,S,F,F,C,P,46.80,46.80
17/01/2024,21:15,[21:00-21:15[,S,F,F,C,C,43.37,43.37
17/01/2024,21:30,[21:15-21:30[,S,F,F,C,C,43.37,43.37
17/01/2024,21:45,[21:30-21:45[,S,F,F,C,C,43.37,43.37
17/01/2024,22:00,[21:45-22:00[,S,F,F,C,C,43.37,43.37
17/01/2024,22:15,[22:00-22:15[,S,V,F,V,C,18.03,18.03
17/01/2024,22:30,[22:15-22:30[,S,V,F,V,C,18.03,18.03
17/01/2024,22:45,[22:30-22:45[,S,V,F,V,C,18.03,18.03
17/01/2024,23:00,[22:45-23:00[,S,V,F,V,C,18.03,18.03
17/01/2024,23:15,[23:00-23:15[,S,V,F,V,C,3.20,3.20
17/01/2024,23:30,[23:15-23:30[,S,V,F,V,C,3.20,3.20
17/01/2024,23:45,[23:30-23:45[,S,V,F,V,C,3.20,3.20
17/01/2024,23:59,[23:45-00:00[,S,V,F,V,C,3.20,3.20
18/01/2024,00:15,[00:00-00:15[,S,V,V,V,V,3.20,3.20
18/01/2024,00:30,[00:15-00:30[,S,V,V,V,V,3.20,3.20
18/01/2024,00:45,[00:30-00:45[,S,V,V,V,V,3.20,3.20
18/01/2024,01:00,[00:45-01:00[,S,V,V,V,V,3.20,3.20
18/01/2024,01:15,[01:00-01:15[,S,V,V,V,V,1.68,1.68
18/01/2024,01:30,[01:15-01:30[,S,V,V,V,V,1.68,1.68
18/01/2024,01:45,[01:30-01:45[,S,V,V,V,V,1.68,1.68
18/01/2024,02:00,[01:45-02:00[,S,V,V,V,V,1.68,1.68
18/01/2024,02:15,[02:00-02:15[,S,V,V,V,V,0.43,0.43
18/01/2024,02:30,[02:15-02:30[,S,V,V,V,V,0.43,0.43
18/01/2024,02:45,[02:30-02:45[,S,V,V,V,V,0.43,0.43
18/01/2024,03:00,[02:45-03:00[,S,V,V,V,V,0.43,0.43
18/01/2024,03:15,[03:00-03:15[,S,V,V,V,V,0.99,0.99
18/01/2024,03:30,[03:15-03:30[,S,V,V,V,V,0.99,0.99
18/01/2024,03:45,[03:30-03:45[,S,V,V,V,V,0.99,0.99
18/01/2024,04:00,[03:45-04:00[,S,V,V,V,V,0.99,0.99
18/01/2024,04:15,[04:00-04:15[,S,V,V,V,V,3.20,3.20
18/01/2024,04:30,[04:15-04:30[,S,V,V,V,V,3.20,3.20
18/01/2024,04:45,[04:30-04:45[,S,V,V,V,V,3.20,3.20
18/01/2024,05:00,[04:45-05:00[,S,V,V,V,V,3.20,3.20
18/01/2024,05:15,[05:00-05:15[,S,V,V,V,V,3.20,3.20
18/01/2024,05:30,[05:15-05:30[,S,V,V,V,V,3.20,3.20
18/01/2024,05:45,[05:30-05:45[,S,V,V,V,V,3.20,3.20
18/01/2024,06:00,[05:45-06:00[,S,V,V,V,V,3.20,3.20
18/01/2024,06:15,[06:00-06:15[,S,V,V,V,V,30.10,30.10
18/01/2024,06:30,[06:15-06:30[,S,V,V,V,V,30.10,30.10
18/01/2024,06:45,[06:30-06:45[,S,V,V,V,V,30.10,30.10
18/01/2024,07:00,[06:45-07:00[,S,V,V,V,V,30.10,30.10
18/01/2024,07:15,[07:00-07:15[,S,V,F,V,C,47.19,47.19
18/01/2024,07:30,[07:15-07:30[,S,V,F,V,C,47.19,47.19
18/01/2024,07:45,[07:30-07:45[,S,V,F,V,C,47.19,47.19
18/01/2024,08:00,[07:45-08:00[,S,V,F,V,C,47.19,47.19
18/01/2024,08:15,[08:00-08:15[,S,F,F,C,C,55.77,55.77
18/01/2024,08:30,[08:15-08:30[,S,F,F,C,C,55.77,55.77
18/01/2024,08:45,[08:30-08:45[,S,F,F,C,C,55.77,55.77
18/01/2024,09:00,[08:45-09:00[,S,F,F,C,C,55.77,55.77
18/01/2024,09:15,[09:00-09:15[,S,F,F,P,C,45.27,45.27
18/01/2024,09:30,[09:15-09:30[,S,F,F,P,C,45.27,45.27
18/01/2024,09:45,[09:30-09:45[,S,F,F,P,P,45.27,45.27
18/01/2024,10:00,[09:45-10:00[,S,F,F,P,P,45.27,45.27
18/01/2024,10:15,[10:00-10:15[,S,F,F,P,P,43.66,43.66
18/01/2024,10:30,[10:15-10:30[,S,F,F,P,P,43.66,43.66
18/01/2024,10:45,[10:30-10:45[,S,F,F,C,P,43.66,43.66
18/01/2024,11:00,[10:45-11:00[,S,F,F,C,P,43.66,43.66
18/01/2024,11:15,[11:00-11:15[,S,F,F,C,P,39.19,39.19
18/01/2024,11:30,[11:15-11:30[,S,F,F,C,P,39.19,39.19
18/01/2024,11:45,[11:30-11:45[,S,F,F,C,P,39.19,39.19
18/01/2024,12:00,[11:45-12:00[,S,F,F,C,P,39.19,39.19
18/01/2024,12:15,[12:00-12:15[,S,F,F,C,C,35.00,35.00
18/01/2024,12:30,[12:15-12:30[,S,F,F,C,C,35.00,35.00
18/01/2024,12:45,[12:30-12:45[,S,F,F,C,C,35.00,35.00
18/01/2024,13:00,[12:45-13:00[,S,F,F,C,C,35.00,35.00
18/01/2024,13:15,[13:00-13:15[,S,F,F,C,C,35.30,35.30
18/01/2024,13:30,[13:15-13:30[,S,F,F,C,C,35.30,35.30
18/01/2024,13:45,[13:30-13:45[,S,F,F,C,C,35.30,35.30
18/01/2024,14:00,[13:45-14:00[,S,F,F,C,C,35.30,35.30
18/01/2024,14:15,[14:00-14:15[,S,F,F,C,C,45.40,45.40
18/01/2024,14:30,[14:15-14:30[,S,F,F,C,C,45.40,45.40
18/01/2024,14:45,[14:30-14:45[,S,F,F,C,C,45.40,45.40
18/01/2024,15:00,[14:45-15:00[,S,F,F,C,C,45.40,45.40
18/01/2024,15:15,[15:00-15:15[,S,F,F,C,C,62.17,62.17
18/01/2024,15:30,[15:15-15:30[,S,F,F,C,C,62.17,62.17
18/01/2024,15:45,[15:30-15:45[,S,F,F,C,C,62.17,62.17
18/01/2024,16:00,[15:45-16:00[,S,F,F,C,C,62.17,62.17
18/01/2024,16:15,[16:00-16:15[,S,F,F,C,C,96.02,96.02
18/01/2024,16:30,[16:15-16:30[,S,F,F,C,C,96.02,96.02
18/01/2024,16:45,[16:30-16:45[,S,F,F,C,C,96.02,96.02
18/01/2024,17:00,[16:45-17:00[,S,F,F,C,C,96.02,96.02
18/01/2024,17:15,[17:00-17:15[,S,F,F,C,C,103.71,103.71
18/01/2024,17:30,[17:15-17:30[,S,F,F,C,C,103.71,103.71
18/01/2024,17:45,[17:30-17:45[,S,F,F,C,C,103.71,103.71
18/01/2024,18:00,[17:45-18:00[,S,F,F,C,C,103.71,103.71
18/01/2024,18:15,[18:00-18:15[,S,F,F,P,C,99.60,99.60
18/01/2024,18:30,[18:15-18:30[,S,F,F,P,C,99.60,99.60
18/01/2024,18:45,[18:30-18:45[,S,F,F,P,P,99.60,99.60
18/01/2024,19:00,[18:45-19:00[,S,F,F,P,P,99.60,99.60
18/01/2024,19:15,[19:00-19:15[,S,F,F,P,P,105.34,105.34
18/01/2024,19:30,[19:15-19:30[,S,F,F,P,P,105.34,105.34
18/01/2024,19:45,[19:30-19:45[,S,F,F,P,P,105.34,105.34
18/01/2024,20:00,[19:45-20:00[,S,F,F,P,P,105.34,105.34
18/01/2024,20:15,[20:00-20:15[,S,F,F,P,P,98.84,98.84
18/01/2024,20:30,[20:15-20:30[,S,F,F,P,P,98.84,98.84
18/01/2024,20:45,[20:30-20:45[,S,F,F,C,P,98.84,98.84
18/01/2024,21:00,[20:45-21:00[,S,F,F,C,P,98.84,98.84
18/01/2024,21:15,[21:00-21:15[,S,F,F,C,C,92.14,92.14
18/01/2024,21:30,[21:15-21:30[,S,F,F,C,C,92.14,92.14
18/01/2024,21:45,[21:30-21:45[,S,F,F,C,C,92.14,92.14
18/01/2024,22:00,[21:45-22:00[,S,F,F,C,C,92.14,92.14
18/01/2024,22:15,[22:00-22:15[,S,V,F,V,C,73.61,73.61
18/01/2024,22:30,[22:15-22:30[,S,V,F,V,C,73.61,73.61
18/01/2024,22:45,[22:30-22:45[,S,V,F,V,C,73.61,73.61
18/01/2024,23:00,[22:45-23:00[,S,V,F,V,C,73.61,73.61
18/01/2024,23:15,[23:00-23:15[,S,V,F,V,C,71.82,71.82
18/01/2024,23:30,[23:15-23:30[,S,V,F,V,C,71.82,71.82
18/01/2024,23:45,[23:30-23:45[,S,V,F,V,C,71.82,71.82
18/01/2024,23:59,[23:45-00:00[,S,V,F,V,C,71.82,71.82
19/01/2024,00:15,[00:00-00:15[,S,V,V,V,V,67.44,67.44
19/01/2024,00:30,[00:15-00:30[,S,V,V,V,V,67.44,67.44
19/01/2024,00:45,[00:30-00:45[,S,V,V,V,V,67.44,67.44
19/01/2024,01:00,[00:45-01:00[,S,V,V,V,V,67.44,67.44
19/01/2024,01:15,[01:00-01:15[,S,V,V,V,V,67.17,67.17
19/01/2024,01:30,[01:15-01:30[,S,V,V,V,V,67.17,67.17
19/01/2024,01:45,[01:30-01:45[,S,V,V,V,V,67.17,67.17
19/01/2024,02:00,[01:45-02:00[,S,V,V,V,V,67.17,67.17
19/01/2024,02:15,[02:00-02:15[,S,V,V,V,V,60.00,60.00
19/01/2024,02:30,[02:15-02:30[,S,V,V,V,V,60.00,60.00
19/01/2024,02:45,[02:30-02:45[,S,V,V,V,V,60.00,60.00
19/01/2024,03:00,[02:45-03:00[,S,V,V,V,V,60.00,60.00
19/01/2024,03:15,[03:00-03:15[,S,V,V,V,V,54.79,54.79
19/01/2024,03:30,[03:15-03:30[,S,V,V,V,V,54.79,54.79
19/01/2024,03:45,[03:30-03:45[,S,V,V,V,V,54.79,54.79
19/01/2024,04:00,[03:45-04:00[,S,V,V,V,V,54.79,54.79
19/01/2024,04:15,[04:00-04:15[,S,V,V,V,V,50.00,50.00
19/01/2024,04:30,[04:15-04:30[,S,V,V,V,V,50.00,50.00
19/01/2024,04:45,[04:30-04:45[,S,V,V,V,V,50.00,50.00
19/01/2024,05:00,[04:45-05:00[,S,V,V,V,V,50.00,50.00
19/01/2024,05:15,[05:00-05:15[,S,V,V,V,V,60.00,60.00
19/01/2024,05:30,[05:15-05:30[,S,V,V,V,V,60.00,60.00
19/01/2024,05:45,[05:30-05:45[,S,V,V,V,V,60.00,60.00
19/01/2024,06:00,[05:45-06:00[,S,V,V,V,V,60.00,60.00
19/01/2024,06:15,[06:00-06:15[,S,V,V,V,V,74.40,74.40
19/01/2024,06:30,[06:15-06:30[,S,V,V,V,V,74.40,74.40
19/01/2024,06:45,[06:30-06:45[,S,V,V,V,V,74.40,74.40
19/01/2024,07:00,[06:45-07:00[,S,V,V,V,V,74.40,74.40
19/01/2024,07:15,[07:00-07:15[,S,V,F,V,C,82.32,82.32
19/01/2024,07:30,[07:15-07:30[,S,V,F,V,C,82.32,82.32
19/01/2024,07:45,[07:30-07:45[,S,V,F,V,C,82.32,82.32
19/01/2024,08:00,[07:45-08:00[,S,V,F,V,C,82.32,82.32
19/01/2024,08:15,[08:00-08:15[,S,F,F,C,C,87.33,87.33
19/01/2024,08:30,[08:15-08:30[,S,F,F,C,C,87.33,87.33
19/01/2024,08:45,[08:30-08:45[,S,F,F,C,C,87.33,87.33
19/01/2024,09:00,[08:45-09:00[,S,F,F,C,C,87.33,87.33
19/01/2024,09:15,[09:00-09:15[,S,F,F,P,C,81.00,81.00
19/01/2024,09:30,[09:15-09:30[,S,F,F,P,C,81.00,81.00
19/01/2024,09:45,[09:30-09:45[,S,F,F,P,P,81.00,81.00
19/01/2024,10:00,[09:45-10:00[,S,F,F,P,P,81.00,81.00
19/01/2024,10:15,[10:00-10:15[,S,F,F,P,P,78.00,78.00
19/01/2024,10:30,[10:15-10:30[,S,F,F,P,P,78.00,78.00
19/01/2024,10:45,[10:30-10:45[,S,F,F,C,P,78.00,78.00
19/01/2024,11:00,[10:45-11:00[,S,F,F,C,P,78.00,78.00
19/01/2024,11:15,[11:00-11:15[,S,F,F,C,P,78.74,78.74
19/01/2024,11:30,[11:15-11:30[,S,F,F,C,P,78.74,78.74
19/01/2024,11:45,[11:30-11:45[,S,F,F,C,P,78.74,78.74
19/01/2024,12:00,[11:45-12:00[,S,F,F,C,P,78.74,78.74
19/01/2024,12:15,[12:00-12:15[,S,F,F,C,C,70.83,70.83
19/01/2024,12:30,[12:15-12:30[,S,F,F,C,C,70.83,70.83
19/01/2024,12:45,[12:30-12:45[,S,F,F,C,C,70.83,70.83
19/01/2024,13:00,[12:45-13:00[,S,F,F,C,C,70.83,70.83
19/01/2024,13:15,[13:00-13:15[,S,F,F,C,C,61.13,61.13
19/01/2024,13:30,[13:15-13:30[,S,F,F,C,C,61.13,61.13
19/01/2024,13:45,[13:30-13:45[,S,F,F,C,C,61.13,61.13
19/01/2024,14:00,[13:45-14:00[,S,F,F,C,C,61.13,61.13
19/01/2024,14:15,[14:00-14:15[,S,F,F,C,C,60.14,60.14
19/01/2024,14:30,[14:15-14:30[,S,F,F,C,C,60.14,60.14
19/01/2024,14:45,[14:30-14:45[,S,F,F,C,C,60.14,60.14
19/01/2024,15:00,[14:45-15:00[,S,F,F,C,C,60.14,60.14
19/01/2024,15:15,[15:00-15:15[,S,F,F,C,C,63.00,63.00
19/01/2024,15:30,[15:15-15:30[,S,F,F,C,C,63.00,63.00
19/01/2024,15:45,[15:30-15:45[,S,F,F,C,C,63.00,63.00
19/01/2024,16:00,[15:45-16:00[,S,F,F,C,C,63.00,63.00
19/01/2024,16:15,[16:00-16:15[,S,F,F,C,C,69.18,69.18
19/01/2024,16:30,[16:15-16:30[,S,F,F,C,C,69.18,69.18
19/01/2024,16:45,[16:30-16:45[,S,F,F,C,C,69.18,69.18
19/01/2024,17:00,[16:45-17:00[,S,F,F,C,C,69.18,69.18
19/01/2024,17:15,[17:00-17:15[,S,F,F,C,C,80.50,80.50
19/01/2024,17:30,[17:15-17:30[,S,F,F,C,C,80.50,80.50
19/01/2024,17:45,[17:30-17:45[,S,F,F,C,C,80.50,80.50
19/01/2024,18:00,[17:45-18:00[,S,F,F,C,C,80.50,80.50
19/01/2024,18:15,[18:00-18:15[,S,F,F,P,C,84.20,84.20
19/01/2024,18:30,[18:15-18:30[,S,F,F,P,C,84.20,84.20
19/01/2024,18:45,[18:30-18:45[,S,F,F,P,P,84.20,84.20
19/01/2024,19:00,[18:45-19:00[,S,F,F,P,P,84.20,84.20
19/01/2024,19:15,[19:00-19:15[,S,F,F,P,P,82.88,82.88
19/01/2024,19:30,[19:15-19:30[,S,F,F,P,P,82.88,82.88
19/01/2024,19:45,[19:30-19:45[,S,F,F,P,P,82.88,82.88
19/01/2024,20:00,[19:45-20:00[,S,F,F,P,P,82.88,82.88
19/01/2024,20:15,[20:00-20:15[,S,F,F,P,P,80.50,80.50
19/01/2024,20:30,[20:15-20:30[,S,F,F,P,P,80.50,80.50
19/01/2024,20:45,[20:30-20:45[,S,F,F,C,P,80.50,80.50
19/01/2024,21:00,[20:45-21:00[,S,F,F,C,P,80.50,80.50
19/01/2024,21:15,[21:00-21:15[,S,F,F,C,C,74.40,74.40
19/01/2024,21:30,[21:15-21:30[,S,F,F,C,C,74.40,74.40
19/01/2024,21:45,[21:30-21:45[,S,F,F,C,C,74.40,74.40
19/01/2024,22:00,[21:45-22:00[,S,F,F,C,C,74.40,74.40
19/01/2024,22:15,[22:00-22:15[,S,V,F,V,C,61.00,61.00
19/01/2024,22:30,[22:15-22:30[,S,V,F,V,C,61.00,61.00
19/01/2024,22:45,[22:30-22:45[,S,V,F,V,C,61.00,61.00
19/01/2024,23:00,[22:45-23:00[,S,V,F,V,C,61.00,61.00
19/01/2024,23:15,[23:00-23:15[,S,V,F,V,C,73.75,73.75
19/01/2024,23:30,[23:15-23:30[,S,V,F,V,C,73.75,73.75
19/01/2024,23:45,[23:30-23:45[,S,V,F,V,C,73.75,73.75
19/01/2024,23:59,[23:45-00:00[,S,V,F,V,C,73.75,73.75
20/01/2024,00:15,[00:00-00:15[,S,V,V,V,V,63.92,63.92
20/01/2024,00:30,[00:15-00:30[,S,V,V,V,V,63.92,63.92
20/01/2024,00:45,[00:30-00:45[,S,V,V,V,V,63.92,63.92
20/01/2024,01:00,[00:45-01:00[,S,V,V,V,V,63.92,63.92
20/01/2024,01:15,[01:00-01:15[,S,V,V,V,V,63.81,63.81
20/01/2024,01:30,[01:15-01:30[,S,V,V,V,V,63.81,63.81
20/01/2024,01:45,[01:30-01:45[,S,V,V,V,V,63.81,63.81
20/01/2024,02:00,[01:45-02:00[,S,V,V,V,V,63.81,63.81
20/01/2024,02:15,[02:00-02:15[,S,V,V,V,V,63.81,63.81
20/01/2024,02:30,[02:15-02:30[,S,V,V,V,V,63.81,63.81
20/01/2024,02:45,[02:30-02:45[,S,V,V,V,V,63.81,63.81
20/01/2024,03:00,[02:45-03:00[,S,V,V,V,V,63.81,63.81
20/01/2024,03:15,[03:00-03:15[,S,V,V,V,V,63.68,63.68
20/01/2024,03:30,[03:15-03:30[,S,V,V,V,V,63.68,63.68
20/01/2024,03:45,[03:30-03:45[,S,V,V,V,V,63.68,63.68
20/01/2024,04:00,[03:45-04:00[,S,V,V,V,V,63.68,63.68
20/01/2024,04:15,[04:00-04:15[,S,V,V,V,V,66.10,66.10
20/01/2024,04:30,[04:15-04:30[,S,V,V,V,V,66.10,66.10
20/01/2024,04:45,[04:30-04:45[,S,V,V,V,V,66.10,66.10
20/01/2024,05:00,[04:45-05:00[,S,V,V,V,V,66.10,66.10
20/01/2024,05:15,[05:00-05:15[,S,V,V,V,V,70.30,70.30
20/01/2024,05:30,[05:15-05:30[,S,V,V,V,V,70.30,70.30
20/01/2024,05:45,[05:30-05:45[,S,V,V,V,V,70.30,70.30
20/01/2024,06:00,[05:45-06:00[,S,V,V,V,V,70.30,70.30
20/01/2024,06:15,[06:00-06:15[,S,V,V,V,V,75.93,75.93
20/01/2024,06:30,[06:15-06:30[,S,V,V,V,V,75.93,75.93
20/01/2024,06:45,[06:30-06:45[,S,V,V,V,V,75.93,75.93
20/01/2024,07:00,[06:45-07:00[,S,V,V,V,V,75.93,75.93
20/01/2024,07:15,[07:00-07:15[,S,V,V,V,V,84.09,84.09
20/01/2024,07:30,[07:15-07:30[,S,V,V,V,V,84.09,84.09
20/01/2024,07:45,[07:30-07:45[,S,V,V,V,V,84.09,84.09
20/01/2024,08:00,[07:45-08:00[,S,V,V,V,V,84.09,84.09
20/01/2024,08:15,[08:00-08:15[,S,F,V,C,V,88.31,88.31
20/01/2024,08:30,[08:15-08:30[,S,F,V,C,V,88.31,88.31
20/01/2024,08:45,[08:30-08:45[,S,F,V,C,V,88.31,88.31
20/01/2024,09:00,[08:45-09:00[,S,F,V,C,V,88.31,88.31
20/01/2024,09:15,[09:00-09:15[,S,F,V,P,V,82.85,82.85
20/01/2024,09:30,[09:15-09:30[,S,F,V,P,V,82.85,82.85
20/01/2024,09:45,[09:30-09:45[,S,F,F,P,C,82.85,82.85
20/01/2024,10:00,[09:45-10:00[,S,F,F,P,C,82.85,82.85
20/01/2024,10:15,[10:00-10:15[,S,F,F,P,C,76.64,76.64
20/01/2024,10:30,[10:15-10:30[,S,F,F,P,C,76.64,76.64
20/01/2024,10:45,[10:30-10:45[,S,F,F,C,C,76.64,76.64
20/01/2024,11:00,[10:45-11:00[,S,F,F,C,C,76.64,76.64
20/01/2024,11:15,[11:00-11:15[,S,F,F,C,C,74.65,74.65
20/01/2024,11:30,[11:15-11:30[,S,F,F,C,C,74.65,74.65
20/01/2024,11:45,[11:30-11:45[,S,F,F,C,C,74.65,74.65
20/01/2024,12:00,[11:45-12:00[,S,F,F,C,C,74.65,74.65
20/01/2024,12:15,[12:00-12:15[,S,F,F,C,C,69.84,69.84
20/01/2024,12:30,[12:15-12:30[,S,F,F,C,C,69.84,69.84
20/01/2024,12:45,[12:30-12:45[,S,F,F,C,C,69.84,69.84
20/01/2024,13:00,[12:45-13:00[,S,F,F,C,C,69.84,69.84
20/01/2024,13:15,[13:00-13:15[,S,F,V,C,V,73.41,73.41
20/01/2024,13:30,[13:15-13:30[,S,F,V,C,V,73.41,73.41
20/01/2024,13:45,[13:30-13:45[,S,F,V,C,V,73.41,73.41
20/01/2024,14:00,[13:45-14:00[,S,F,V,C,V,73.41,73.41
20/01/2024,14:15,[14:00-14:15[,S,F,V,C,V,79.21,79.21
20/01/2024,14:30,[14:15-14:30[,S,F,V,C,V,79.21,79.21
20/01/2024,14:45,[14:30-14:45[,S,F,V,C,V,79.21,79.21
20/01/2024,15:00,[14:45-15:00[,S,F,V,C,V,79.21,79.21
20/01/2024,15:15,[15:00-15:15[,S,F,V,C,V,87.97,87.97
20/01/2024,15:30,[15:15-15:30[,S,F,V,C,V,87.97,87.97
20/01/2024,15:45,[15:30-15:45[,S,F,V,C,V,87.97,87.97
20/01/2024,16:00,[15:45-16:00[,S,F,V,C,V,87.97,87.97
20/01/2024,16:15,[16:00-16:15[,S,F,V,C,V,95.07,95.07
20/01/2024,16:30,[16:15-16:30[,S,F,V,C,V,95.07,95.07
20/01/2024,16:45,[16:30-16:45[,S,F,V,C,V,95.07,95.07
20/01/2024,17:00,[16:45-17:00[,S,F,V,C,V,95.07,95.07
20/01/2024,17:15,[17:00-17:15[,S,F,V,C,V,99.94,99.94
20/01/2024,17:30,[17:15-17:30[,S,F,V,C,V,99.94,99.94
20/01/2024,17:45,[17:30-17:45[,S,F,V,C,V,99.94,99.94
20/01/2024,18:00,[17:45-18:00[,S,F,V,C,V,99.94,99.94
20/01/2024,18:15,[18:00-18:15[,S,F,V,P,V,99.58,99.58
20/01/2024,18:30,[18:15-18:30[,S,F,V,P,V,99.58,99.58
20/01/2024,18:45,[18:30-18:45[,S,F,F,P,C,99.58,99.58
20/01/2024,19:00,[18:45-19:00[,S,F,F,P,C,99.58,99.58
20/01/2024,19:15,[19:00-19:15[,S,F,F,P,C,99.94,99.94
20/01/2024,19:30,[19:15-19:30[,S,F,F,P,C,99.94,99.94
20/01/2024,19:45,[19:30-19:45[,S,F,F,P,C,99.94,99.94
20/01/2024,20:00,[19:45-20:00[,S,F,F,P,C,99.94,99.94
20/01/2024,20:15,[20:00-20:15[,S,F,F,P,C,99.58,99.58
20/01/2024,20:30,[20:15-20:30[,S,F,F,P,C,99.58,99.58
20/01/2024,20:45,[20:30-20:45[,S,F,F,C,C,99.58,99.58
20/01/2024,21:00,[20:45-21:00[,S,F,F,C,C,99.58,99.58
20/01/2024,21:15,[21:00-21:15[,S,F,F,C,C,94.46,94.46
20/01/2024,21:30,[21:15-21:30[,S,F,F,C,C,94.46,94.46
20/01/2024,21:45,[21:30-21:45[,S,F,F,C,C,94.46,94.46
20/01/2024,22:00,[21:45-22:00[,S,F,F,C,C,94.46,94.46
20/01/2024,22:15,[22:00-22:15[,S,V,V,V,V,85.78,85.78
20/01/2024,22:30,[22:15-22:30[,S,V,V,V,V,85.78,85.78
20/01/2024,22:45,[22:30-22:45[,S,V,V,V,V,85.78,85.78
20/01/2024,23:00,[22:45-23:00[,S,V,V,V,V,85.78,85.78
20/01/2024,23:15,[23:00-23:15[,S,V,V,V,V,69.07,69.07
20/01/2024,23:30,[23:15-23:30[,S,V,V,V,V,69.07,69.07
20/01/2024,23:45,[23:30-23:45[,S,V,V,V,V,69.07,69.07
20/01/2024,23:59,[23:45-00:00[,S,V,V,V,V,69.07,69.07
21/01/2024,00:15,[00:00-00:15[,S,V,V,V,V,59.11,59.11
21/01/2024,00:30,[00:15-00:30[,S,V,V,V,V,59.11,59.11
21/01/2024,00:45,[00:30-00:45[,S,V,V,V,V,59.11,59.11
21/01/2024,01:00,[00:45-01:00[,S,V,V,V,V,59.11,59.11
21/01/2024,01:15,[01:00-01:15[,S,V,V,V,V,58.20,58.20
21/01/2024,01:30,[01:15-01:30[,S,V,V,V,V,58.20,58.20
21/01/2024,01:45,[01:30-01:45[,S,V,V,V,V,58.20,58.20
21/01/2024,02:00,[01:45-02:00[,S,V,V,V,V,58.20,58.20
21/01/2024,02:15,[02:00-02:15[,S,V,V,V,V,57.57,57.57
21/01/2024,02:30,[02:15-02:30[,S,V,V,V,V,57.57,57.57
21/01/2024,02:45,[02:30-02:45[,S,V,V,V,V,57.57,57.57
21/01/2024,03:00,[02:45-03:00[,S,V,V,V,V,57.57,57.57
21/01/2024,03:15,[03:00-03:15[,S,V,V,V,V,57.50,57.50
21/01/2024,03:30,[03:15-03:30[,S,V,V,V,V,57.50,57.50
21/01/2024,03:45,[03:30-03:45[,S,V,V,V,V,57.50,57.50
21/01/2024,04:00,[03:45-04:00[,S,V,V,V,V,57.50,57.50
21/01/2024,04:15,[04:00-04:15[,S,V,V,V,V,57.50,57.50
21/01/2024,04:30,[04:15-04:30[,S,V,V,V,V,57.50,57.50
21/01/2024,04:45,[04:30-04:45[,S,V,V,V,V,57.50,57.50
21/01/2024,05:00,[04:45-05:00[,S,V,V,V,V,57.50,57.50
21/01/2024,05:15,[05:00-05:15[,S,V,V,V,V,57.50,57.50
21/01/2024,05:30,[05:15-05:30[,S,V,V,V,V,57.50,57.50
21/01/2024,05:45,[05:30-05:45[,S,V,V,V,V,57.50,57.50
21/01/2024,06:00,[05:45-06:00[,S,V,V,V,V,57.50,57.50
21/01/2024,06:15,[06:00-06:15[,S,V,V,V,V,59.00,59.00
21/01/2024,06:30,[06:15-06:30[,S,V,V,V,V,59.00,59.00
21/01/2024,06:45,[06:30-06:45[,S,V,V,V,V,59.00,59.00
21/01/2024,07:00,[06:45-07:00[,S,V,V,V,V,59.00,59.00
21/01/2024,07:15,[07:00-07:15[,S,V,V,V,V,60.10,60.10
21/01/2024,07:30,[07:15-07:30[,S,V,V,V,V,60.10,60.10
21/01/2024,07:45,[07:30-07:45[,S,V,V,V,V,60.10,60.10
21/01/2024,08:00,[07:45-08:00[,S,V,V,V,V,60.10,60.10
21/01/2024,08:15,[08:00-08:15[,S,F,V,C,V,59.00,59.00
21/01/2024,08:30,[08:15-08:30[,S,F,V,C,V,59.00,59.00
21/01/2024,08:45,[08:30-08:45[,S,F,V,C,V,59.00,59.00
21/01/2024,09:00,[08:45-09:00[,S,F,V,C,V,59.00,59.00
21/01/2024,09:15,[09:00-09:15[,S,F,V,P,V,58.64,58.64
21/01/2024,09:30,[09:15-09:30[,S,F,V,P,V,58.64,58.64
21/01/2024,09:45,[09:30-09:45[,S,F,V,P,V,58.64,58.64
21/01/2024,10:00,[09:45-10:00[,S,F,V,P,V,58.64,58.64
21/01/2024,10:15,[10:00-10:15[,S,F,V,P,V,56.80,56.80
21/01/2024,10:30,[10:15-10:30[,S,F,V,P,V,56.80,56.80
21/01/2024,10:45,[10:30-10:45[,S,F,V,C,V,56.80,56.80
21/01/2024,11:00,[10:45-11:00[,S,F,V,C,V,56.80,56.80
21/01/2024,11:15,[11:00-11:15[,S,F,V,C,V,56.36,56.36
21/01/2024,11:30,[11:15-11:30[,S,F,V,C,V,56.36,56.36
21/01/2024,11:45,[11:30-11:45[,S,F,V,C,V,56.36,56.36
21/01/2024,12:00,[11:45-12:00[,S,F,V,C,V,56.36,56.36
21/01/2024,12:15,[12:00-12:15[,S,F,V,C,V,47.42,47.42
21/01/2024,12:30,[12:15-12:30[,S,F,V,C,V,47.42,47.42
21/01/2024,12:45,[12:30-12:45[,S,F,V,C,V,47.42,47.42
21/01/2024,13:00,[12:45-13:00[,S,F,V,C,V,47.42,47.42
21/01/2024,13:15,[13:00-13:15[,S,F,V,C,V,52.67,52.67
21/01/2024,13:30,[13:15-13:30[,S,F,V,C,V,52.67,52.67
21/01/2024,13:45,[13:30-13:45[,S,F,V,C,V,52.67,52.67
21/01/2024,14:00,[13:45-14:00[,S,F,V,C,V,52.67,52.67
21/01/2024,14:15,[14:00-14:15[,S,F,V,C,V,53.75,53.75
21/01/2024,14:30,[14:15-14:30[,S,F,V,C,V,53.75,53.75
21/01/2024,14:45,[14:30-14:45[,S,F,V,C,V,53.75,53.75
21/01/2024,15:00,[14:45-15:00[,S,F,V,C,V,53.75,53.75
21/01/2024,15:15,[15:00-15:15[,S,F,V,C,V,56.89,56.89
21/01/2024,15:30,[15:15-15:30[,S,F,V,C,V,56.89,56.89
21/01/2024,15:45,[15:30-15:45[,S,F,V,C,V,56.89,56.89
21/01/2024,16:00,[15:45-16:00[,S,F,V,C,V,56.89,56.89
21/01/2024,16:15,[16:00-16:15[,S,F,V,C,V,64.89,64.89
21/01/2024,16:30,[16:15-16:30[,S,F,V,C,V,64.89,64.89
21/01/2024,16:45,[16:30-16:45[,S,F,V,C,V,64.89,64.89
21/01/2024,17:00,[16:45-17:00[,S,F,V,C,V,64.89,64.89
21/01/2024,17:15,[17:00-17:15[,S,F,V,C,V,83.98,83.98
21/01/2024,17:30,[17:15-17:30[,S,F,V,C,V,83.98,83.98
21/01/2024,17:45,[17:30-17:45[,S,F,V,C,V,83.98,83.98
21/01/2024,18:00,[17:45-18:00[,S,F,V,C,V,83.98,83.98
21/01/2024,18:15,[18:00-18:15[,S,F,V,P,V,93.52,93.52
21/01/2024,18:30,[18:15-18:30[,S,F,V,P,V,93.52,93.52
21/01/2024,18:45,[18:30-18:45[,S,F,V,P,V,93.52,93.52
21/01/2024,19:00,[18:45-19:00[,S,F,V,P,V,93.52,93.52
21/01/2024,19:15,[19:00-19:15[,S,F,V,P,V,95.62,95.62
21/01/2024,19:30,[19:15-19:30[,S,F,V,P,V,95.62,95.62
21/01/2024,19:45,[19:30-19:45[,S,F,V,P,V,95.62,95.62
21/01/2024,20:00,[19:45-20:00[,S,F,V,P,V,95.62,95.62
21/01/2024,20:15,[20:00-20:15[,S,F,V,P,V,94.52,94.52
21/01/2024,20:30,[20:15-20:30[,S,F,V,P,V,94.52,94.52
21/01/2024,20:45,[20:30-20:45[,S,F,V,C,V,94.52,94.52
21/01/2024,21:00,[20:45-21:00[,S,F,V,C,V,94.52,94.52
21/01/2024,21:15,[21:00-21:15[,S,F,V,C,V,76.83,76.83
21/01/2024,21:30,[21:15-21:30[,S,F,V,C,V,76.83,76.83
21/01/2024,21:45,[21:30-21:45[,S,F,V,C,V,76.83,76.83
21/01/2024,22:00,[21:45-22:00[,S,F,V,C,V,76.83,76.83
21/01/2024,22:15,[22:00-22:15[,S,V,V,V,V,59.20,59.20
21/01/2024,22:30,[22:15-22:30[,S,V,V,V,V,59.20,59.20
21/01/2024,22:45,[22:30-22:45[,S,V,V,V,V,59.20,59.20
21/01/2024,23:00,[22:45-23:00[,S,V,V,V,V,59.20,59.20
21/01/2024,23:15,[23:00-23:15[,S,V,V,V,V,47.00,47.00
21/01/2024,23:30,[23:15-23:30[,S,V,V,V,V,47.00,47.00
21/01/2024,23:45,[23:30-23:45[,S,V,V,V,V,47.00,47.00
21/01/2024,23:59,[23:45-00:00[,S,V,V,V,V,47.00,47.00
22/01/2024,00:15,[00:00-00:15[,S,V,V,V,V,46.79,41.80
22/01/2024,00:30,[00:15-00:30[,S,V,V,V,V,46.79,41.80
22/01/2024,00:45,[00:30-00:45[,S,V,V,V,V,46.79,41.80
22/01/2024,01:00,[00:45-01:00[,S,V,V,V,V,46.79,41.80
22/01/2024,01:15,[01:00-01:15[,S,V,V,V,V,44.76,35.00
22/01/2024,01:30,[01:15-01:30[,S,V,V,V,V,44.76,35.00
22/01/2024,01:45,[01:30-01:45[,S,V,V,V,V,44.76,35.00
22/01/2024,02:00,[01:45-02:00[,S,V,V,V,V,44.76,35.00
22/01/2024,02:15,[02:00-02:15[,S,V,V,V,V,40.80,25.00
22/01/2024,02:30,[02:15-02:30[,S,V,V,V,V,40.80,25.00
22/01/2024,02:45,[02:30-02:45[,S,V,V,V,V,40.80,25.00
22/01/2024,03:00,[02:45-03:00[,S,V,V,V,V,40.80,25.00
22/01/2024,03:15,[03:00-03:15[,S,V,V,V,V,40.80,28.10
22/01/2024,03:30,[03:15-03:30[,S,V,V,V,V,40.80,28.10
22/01/2024,03:45,[03:30-03:45[,S,V,V,V,V,40.80,28.10
22/01/2024,04:00,[03:45-04:00[,S,V,V,V,V,40.80,28.10
22/01/2024,04:15,[04:00-04:15[,S,V,V,V,V,40.10,40.00
22/01/2024,04:30,[04:15-04:30[,S,V,V,V,V,40.10,40.00
22/01/2024,04:45,[04:30-04:45[,S,V,V,V,V,40.10,40.00
22/01/2024,05:00,[04:45-05:00[,S,V,V,V,V,40.10,40.00
22/01/2024,05:15,[05:00-05:15[,S,V,V,V,V,49.01,49.01
22/01/2024,05:30,[05:15-05:30[,S,V,V,V,V,49.01,49.01
22/01/2024,05:45,[05:30-05:45[,S,V,V,V,V,49.01,49.01
22/01/2024,06:00,[05:45-06:00[,S,V,V,V,V,49.01,49.01
22/01/2024,06:15,[06:00-06:15[,S,V,V,V,V,75.00,75.00
22/01/2024,06:30,[06:15-06:30[,S,V,V,V,V,75.00,75.00
22/01/2024,06:45,[06:30-06:45[,S,V,V,V,V,75.00,75.00
22/01/2024,07:00,[06:45-07:00[,S,V,V,V,V,75.00,75.00
22/01/2024,07:15,[07:00-07:15[,S,V,F,V,C,92.69,92.69
22/01/2024,07:30,[07:15-07:30[,S,V,F,V,C,92.69,92.69
22/01/2024,07:45,[07:30-07:45[,S,V,F,V,C,92.69,92.69
22/01/2024,08:00,[07:45-08:00[,S,V,F,V,C,92.69,92.69
22/01/2024,08:15,[08:00-08:15[,S,F,F,C,C,86.66,86.66
22/01/2024,08:30,[08:15-08:30[,S,F,F,C,C,86.66,86.66
22/01/2024,08:45,[08:30-08:45[,S,F,F,C,C,86.66,86.66
22/01/2024,09:00,[08:45-09:00[,S,F,F,C,C,86.66,86.66
22/01/2024,09:15,[09:00-09:15[,S,F,F,P,C,71.08,71.08
22/01/2024,09:30,[09:15-09:30[,S,F,F,P,C,71.08,71.08
22/01/2024,09:45,[09:30-09:45[,S,F,F,P,P,71.08,71.08
22/01/2024,10:00,[09:45-10:00[,S,F,F,P,P,71.08,71.08
22/01/2024,10:15,[10:00-10:15[,S,F,F,P,P,61.99,61.99
22/01/2024,10:30,[10:15-10:30[,S,F,F,P,P,61.99,61.99
22/01/2024,10:45,[10:30-10:45[,S,F,F,C,P,61.99,61.99
22/01/2024,11:00,[10:45-11:00[,S,F,F,C,P,61.99,61.99
22/01/2024,11:15,[11:00-11:15[,S,F,F,C,P,57.67,57.67
22/01/2024,11:30,[11:15-11:30[,S,F,F,C,P,57.67,57.67
22/01/2024,11:45,[11:30-11:45[,S,F,F,C,P,57.67,57.67
22/01/2024,12:00,[11:45-12:00[,S,F,F,C,P,57.67,57.67
22/01/2024,12:15,[12:00-12:15[,S,F,F,C,C,58.48,58.48
22/01/2024,12:30,[12:15-12:30[,S,F,F,C,C,58.48,58.48
22/01/2024,12:45,[12:30-12:45[,S,F,F,C,C,58.48,58.48
22/01/2024,13:00,[12:45-13:00[,S,F,F,C,C,58.48,58.48
22/01/2024,13:15,[13:00-13:15[,S,F,F,C,C,59.87,59.87
22/01/2024,13:30,[13:15-13:30[,S,F,F,C,C,59.87,59.87
22/01/2024,13:45,[13:30-13:45[,S,F,F,C,C,59.87,59.87
22/01/2024,14:00,[13:45-14:00[,S,F,F,C,C,59.87,59.87
22/01/2024,14:15,[14:00-14:15[,S,F,F,C,C,59.99,59.99
22/01/2024,14:30,[14:15-14:30[,S,F,F,C,C,59.99,59.99
22/01/2024,14:45,[14:30-14:45[,S,F,F,C,C,59.99,59.99
22/01/2024,15:00,[14:45-15:00[,S,F,F,C,C,59.99,59.99
22/01/2024,15:15,[15:00-15:15[,S,F,F,C,C,66.07,66.07
22/01/2024,15:30,[15:15-15:30[,S,F,F,C,C,66.07,66.07
22/01/2024,15:45,[15:30-15:45[,S,F,F,C,C,66.07,66.07
22/01/2024,16:00,[15:45-16:00[,S,F,F,C,C,66.07,66.07
22/01/2024,16:15,[16:00-16:15[,S,F,F,C,C,79.09,79.09
22/01/2024,16:30,[16:15-16:30[,S,F,F,C,C,79.09,79.09
22/01/2024,16:45,[16:30-16:45[,S,F,F,C,C,79.09,79.09
22/01/2024,17:00,[16:45-17:00[,S,F,F,C,C,79.09,79.09
22/01/2024,17:15,[17:00-17:15[,S,F,F,C,C,98.18,98.18
22/01/2024,17:30,[17:15-17:30[,S,F,F,C,C,98.18,98.18
22/01/2024,17:45,[17:30-17:45[,S,F,F,C,C,98.18,98.18
22/01/2024,18:00,[17:45-18:00[,S,F,F,C,C,98.18,98.18
22/01/2024,18:15,[18:00-18:15[,S,F,F,P,C,104.91,104.91
22/01/2024,18:30,[18:15-18:30[,S,F,F,P,C,104.91,104.91
22/01/2024,18:45,[18:30-18:45[,S,F,F,P,P,104.91,104.91
22/01/2024,19:00,[18:45-19:00[,S,F,F,P,P,104.91,104.91
22/01/2024,19:15,[19:00-19:15[,S,F,F,P,P,119.00,119.00
22/01/2024,19:30,[19:15-19:30[,S,F,F,P,P,119.00,119.00
22/01/2024,19:45,[19:30-19:45[,S,F,F,P,P,119.00,119.00
22/01/2024,20:00,[19:45-20:00[,S,F,F,P,P,119.00,119.00
22/01/2024,20:15,[20:00-20:15[,S,F,F,P,P,103.21,103.21
22/01/2024,20:30,[20:15-20:30[,S,F,F,P,P,103.21,103.21
22/01/2024,20:45,[20:30-20:45[,S,F,F,C,P,103.21,103.21
22/01/2024,21:00,[20:45-21:00[,S,F,F,C,P,103.21,103.21
22/01/2024,21:15,[21:00-21:15[,S,F,F,C,C,94.27,94.27
22/01/2024,21:30,[21:15-21:30[,S,F,F,C,C,94.27,94.27
22/01/2024,21:45,[21:30-21:45[,S,F,F,C,C,94.27,94.27
22/01/2024,22:00,[21:45-22:00[,S,F,F,C,C,94.27,94.27
22/01/2024,22:15,[22:00-22:15[,S,V,F,V,C,75.93,75.93
22/01/2024,22:30,[22:15-22:30[,S,V,F,V,C,75.93,75.93
22/01/2024,22:45,[22:30-22:45[,S,V,F,V,C,75.93,75.93
22/01/2024,23:00,[22:45-23:00[,S,V,F,V,C,75.93,75.93
22/01/2024,23:15,[23:00-23:15[,S,V,F,V,C,61.10,61.10
22/01/2024,23:30,[23:15-23:30[,S,V,F,V,C,61.10,61.10
22/01/2024,23:45,[23:30-23:45[,S,V,F,V,C,61.10,61.10
22/01/2024,23:59,[23:45-00:00[,S,V,F,V,C,61.10,61.10
23/01/2024,00:15,[00:00-00:15[,S,V,V,V,V,59.00,59.00
23/01/2024,00:30,[00:15-00:30[,S,V,V,V,V,59.00,59.00
23/01/2024,00:45,[00:30-00:45[,S,V,V,V,V,59.00,59.00
23/01/2024,01:00,[00:45-01:00[,S,V,V,V,V,59.00,59.00
23/01/2024,01:15,[01:00-01:15[,S,V,V,V,V,58.50,58.50
23/01/2024,01:30,[01:15-01:30[,S,V,V,V,V,58.50,58.50
23/01/2024,01:45,[01:30-01:45[,S,V,V,V,V,58.50,58.50
23/01/2024,02:00,[01:45-02:00[,S,V,V,V,V,58.50,58.50
23/01/2024,02:15,[02:00-02:15[,S,V,V,V,V,59.87,59.87
23/01/2024,02:30,[02:15-02:30[,S,V,V,V,V,59.87,59.87
23/01/2024,02:45,[02:30-02:45[,S,V,V,V,V,59.87,59.87
23/01/2024,03:00,[02:45-03:00[,S,V,V,V,V,59.87,59.87
23/01/2024,03:15,[03:00-03:15[,S,V,V,V,V,58.50,58.50
23/01/2024,03:30,[03:15-03:30[,S,V,V,V,V,58.50,58.50
23/01/2024,03:45,[03:30-03:45[,S,V,V,V,V,58.50,58.50
23/01/2024,04:00,[03:45-04:00[,S,V,V,V,V,58.50,58.50
23/01/2024,04:15,[04:00-04:15[,S,V,V,V,V,58.50,58.50
23/01/2024,04:30,[04:15-04:30[,S,V,V,V,V,58.50,58.50
23/01/2024,04:45,[04:30-04:45[,S,V,V,V,V,58.50,58.50
23/01/2024,05:00,[04:45-05:00[,S,V,V,V,V,58.50,58.50
23/01/2024,05:15,[05:00-05:15[,S,V,V,V,V,65.55,65.55
23/01/2024,05:30,[05:15-05:30[,S,V,V,V,V,65.55,65.55
23/01/2024,05:45,[05:30-05:45[,S,V,V,V,V,65.55,65.55
23/01/2024,06:00,[05:45-06:00[,S,V,V,V,V,65.55,65.55
23/01/2024,06:15,[06:00-06:15[,S,V,V,V,V,90.10,90.10
23/01/2024,06:30,[06:15-06:30[,S,V,V,V,V,90.10,90.10
23/01/2024,06:45,[06:30-06:45[,S,V,V,V,V,90.10,90.10
23/01/2024,07:00,[06:45-07:00[,S,V,V,V,V,90.10,90.10
23/01/2024,07:15,[07:00-07:15[,S,V,F,V,C,97.50,97.50
23/01/2024,07:30,[07:15-07:30[,S,V,F,V,C,97.50,97.50
23/01/2024,07:45,[07:30-07:45[,S,V,F,V,C,97.50,97.50
23/01/2024,08:00,[07:45-08:00[,S,V,F,V,C,97.50,97.50
23/01/2024,08:15,[08:00-08:15[,S,F,F,C,C,91.86,91.86
23/01/2024,08:30,[08:15-08:30[,S,F,F,C,C,91.86,91.86
23/01/2024,08:45,[08:30-08:45[,S,F,F,C,C,91.86,91.86
23/01/2024,09:00,[08:45-09:00[,S,F,F,C,C,91.86,91.86
23/01/2024,09:15,[09:00-09:15[,S,F,F,P,C,81.00,81.00
23/01/2024,09:30,[09:15-09:30[,S,F,F,P,C,81.00,81.00
23/01/2024,09:45,[09:30-09:45[,S,F,F,P,P,81.00,81.00
23/01/2024,10:00,[09:45-10:00[,S,F,F,P,P,81.00,81.00
23/01/2024,10:15,[10:00-10:15[,S,F,F,P,P,66.65,66.65
23/01/2024,10:30,[10:15-10:30[,S,F,F,P,P,66.65,66.65
23/01/2024,10:45,[10:30-10:45[,S,F,F,C,P,66.65,66.65
23/01/2024,11:00,[10:45-11:00[,S,F,F,C,P,66.65,66.65
23/01/2024,11:15,[11:00-11:15[,S,F,F,C,P,61.91,61.91
23/01/2024,11:30,[11:15-11:30[,S,F,F,C,P,61.91,61.91
23/01/2024,11:45,[11:30-11:45[,S,F,F,C,P,61.91,61.91
23/01/2024,12:00,[11:45-12:00[,S,F,F,C,P,61.91,61.91
23/01/2024,12:15,[12:00-12:15[,S,F,F,C,C,61.03,61.03
23/01/2024,12:30,[12:15-12:30[,S,F,F,C,C,61.03,61.03
23/01/2024,12:45,[12:30-12:45[,S,F,F,C,C,61.03,61.03
23/01/2024,13:00,[12:45-13:00[,S,F,F,C,C,61.03,61.03
23/01/2024,13:15,[13:00-13:15[,S,F,F,C,C,62.01,62.01
23/01/2024,13:30,[13:15-13:30[,S,F,F,C,C,62.01,62.01
23/01/2024,13:45,[13:30-13:45[,S,F,F,C,C,62.01,62.01
23/01/2024,14:00,[13:45-14:00[,S,F,F,C,C,62.01,62.01
23/01/2024,14:15,[14:00-14:15[,S,F,F,C,C,64.00,64.00
23/01/2024,14:30,[14:15-14:30[,S,F,F,C,C,64.00,64.00
23/01/2024,14:45,[14:30-14:45[,S,F,F,C,C,64.00,64.00
23/01/2024,15:00,[14:45-15:00[,S,F,F,C,C,64.00,64.00
23/01/2024,15:15,[15:00-15:15[,S,F,F,C,C,66.62,66.62
23/01/2024,15:30,[15:15-15:30[,S,F,F,C,C,66.62,66.62
23/01/2024,15:45,[15:30-15:45[,S,F,F,C,C,66.62,66.62
23/01/2024,16:00,[15:45-16:00[,S,F,F,C,C,66.62,66.62
23/01/2024,16:15,[16:00-16:15[,S,F,F,C,C,84.00,84.00
23/01/2024,16:30,[16:15-16:30[,S,F,F,C,C,84.00,84.00
23/01/2024,16:45,[16:30-16:45[,S,F,F,C,C,84.00,84.00
23/01/2024,17:00,[16:45-17:00[,S,F,F,C,C,84.00,84.00
23/01/2024,17:15,[17:00-17:15[,S,F,F,C,C,96.98,96.98
23/01/2024,17:30,[17:15-17:30[,S,F,F,C,C,96.98,96.98
23/01/2024,17:45,[17:30-17:45[,S,F,F,C,C,96.98,96.98
23/01/2024,18:00,[17:45-18:00[,S,F,F,C,C,96.98,96.98
23/01/2024,18:15,[18:00-18:15[,S,F,F,P,C,115.00,115.00
23/01/2024,18:30,[18:15-18:30[,S,F,F,P,C,115.00,115.00
23/01/2024,18:45,[18:30-18:45[,S,F,F,P,P,115.00,115.00
23/01/2024,19:00,[18:45-19:00[,S,F,F,P,P,115.00,115.00
23/01/2024,19:15,[19:00-19:15[,S,F,F,P,P,129.01,129.01
23/01/2024,19:30,[19:15-19:30[,S,F,F,P,P,129.01,129.01
23/01/2024,19:45,[19:30-19:45[,S,F,F,P,P,129.01,129.01
23/01/2024,20:00,[19:45-20:00[,S,F,F,P,P,129.01,129.01
23/01/2024,20:15,[20:00-20:15[,S,F,F,P,P,106.76,106.76
23/01/2024,20:30,[20:15-20:30[,S,F,F,P,P,106.76,106.76
23/01/2024,20:45,[20:30-20:45[,S,F,F,C,P,106.76,106.76
23/01/2024,21:00,[20:45-21:00[,S,F,F,C,P,106.76,106.76
23/01/2024,21:15,[21:00-21:15[,S,F,F,C,C,92.50,92.50
23/01/2024,21:30,[21:15-21:30[,S,F,F,C,C,92.50,92.50
23/01/2024,21:45,[21:30-21:45[,S,F,F,C,C,92.50,92.50
23/01/2024,22:00,[21:45-22:00[,S,F,F,C,C,92.50,92.50
23/01/2024,22:15,[22:00-22:15[,S,V,F,V,C,84.51,84.51
23/01/2024,22:30,[22:15-22:30[,S,V,F,V,C,84.51,84.51
23/01/2024,22:45,[22:30-22:45[,S,V,F,V,C,84.51,84.51
23/01/2024,23:00,[22:45-23:00[,S,V,F,V,C,84.51,84.51
23/01/2024,23:15,[23:00-23:15[,S,V,F,V,C,86.00,86.00
23/01/2024,23:30,[23:15-23:30[,S,V,F,V,C,86.00,86.00
23/01/2024,23:45,[23:30-23:45[,S,V,F,V,C,86.00,86.00
23/01/2024,23:59,[23:45-00:00[,S,V,F,V,C,86.00,86.00
24/01/2024,00:15,[00:00-00:15[,S,V,V,V,V,78.93,78.93
24/01/2024,00:30,[00:15-00:30[,S,V,V,V,V,78.93,78.93
24/01/2024,00:45,[00:30-00:45[,S,V,V,V,V,78.93,78.93
24/01/2024,01:00,[00:45-01:00[,S,V,V,V,V,78.93,78.93
24/01/2024,01:15,[01:00-01:15[,S,V,V,V,V,73.73,73.73
24/01/2024,01:30,[01:15-01:30[,S,V,V,V,V,73.73,73.73
24/01/2024,01:45,[01:30-01:45[,S,V,V,V,V,73.73,73.73
24/01/2024,02:00,[01:45-02:00[,S,V,V,V,V,73.73,73.73
24/01/2024,02:15,[02:00-02:15[,S,V,V,V,V,71.69,71.69
24/01/2024,02:30,[02:15-02:30[,S,V,V,V,V,71.69,71.69
24/01/2024,02:45,[02:30-02:45[,S,V,V,V,V,71.69,71.69
24/01/2024,03:00,[02:45-03:00[,S,V,V,V,V,71.69,71.69
24/01/2024,03:15,[03:00-03:15[,S,V,V,V,V,70.94,70.94
24/01/2024,03:30,[03:15-03:30[,S,V,V,V,V,70.94,70.94
24/01/2024,03:45,[03:30-03:45[,S,V,V,V,V,70.94,70.94
24/01/2024,04:00,[03:45-04:00[,S,V,V,V,V,70.94,70.94
24/01/2024,04:15,[04:00-04:15[,S,V,V,V,V,71.69,71.69
24/01/2024,04:30,[04:15-04:30[,S,V,V,V,V,71.69,71.69
24/01/2024,04:45,[04:30-04:45[,S,V,V,V,V,71.69,71.69
24/01/2024,05:00,[04:45-05:00[,S,V,V,V,V,71.69,71.69
24/01/2024,05:15,[05:00-05:15[,S,V,V,V,V,80.19,80.19
24/01/2024,05:30,[05:15-05:30[,S,V,V,V,V,80.19,80.19
24/01/2024,05:45,[05:30-05:45[,S,V,V,V,V,80.19,80.19
24/01/2024,06:00,[05:45-06:00[,S,V,V,V,V,80.19,80.19
24/01/2024,06:15,[06:00-06:15[,S,V,V,V,V,90.50,93.18
24/01/2024,06:30,[06:15-06:30[,S,V,V,V,V,90.50,93.18
24/01/2024,06:45,[06:30-06:45[,S,V,V,V,V,90.50,93.18
24/01/2024,07:00,[06:45-07:00[,S,V,V,V,V,90.50,93.18
24/01/2024,07:15,[07:00-07:15[,S,V,F,V,C,99.41,101.50
24/01/2024,07:30,[07:15-07:30[,S,V,F,V,C,99.41,101.50
24/01/2024,07:45,[07:30-07:45[,S,V,F,V,C,99.41,101.50
24/01/2024,08:00,[07:45-08:00[,S,V,F,V,C,99.41,101.50
24/01/2024,08:15,[08:00-08:15[,S,F,F,C,C,89.02,89.02
24/01/2024,08:30,[08:15-08:30[,S,F,F,C,C,89.02,89.02
24/01/2024,08:45,[08:30-08:45[,S,F,F,C,C,89.02,89.02
24/01/2024,09:00,[08:45-09:00[,S,F,F,C,C,89.02,89.02
24/01/2024,09:15,[09:00-09:15[,S,F,F,P,C,70.69,70.69
24/01/2024,09:30,[09:15-09:30[,S,F,F,P,C,70.69,70.69
24/01/2024,09:45,[09:30-09:45[,S,F,F,P,P,70.69,70.69
24/01/2024,10:00,[09:45-10:00[,S,F,F,P,P,70.69,70.69
24/01/2024,10:15,[10:00-10:15[,S,F,F,P,P,61.80,61.80
24/01/2024,10:30,[10:15-10:30[,S,F,F,P,P,61.80,61.80
24/01/2024,10:45,[10:30-10:45[,S,F,F,C,P,61.80,61.80
24/01/2024,11:00,[10:45-11:00[,S,F,F,C,P,61.80,61.80
24/01/2024,11:15,[11:00-11:15[,S,F,F,C,P,59.87,59.87
24/01/2024,11:30,[11:15-11:30[,S,F,F,C,P,59.87,59.87
24/01/2024,11:45,[11:30-11:45[,S,F,F,C,P,59.87,59.87
24/01/2024,12:00,[11:45-12:00[,S,F,F,C,P,59.87,59.87
24/01/2024,12:15,[12:00-12:15[,S,F,F,C,C,58.20,58.20
24/01/2024,12:30,[12:15-12:30[,S,F,F,C,C,58.20,58.20
24/01/2024,12:45,[12:30-12:45[,S,F,F,C,C,58.20,58.20
24/01/2024,13:00,[12:45-13:00[,S,F,F,C,C,58.20,58.20
24/01/2024,13:15,[13:00-13:15[,S,F,F,C,C,58.20,58.20
24/01/2024,13:30,[13:15-13:30[,S,F,F,C,C,58.20,58.20
24/01/2024,13:45,[13:30-13:45[,S,F,F,C,C,58.20,58.20
24/01/2024,14:00,[13:45-14:00[,S,F,F,C,C,58.20,58.20
24/01/2024,14:15,[14:00-14:15[,S,F,F,C,C,60.50,60.50
24/01/2024,14:30,[14:15-14:30[,S,F,F,C,C,60.50,60.50
24/01/2024,14:45,[14:30-14:45[,S,F,F,C,C,60.50,60.50
24/01/2024,15:00,[14:45-15:00[,S,F,F,C,C,60.50,60.50
24/01/2024,15:15,[15:00-15:15[,S,F,F,C,C,64.00,64.00
24/01/2024,15:30,[15:15-15:30[,S,F,F,C,C,64.00,64.00
24/01/2024,15:45,[15:30-15:45[,S,F,F,C,C,64.00,64.00
24/01/2024,16:00,[15:45-16:00[,S,F,F,C,C,64.00,64.00
24/01/2024,16:15,[16:00-16:15[,S,F,F,C,C,88.61,88.61
24/01/2024,16:30,[16:15-16:30[,S,F,F,C,C,88.61,88.61
24/01/2024,16:45,[16:30-16:45[,S,F,F,C,C,88.61,88.61
24/01/2024,17:00,[16:45-17:00[,S,F,F,C,C,88.61,88.61
24/01/2024,17:15,[17:00-17:15[,S,F,F,C,C,94.94,94.94
24/01/2024,17:30,[17:15-17:30[,S,F,F,C,C,94.94,94.94
24/01/2024,17:45,[17:30-17:45[,S,F,F,C,C,94.94,94.94
24/01/2024,18:00,[17:45-18:00[,S,F,F,C,C,94.94,94.94
24/01/2024,18:15,[18:00-18:15[,S,F,F,P,C,150.41,150.41
24/01/2024,18:30,[18:15-18:30[,S,F,F,P,C,150.41,150.41
24/01/2024,18:45,[18:30-18:45[,S,F,F,P,P,150.41,150.41
24/01/2024,19:00,[18:45-19:00[,S,F,F,P,P,150.41,150.41
24/01/2024,19:15,[19:00-19:15[,S,F,F,P,P,152.17,152.17
24/01/2024,19:30,[19:15-19:30[,S,F,F,P,P,152.17,152.17
24/01/2024,19:45,[19:30-19:45[,S,F,F,P,P,152.17,152.17
24/01/2024,20:00,[19:45-20:00[,S,F,F,P,P,152.17,152.17
24/01/2024,20:15,[20:00-20:15[,S,F,F,P,P,103.00,103.00
24/01/2024,20:30,[20:15-20:30[,S,F,F,P,P,103.00,103.00
24/01/2024,20:45,[20:30-20:45[,S,F,F,C,P,103.00,103.00
24/01/2024,21:00,[20:45-21:00[,S,F,F,C,P,103.00,103.00
24/01/2024,21:15,[21:00-21:15[,S,F,F,C,C,88.04,88.04
24/01/2024,21:30,[21:15-21:30[,S,F,F,C,C,88.04,88.04
24/01/2024,21:45,[21:30-21:45[,S,F,F,C,C,88.04,88.04
24/01/2024,22:00,[21:45-22:00[,S,F,F,C,C,88.04,88.04
24/01/2024,22:15,[22:00-22:15[,S,V,F,V,C,74.86,74.86
24/01/2024,22:30,[22:15-22:30[,S,V,F,V,C,74.86,74.86
24/01/2024,22:45,[22:30-22:45[,S,V,F,V,C,74.86,74.86
24/01/2024,23:00,[22:45-23:00[,S,V,F,V,C,74.86,74.86
24/01/2024,23:15,[23:00-23:15[,S,V,F,V,C,64.97,64.97
24/01/2024,23:30,[23:15-23:30[,S,V,F,V,C,64.97,64.97
24/01/2024,23:45,[23:30-23:45[,S,V,F,V,C,64.97,64.97
24/01/2024,23:59,[23:45-00:00[,S,V,F,V,C,64.97,64.97
25/01/2024,00:15,[00:00-00:15[,S,V,V,V,V,60.53,60.53
25/01/2024,00:30,[00:15-00:30[,S,V,V,V,V,60.53,60.53
25/01/2024,00:45,[00:30-00:45[,S,V,V,V,V,60.53,60.53
25/01/2024,01:00,[00:45-01:00[,S,V,V,V,V,60.53,60.53
25/01/2024,01:15,[01:00-01:15[,S,V,V,V,V,60.00,60.00
25/01/2024,01:30,[01:15-01:30[,S,V,V,V,V,60.00,60.00
25/01/2024,01:45,[01:30-01:45[,S,V,V,V,V,60.00,60.00
25/01/2024,02:00,[01:45-02:00[,S,V,V,V,V,60.00,60.00
25/01/2024,02:15,[02:00-02:15[,S,V,V,V,V,55.36,55.36
25/01/2024,02:30,[02:15-02:30[,S,V,V,V,V,55.36,55.36
25/01/2024,02:45,[02:30-02:45[,S,V,V,V,V,55.36,55.36
25/01/2024,03:00,[02:45-03:00[,S,V,V,V,V,55.36,55.36
25/01/2024,03:15,[03:00-03:15[,S,V,V,V,V,57.26,57.26
25/01/2024,03:30,[03:15-03:30[,S,V,V,V,V,57.26,57.26
25/01/2024,03:45,[03:30-03:45[,S,V,V,V,V,57.26,57.26
25/01/2024,04:00,[03:45-04:00[,S,V,V,V,V,57.26,57.26
25/01/2024,04:15,[04:00-04:15[,S,V,V,V,V,63.29,63.29
25/01/2024,04:30,[04:15-04:30[,S,V,V,V,V,63.29,63.29
25/01/2024,04:45,[04:30-04:45[,S,V,V,V,V,63.29,63.29
25/01/2024,05:00,[04:45-05:00[,S,V,V,V,V,63.29,63.29
25/01/2024,05:15,[05:00-05:15[,S,V,V,V,V,72.45,72.45
25/01/2024,05:30,[05:15-05:30[,S,V,V,V,V,72.45,72.45
25/01/2024,05:45,[05:30-05:45[,S,V,V,V,V,72.45,72.45
25/01/2024,06:00,[05:45-06:00[,S,V,V,V,V,72.45,72.45
25/01/2024,06:15,[06:00-06:15[,S,V,V,V,V,83.50,83.50
25/01/2024,06:30,[06:15-06:30[,S,V,V,V,V,83.50,83.50
25/01/2024,06:45,[06:30-06:45[,S,V,V,V,V,83.50,83.50
25/01/2024,07:00,[06:45-07:00[,S,V,V,V,V,83.50,83.50
25/01/2024,07:15,[07:00-07:15[,S,V,F,V,C,95.53,95.53
25/01/2024,07:30,[07:15-07:30[,S,V,F,V,C,95.53,95.53
25/01/2024,07:45,[07:30-07:45[,S,V,F,V,C,95.53,95.53
25/01/2024,08:00,[07:45-08:00[,S,V,F,V,C,95.53,95.53
25/01/2024,08:15,[08:00-08:15[,S,F,F,C,C,89.84,89.84
25/01/2024,08:30,[08:15-08:30[,S,F,F,C,C,89.84,89.84
25/01/2024,08:45,[08:30-08:45[,S,F,F,C,C,89.84,89.84
25/01/2024,09:00,[08:45-09:00[,S,F,F,C,C,89.84,89.84
25/01/2024,09:15,[09:00-09:15[,S,F,F,P,C,74.71,74.71
25/01/2024,09:30,[09:15-09:30[,S,F,F,P,C,74.71,74.71
25/01/2024,09:45,[09:30-09:45[,S,F,F,P,P,74.71,74.71
25/01/2024,10:00,[09:45-10:00[,S,F,F,P,P,74.71,74.71
25/01/2024,10:15,[10:00-10:15[,S,F,F,P,P,65.01,65.01
25/01/2024,10:30,[10:15-10:30[,S,F,F,P,P,65.01,65.01
25/01/2024,10:45,[10:30-10:45[,S,F,F,C,P,65.01,65.01
25/01/2024,11:00,[10:45-11:00[,S,F,F,C,P,65.01,65.01
25/01/2024,11:15,[11:00-11:15[,S,F,F,C,P,64.97,64.97
25/01/2024,11:30,[11:15-11:30[,S,F,F,C,P,64.97,64.97
25/01/2024,11:45,[11:30-11:45[,S,F,F,C,P,64.97,64.97
25/01/2024,12:00,[11:45-12:00[,S,F,F,C,P,64.97,64.97
25/01/2024,12:15,[12:00-12:15[,S,F,F,C,C,64.97,64.97
25/01/2024,12:30,[12:15-12:30[,S,F,F,C,C,64.97,64.97
25/01/2024,12:45,[12:30-12:45[,S,F,F,C,C,64.97,64.97
25/01/2024,13:00,[12:45-13:00[,S,F,F,C,C,64.97,64.97
25/01/2024,13:15,[13:00-13:15[,S,F,F,C,C,65.00,65.00
25/01/2024,13:30,[13:15-13:30[,S,F,F,C,C,65.00,65.00
25/01/2024,13:45,[13:30-13:45[,S,F,F,C,C,65.00,65.00
25/01/2024,14:00,[13:45-14:00[,S,F,F,C,C,65.00,65.00
25/01/2024,14:15,[14:00-14:15[,S,F,F,C,C,61.85,61.85
25/01/2024,14:30,[14:15-14:30[,S,F,F,C,C,61.85,61.85
25/01/2024,14:45,[14:30-14:45[,S,F,F,C,C,61.85,61.85
25/01/2024,15:00,[14:45-15:00[,S,F,F,C,C,61.85,61.85
25/01/2024,15:15,[15:00-15:15[,S,F,F,C,C,67.67,67.67
25/01/2024,15:30,[15:15-15:30[,S,F,F,C,C,67.67,67.67
25/01/2024,15:45,[15:30-15:45[,S,F,F,C,C,67.67,67.67
25/01/2024,16:00,[15:45-16:00[,S,F,F,C,C,67.67,67.67
25/01/2024,16:15,[16:00-16:15[,S,F,F,C,C,75.59,75.59
25/01/2024,16:30,[16:15-16:30[,S,F,F,C,C,75.59,75.59
25/01/2024,16:45,[16:30-16:45[,S,F,F,C,C,75.59,75.59
25/01/2024,17:00,[16:45-17:00[,S,F,F,C,C,75.59,75.59
25/01/2024,17:15,[17:00-17:15[,S,F,F,C,C,94.72,94.72
25/01/2024,17:30,[17:15-17:30[,S,F,F,C,C,94.72,94.72
25/01/2024,17:45,[17:30-17:45[,S,F,F,C,C,94.72,94.72
25/01/2024,18:00,[17:45-18:00[,S,F,F,C,C,94.72,94.72
25/01/2024,18:15,[18:00-18:15[,S,F,F,P,C,113.00,113.00
25/01/2024,18:30,[18:15-18:30[,S,F,F,P,C,113.00,113.00
25/01/2024,18:45,[18:30-18:45[,S,F,F,P,P,113.00,113.00
25/01/2024,19:00,[18:45-19:00[,S,F,F,P,P,113.00,113.00
25/01/2024,19:15,[19:00-19:15[,S,F,F,P,P,135.36,135.36
25/01/2024,19:30,[19:15-19:30[,S,F,F,P,P,135.36,135.36
25/01/2024,19:45,[19:30-19:45[,S,F,F,P,P,135.36,135.36
25/01/2024,20:00,[19:45-20:00[,S,F,F,P,P,135.36,135.36
25/01/2024,20:15,[20:00-20:15[,S,F,F,P,P,103.01,103.01
25/01/2024,20:30,[20:15-20:30[,S,F,F,P,P,103.01,103.01
25/01/2024,20:45,[20:30-20:45[,S,F,F,C,P,103.01,103.01
25/01/2024,21:00,[20:45-21:00[,S,F,F,C,P,103.01,103.01
25/01/2024,21:15,[21:00-21:15[,S,F,F,C,C,80.95,80.95
25/01/2024,21:30,[21:15-21:30[,S,F,F,C,C,80.95,80.95
25/01/2024,21:45,[21:30-21:45[,S,F,F,C,C,80.95,80.95
25/01/2024,22:00,[21:45-22:00[,S,F,F,C,C,80.95,80.95
25/01/2024,22:15,[22:00-22:15[,S,V,F,V,C,73.58,73.58
25/01/2024,22:30,[22:15-22:30[,S,V,F,V,C,73.58,73.58
25/01/2024,22:45,[22:30-22:45[,S,V,F,V,C,73.58,73.58
25/01/2024,23:00,[22:45-23:00[,S,V,F,V,C,73.58,73.58
25/01/2024,23:15,[23:00-23:15[,S,V,F,V,C,63.37,63.37
25/01/2024,23:30,[23:15-23:30[,S,V,F,V,C,63.37,63.37
25/01/2024,23:45,[23:30-23:45[,S,V,F,V,C,63.37,63.37
25/01/2024,23:59,[23:45-00:00[,S,V,F,V,C,63.37,63.37
26/01/2024,00:15,[00:00-00:15[,S,V,V,V,V,65.00,65.00
26/01/2024,00:30,[00:15-00:30[,S,V,V,V,V,65.00,65.00
26/01/2024,00:45,[00:30-00:45[,S,V,V,V,V,65.00,65.00
26/01/2024,01:00,[00:45-01:00[,S,V,V,V,V,65.00,65.00
26/01/2024,01:15,[01:00-01:15[,S,V,V,V,V,63.86,63.86
26/01/2024,01:30,[01:15-01:30[,S,V,V,V,V,63.86,63.86
26/01/2024,01:45,[01:30-01:45[,S,V,V,V,V,63.86,63.86
26/01/2024,02:00,[01:45-02:00[,S,V,V,V,V,63.86,63.86
26/01/2024,02:15,[02:00-02:15[,S,V,V,V,V,63.86,63.86
26/01/2024,02:30,[02:15-02:30[,S,V,V,V,V,63.86,63.86
26/01/2024,02:45,[02:30-02:45[,S,V,V,V,V,63.86,63.86
26/01/2024,03:00,[02:45-03:00[,S,V,V,V,V,63.86,63.86
26/01/2024,03:15,[03:00-03:15[,S,V,V,V,V,62.48,62.48
26/01/2024,03:30,[03:15-03:30[,S,V,V,V,V,62.48,62.48
26/01/2024,03:45,[03:30-03:45[,S,V,V,V,V,62.48,62.48
26/01/2024,04:00,[03:45-04:00[,S,V,V,V,V,62.48,62.48
26/01/2024,04:15,[04:00-04:15[,S,V,V,V,V,63.86,63.86
26/01/2024,04:30,[04:15-04:30[,S,V,V,V,V,63.86,63.86
26/01/2024,04:45,[04:30-04:45[,S,V,V,V,V,63.86,63.86
26/01/2024,05:00,[04:45-05:00[,S,V,V,V,V,63.86,63.86
26/01/2024,05:15,[05:00-05:15[,S,V,V,V,V,69.57,69.57
26/01/2024,05:30,[05:15-05:30[,S,V,V,V,V,69.57,69.57
26/01/2024,05:45,[05:30-05:45[,S,V,V,V,V,69.57,69.57
26/01/2024,06:00,[05:45-06:00[,S,V,V,V,V,69.57,69.57
26/01/2024,06:15,[06:00-06:15[,S,V,V,V,V,80.02,80.02
26/01/2024,06:30,[06:15-06:30[,S,V,V,V,V,80.02,80.02
26/01/2024,06:45,[06:30-06:45[,S,V,V,V,V,80.02,80.02
26/01/2024,07:00,[06:45-07:00[,S,V,V,V,V,80.02,80.02
26/01/2024,07:15,[07:00-07:15[,S,V,F,V,C,115.00,115.00
26/01/2024,07:30,[07:15-07:30[,S,V,F,V,C,115.00,115.00
26/01/2024,07:45,[07:30-07:45[,S,V,F,V,C,115.00,115.00
26/01/2024,08:00,[07:45-08:00[,S,V,F,V,C,115.00,115.00
26/01/2024,08:15,[08:00-08:15[,S,F,F,C,C,77.30,77.30
26/01/2024,08:30,[08:15-08:30[,S,F,F,C,C,77.30,77.30
26/01/2024,08:45,[08:30-08:45[,S,F,F,C,C,77.30,77.30
26/01/2024,09:00,[08:45-09:00[,S,F,F,C,C,77.30,77.30
26/01/2024,09:15,[09:00-09:15[,S,F,F,P,C,66.19,66.19
26/01/2024,09:30,[09:15-09:30[,S,F,F,P,C,66.19,66.19
26/01/2024,09:45,[09:30-09:45[,S,F,F,P,P,66.19,66.19
26/01/2024,10:00,[09:45-10:00[,S,F,F,P,P,66.19,66.19
26/01/2024,10:15,[10:00-10:15[,S,F,F,P,P,62.39,62.39
26/01/2024,10:30,[10:15-10:30[,S,F,F,P,P,62.39,62.39
26/01/2024,10:45,[10:30-10:45[,S,F,F,C,P,62.39,62.39
26/01/2024,11:00,[10:45-11:00[,S,F,F,C,P,62.39,62.39
26/01/2024,11:15,[11:00-11:15[,S,F,F,C,P,55.78,55.78
26/01/2024,11:30,[11:15-11:30[,S,F,F,C,P,55.78,55.78
26/01/2024,11:45,[11:30-11:45[,S,F,F,C,P,55.78,55.78
26/01/2024,12:00,[11:45-12:00[,S,F,F,C,P,55.78,55.78
26/01/2024,12:15,[12:00-12:15[,S,F,F,C,C,50.70,50.70
26/01/2024,12:30,[12:15-12:30[,S,F,F,C,C,50.70,50.70
26/01/2024,12:45,[12:30-12:45[,S,F,F,C,C,50.70,50.70
26/01/2024,13:00,[12:45-13:00[,S,F,F,C,C,50.70,50.70
26/01/2024,13:15,[13:00-13:15[,S,F,F,C,C,53.61,53.61
26/01/2024,13:30,[13:15-13:30[,S,F,F,C,C,53.61,53.61
26/01/2024,13:45,[13:30-13:45[,S,F,F,C,C,53.61,53.61
26/01/2024,14:00,[13:45-14:00[,S,F,F,C,C,53.61,53.61
26/01/2024,14:15,[14:00-14:15[,S,F,F,C,C,55.52,55.52
26/01/2024,14:30,[14:15-14:30[,S,F,F,C,C,55.52,55.52
26/01/2024,14:45,[14:30-14:45[,S,F,F,C,C,55.52,55.52
26/01/2024,15:00,[14:45-15:00[,S,F,F,C,C,55.52,55.52
26/01/2024,15:15,[15:00-15:15[,S,F,F,C,C,63.38,63.38
26/01/2024,15:30,[15:15-15:30[,S,F,F,C,C,63.38,63.38
26/01/2024,15:45,[15:30-15:45[,S,F,F,C,C,63.38,63.38
26/01/2024,16:00,[15:45-16:00[,S,F,F,C,C,63.38,63.38
26/01/2024,16:15,[16:00-16:15[,S,F,F,C,C,73.74,73.74
26/01/2024,16:30,[16:15-16:30[,S,F,F,C,C,73.74,73.74
26/01/2024,16:45,[16:30-16:45[,S,F,F,C,C,73.74,73.74
26/01/2024,17:00,[16:45-17:00[,S,F,F,C,C,73.74,73.74
26/01/2024,17:15,[17:00-17:15[,S,F,F,C,C,89.62,89.62
26/01/2024,17:30,[17:15-17:30[,S,F,F,C,C,89.62,89.62
26/01/2024,17:45,[17:30-17:45[,S,F,F,C,C,89.62,89.62
26/01/2024,18:00,[17:45-18:00[,S,F,F,C,C,89.62,89.62
26/01/2024,18:15,[18:00-18:15[,S,F,F,P,C,96.80,96.80
26/01/2024,18:30,[18:15-18:30[,S,F,F,P,C,96.80,96.80
26/01/2024,18:45,[18:30-18:45[,S,F,F,P,P,96.80,96.80
26/01/2024,19:00,[18:45-19:00[,S,F,F,P,P,96.80,96.80
26/01/2024,19:15,[19:00-19:15[,S,F,F,P,P,111.07,111.07
26/01/2024,19:30,[19:15-19:30[,S,F,F,P,P,111.07,111.07
26/01/2024,19:45,[19:30-19:45[,S,F,F,P,P,111.07,111.07
26/01/2024,20:00,[19:45-20:00[,S,F,F,P,P,111.07,111.07
26/01/2024,20:15,[20:00-20:15[,S,F,F,P,P,93.00,93.00
26/01/2024,20:30,[20:15-20:30[,S,F,F,P,P,93.00,93.00
26/01/2024,20:45,[20:30-20:45[,S,F,F,C,P,93.00,93.00
26/01/2024,21:00,[20:45-21:00[,S,F,F,C,P,93.00,93.00
26/01/2024,21:15,[21:00-21:15[,S,F,F,C,C,74.98,74.98
26/01/2024,21:30,[21:15-21:30[,S,F,F,C,C,74.98,74.98
26/01/2024,21:45,[21:30-21:45[,S,F,F,C,C,74.98,74.98
26/01/2024,22:00,[21:45-22:00[,S,F,F,C,C,74.98,74.98
26/01/2024,22:15,[22:00-22:15[,S,V,F,V,C,70.45,70.45
26/01/2024,22:30,[22:15-22:30[,S,V,F,V,C,70.45,70.45
26/01/2024,22:45,[22:30-22:45[,S,V,F,V,C,70.45,70.45
26/01/2024,23:00,[22:45-23:00[,S,V,F,V,C,70.45,70.45
26/01/2024,23:15,[23:00-23:15[,S,V,F,V,C,64.97,64.97
26/01/2024,23:30,[23:15-23:30[,S,V,F,V,C,64.97,64.97
26/01/2024,23:45,[23:30-23:45[,S,V,F,V,C,64.97,64.97
26/01/2024,23:59,[23:45-00:00[,S,V,F,V,C,64.97,64.97
27/01/2024,00:15,[00:00-00:15[,S,V,V,V,V,61.06,61.06
27/01/2024,00:30,[00:15-00:30[,S,V,V,V,V,61.06,61.06
27/01/2024,00:45,[00:30-00:45[,S,V,V,V,V,61.06,61.06
27/01/2024,01:00,[00:45-01:00[,S,V,V,V,V,61.06,61.06
27/01/2024,01:15,[01:00-01:15[,S,V,V,V,V,59.05,59.05
27/01/2024,01:30,[01:15-01:30[,S,V,V,V,V,59.05,59.05
27/01/2024,01:45,[01:30-01:45[,S,V,V,V,V,59.05,59.05
27/01/2024,02:00,[01:45-02:00[,S,V,V,V,V,59.05,59.05
27/01/2024,02:15,[02:00-02:15[,S,V,V,V,V,55.90,55.90
27/01/2024,02:30,[02:15-02:30[,S,V,V,V,V,55.90,55.90
27/01/2024,02:45,[02:30-02:45[,S,V,V,V,V,55.90,55.90
27/01/2024,03:00,[02:45-03:00[,S,V,V,V,V,55.90,55.90
27/01/2024,03:15,[03:00-03:15[,S,V,V,V,V,55.90,55.90
27/01/2024,03:30,[03:15-03:30[,S,V,V,V,V,55.90,55.90
27/01/2024,03:45,[03:30-03:45[,S,V,V,V,V,55.90,55.90
27/01/2024,04:00,[03:45-04:00[,S,V,V,V,V,55.90,55.90
27/01/2024,04:15,[04:00-04:15[,S,V,V,V,V,57.22,57.22
27/01/2024,04:30,[04:15-04:30[,S,V,V,V,V,57.22,57.22
27/01/2024,04:45,[04:30-04:45[,S,V,V,V,V,57.22,57.22
27/01/2024,05:00,[04:45-05:00[,S,V,V,V,V,57.22,57.22
27/01/2024,05:15,[05:00-05:15[,S,V,V,V,V,59.36,59.36
27/01/2024,05:30,[05:15-05:30[,S,V,V,V,V,59.36,59.36
27/01/2024,05:45,[05:30-05:45[,S,V,V,V,V,59.36,59.36
27/01/2024,06:00,[05:45-06:00[,S,V,V,V,V,59.36,59.36
27/01/2024,06:15,[06:00-06:15[,S,V,V,V,V,66.19,66.19
27/01/2024,06:30,[06:15-06:30[,S,V,V,V,V,66.19,66.19
27/01/2024,06:45,[06:30-06:45[,S,V,V,V,V,66.19,66.19
27/01/2024,07:00,[06:45-07:00[,S,V,V,V,V,66.19,66.19
27/01/2024,07:15,[07:00-07:15[,S,V,V,V,V,73.40,78.09
27/01/2024,07:30,[07:15-07:30[,S,V,V,V,V,73.40,78.09
27/01/2024,07:45,[07:30-07:45[,S,V,V,V,V,73.40,78.09
27/01/2024,08:00,[07:45-08:00[,S,V,V,V,V,73.40,78.09
27/01/2024,08:15,[08:00-08:15[,S,F,V,C,V,73.40,73.40
27/01/2024,08:30,[08:15-08:30[,S,F,V,C,V,73.40,73.40
27/01/2024,08:45,[08:30-08:45[,S,F,V,C,V,73.40,73.40
27/01/2024,09:00,[08:45-09:00[,S,F,V,C,V,73.40,73.40
27/01/2024,09:15,[09:00-09:15[,S,F,V,P,V,62.01,62.01
27/01/2024,09:30,[09:15-09:30[,S,F,V,P,V,62.01,62.01
27/01/2024,09:45,[09:30-09:45[,S,F,F,P,C,62.01,62.01
27/01/2024,10:00,[09:45-10:00[,S,F,F,P,C,62.01,62.01
27/01/2024,10:15,[10:00-10:15[,S,F,F,P,C,54.40,54.40
27/01/2024,10:30,[10:15-10:30[,S,F,F,P,C,54.40,54.40
27/01/2024,10:45,[10:30-10:45[,S,F,F,C,C,54.40,54.40
27/01/2024,11:00,[10:45-11:00[,S,F,F,C,C,54.40,54.40
27/01/2024,11:15,[11:00-11:15[,S,F,F,C,C,47.00,47.00
27/01/2024,11:30,[11:15-11:30[,S,F,F,C,C,47.00,47.00
27/01/2024,11:45,[11:30-11:45[,S,F,F,C,C,47.00,47.00
27/01/2024,12:00,[11:45-12:00[,S,F,F,C,C,47.00,47.00
27/01/2024,12:15,[12:00-12:15[,S,F,F,C,C,47.70,47.70
27/01/2024,12:30,[12:15-12:30[,S,F,F,C,C,47.70,47.70
27/01/2024,12:45,[12:30-12:45[,S,F,F,C,C,47.70,47.70
27/01/2024,13:00,[12:45-13:00[,S,F,F,C,C,47.70,47.70
27/01/2024,13:15,[13:00-13:15[,S,F,V,C,V,47.50,47.50
27/01/2024,13:30,[13:15-13:30[,S,F,V,C,V,47.50,47.50
27/01/2024,13:45,[13:30-13:45[,S,F,V,C,V,47.50,47.50
27/01/2024,14:00,[13:45-14:00[,S,F,V,C,V,47.50,47.50
27/01/2024,14:15,[14:00-14:15[,S,F,V,C,V,47.00,47.00
27/01/2024,14:30,[14:15-14:30[,S,F,V,C,V,47.00,47.00
27/01/2024,14:45,[14:30-14:45[,S,F,V,C,V,47.00,47.00
27/01/2024,15:00,[14:45-15:00[,S,F,V,C,V,47.00,47.00
27/01/2024,15:15,[15:00-15:15[,S,F,V,C,V,55.20,55.20
27/01/2024,15:30,[15:15-15:30[,S,F,V,C,V,55.20,55.20
27/01/2024,15:45,[15:30-15:45[,S,F,V,C,V,55.20,55.20
27/01/2024,16:00,[15:45-16:00[,S,F,V,C,V,55.20,55.20
27/01/2024,16:15,[16:00-16:15[,S,F,V,C,V,74.43,74.43
27/01/2024,16:30,[16:15-16:30[,S,F,V,C,V,74.43,74.43
27/01/2024,16:45,[16:30-16:45[,S,F,V,C,V,74.43,74.43
27/01/2024,17:00,[16:45-17:00[,S,F,V,C,V,74.43,74.43
27/01/2024,17:15,[17:00-17:15[,S,F,V,C,V,95.97,95.97
27/01/2024,17:30,[17:15-17:30[,S,F,V,C,V,95.97,95.97
27/01/2024,17:45,[17:30-17:45[,S,F,V,C,V,95.97,95.97
27/01/2024,18:00,[17:45-18:00[,S,F,V,C,V,95.97,95.97
27/01/2024,18:15,[18:00-18:15[,S,F,V,P,V,92.51,92.51
27/01/2024,18:30,[18:15-18:30[,S,F,V,P,V,92.51,92.51
27/01/2024,18:45,[18:30-18:45[,S,F,F,P,C,92.51,92.51
27/01/2024,19:00,[18:45-19:00[,S,F,F,P,C,92.51,92.51
27/01/2024,19:15,[19:00-19:15[,S,F,F,P,C,92.53,92.53
27/01/2024,19:30,[19:15-19:30[,S,F,F,P,C,92.53,92.53
27/01/2024,19:45,[19:30-19:45[,S,F,F,P,C,92.53,92.53
27/01/2024,20:00,[19:45-20:00[,S,F,F,P,C,92.53,92.53
27/01/2024,20:15,[20:00-20:15[,S,F,F,P,C,89.50,89.50
27/01/2024,20:30,[20:15-20:30[,S,F,F,P,C,89.50,89.50
27/01/2024,20:45,[20:30-20:45[,S,F,F,C,C,89.50,89.50
27/01/2024,21:00,[20:45-21:00[,S,F,F,C,C,89.50,89.50
27/01/2024,21:15,[21:00-21:15[,S,F,F,C,C,75.97,75.97
27/01/2024,21:30,[21:15-21:30[,S,F,F,C,C,75.97,75.97
27/01/2024,21:45,[21:30-21:45[,S,F,F,C,C,75.97,75.97
27/01/2024,22:00,[21:45-22:00[,S,F,F,C,C,75.97,75.97
27/01/2024,22:15,[22:00-22:15[,S,V,V,V,V,72.70,72.70
27/01/2024,22:30,[22:15-22:30[,S,V,V,V,V,72.70,72.70
27/01/2024,22:45,[22:30-22:45[,S,V,V,V,V,72.70,72.70
27/01/2024,23:00,[22:45-23:00[,S,V,V,V,V,72.70,72.70
27/01/2024,23:15,[23:00-23:15[,S,V,V,V,V,62.03,62.03
27/01/2024,23:30,[23:15-23:30[,S,V,V,V,V,62.03,62.03
27/01/2024,23:45,[23:30-23:45[,S,V,V,V,V,62.03,62.03
27/01/2024,23:59,[23:45-00:00[,S,V,V,V,V,62.03,62.03
28/01/2024,00:15,[00:00-00:15[,S,V,V,V,V,58.20,58.20
28/01/2024,00:30,[00:15-00:30[,S,V,V,V,V,58.20,58.20
28/01/2024,00:45,[00:30-00:45[,S,V,V,V,V,58.20,58.20
28/01/2024,01:00,[00:45-01:00[,S,V,V,V,V,58.20,58.20
28/01/2024,01:15,[01:00-01:15[,S,V,V,V,V,52.90,52.90
28/01/2024,01:30,[01:15-01:30[,S,V,V,V,V,52.90,52.90
28/01/2024,01:45,[01:30-01:45[,S,V,V,V,V,52.90,52.90
28/01/2024,02:00,[01:45-02:00[,S,V,V,V,V,52.90,52.90
28/01/2024,02:15,[02:00-02:15[,S,V,V,V,V,47.21,47.21
28/01/2024,02:30,[02:15-02:30[,S,V,V,V,V,47.21,47.21
28/01/2024,02:45,[02:30-02:45[,S,V,V,V,V,47.21,47.21
28/01/2024,03:00,[02:45-03:00[,S,V,V,V,V,47.21,47.21
28/01/2024,03:15,[03:00-03:15[,S,V,V,V,V,44.00,44.00
28/01/2024,03:30,[03:15-03:30[,S,V,V,V,V,44.00,44.00
28/01/2024,03:45,[03:30-03:45[,S,V,V,V,V,44.00,44.00
28/01/2024,04:00,[03:45-04:00[,S,V,V,V,V,44.00,44.00
28/01/2024,04:15,[04:00-04:15[,S,V,V,V,V,43.20,43.20
28/01/2024,04:30,[04:15-04:30[,S,V,V,V,V,43.20,43.20
28/01/2024,04:45,[04:30-04:45[,S,V,V,V,V,43.20,43.20
28/01/2024,05:00,[04:45-05:00[,S,V,V,V,V,43.20,43.20
28/01/2024,05:15,[05:00-05:15[,S,V,V,V,V,47.05,47.05
28/01/2024,05:30,[05:15-05:30[,S,V,V,V,V,47.05,47.05
28/01/2024,05:45,[05:30-05:45[,S,V,V,V,V,47.05,47.05
28/01/2024,06:00,[05:45-06:00[,S,V,V,V,V,47.05,47.05
28/01/2024,06:15,[06:00-06:15[,S,V,V,V,V,51.40,51.40
28/01/2024,06:30,[06:15-06:30[,S,V,V,V,V,51.40,51.40
28/01/2024,06:45,[06:30-06:45[,S,V,V,V,V,51.40,51.40
28/01/2024,07:00,[06:45-07:00[,S,V,V,V,V,51.40,51.40
28/01/2024,07:15,[07:00-07:15[,S,V,V,V,V,55.29,55.29
28/01/2024,07:30,[07:15-07:30[,S,V,V,V,V,55.29,55.29
28/01/2024,07:45,[07:30-07:45[,S,V,V,V,V,55.29,55.29
28/01/2024,08:00,[07:45-08:00[,S,V,V,V,V,55.29,55.29
28/01/2024,08:15,[08:00-08:15[,S,F,V,C,V,55.10,55.10
28/01/2024,08:30,[08:15-08:30[,S,F,V,C,V,55.10,55.10
28/01/2024,08:45,[08:30-08:45[,S,F,V,C,V,55.10,55.10
28/01/2024,09:00,[08:45-09:00[,S,F,V,C,V,55.10,55.10
28/01/2024,09:15,[09:00-09:15[,S,F,V,P,V,42.00,42.00
28/01/2024,09:30,[09:15-09:30[,S,F,V,P,V,42.00,42.00
28/01/2024,09:45,[09:30-09:45[,S,F,V,P,V,42.00,42.00
28/01/2024,10:00,[09:45-10:00[,S,F,V,P,V,42.00,42.00
28/01/2024,10:15,[10:00-10:15[,S,F,V,P,V,37.00,37.00
28/01/2024,10:30,[10:15-10:30[,S,F,V,P,V,37.00,37.00
28/01/2024,10:45,[10:30-10:45[,S,F,V,C,V,37.00,37.00
28/01/2024,11:00,[10:45-11:00[,S,F,V,C,V,37.00,37.00
28/01/2024,11:15,[11:00-11:15[,S,F,V,C,V,42.00,42.00
28/01/2024,11:30,[11:15-11:30[,S,F,V,C,V,42.00,42.00
28/01/2024,11:45,[11:30-11:45[,S,F,V,C,V,42.00,42.00
28/01/2024,12:00,[11:45-12:00[,S,F,V,C,V,42.00,42.00
28/01/2024,12:15,[12:00-12:15[,S,F,V,C,V,39.93,39.93
28/01/2024,12:30,[12:15-12:30[,S,F,V,C,V,39.93,39.93
28/01/2024,12:45,[12:30-12:45[,S,F,V,C,V,39.93,39.93
28/01/2024,13:00,[12:45-13:00[,S,F,V,C,V,39.93,39.93
28/01/2024,13:15,[13:00-13:15[,S,F,V,C,V,40.09,40.09
28/01/2024,13:30,[13:15-13:30[,S,F,V,C,V,40.09,40.09
28/01/2024,13:45,[13:30-13:45[,S,F,V,C,V,40.09,40.09
28/01/2024,14:00,[13:45-14:00[,S,F,V,C,V,40.09,40.09
28/01/2024,14:15,[14:00-14:15[,S,F,V,C,V,38.03,38.03
28/01/2024,14:30,[14:15-14:30[,S,F,V,C,V,38.03,38.03
28/01/2024,14:45,[14:30-14:45[,S,F,V,C,V,38.03,38.03
28/01/2024,15:00,[14:45-15:00[,S,F,V,C,V,38.03,38.03
28/01/2024,15:15,[15:00-15:15[,S,F,V,C,V,43.12,43.12
28/01/2024,15:30,[15:15-15:30[,S,F,V,C,V,43.12,43.12
28/01/2024,15:45,[15:30-15:45[,S,F,V,C,V,43.12,43.12
28/01/2024,16:00,[15:45-16:00[,S,F,V,C,V,43.12,43.12
28/01/2024,16:15,[16:00-16:15[,S,F,V,C,V,60.80,60.80
28/01/2024,16:30,[16:15-16:30[,S,F,V,C,V,60.80,60.80
28/01/2024,16:45,[16:30-16:45[,S,F,V,C,V,60.80,60.80
28/01/2024,17:00,[16:45-17:00[,S,F,V,C,V,60.80,60.80
28/01/2024,17:15,[17:00-17:15[,S,F,V,C,V,71.14,71.14
28/01/2024,17:30,[17:15-17:30[,S,F,V,C,V,71.14,71.14
28/01/2024,17:45,[17:30-17:45[,S,F,V,C,V,71.14,71.14
28/01/2024,18:00,[17:45-18:00[,S,F,V,C,V,71.14,71.14
28/01/2024,18:15,[18:00-18:15[,S,F,V,P,V,71.55,71.55
28/01/2024,18:30,[18:15-18:30[,S,F,V,P,V,71.55,71.55
28/01/2024,18:45,[18:30-18:45[,S,F,V,P,V,71.55,71.55
28/01/2024,19:00,[18:45-19:00[,S,F,V,P,V,71.55,71.55
28/01/2024,19:15,[19:00-19:15[,S,F,V,P,V,69.87,69.87
28/01/2024,19:30,[19:15-19:30[,S,F,V,P,V,69.87,69.87
28/01/2024,19:45,[19:30-19:45[,S,F,V,P,V,69.87,69.87
28/01/2024,20:00,[19:45-20:00[,S,F,V,P,V,69.87,69.87
28/01/2024,20:15,[20:00-20:15[,S,F,V,P,V,63.11,63.11
28/01/2024,20:30,[20:15-20:30[,S,F,V,P,V,63.11,63.11
28/01/2024,20:45,[20:30-20:45[,S,F,V,C,V,63.11,63.11
28/01/2024,21:00,[20:45-21:00[,S,F,V,C,V,63.11,63.11
28/01/2024,21:15,[21:00-21:15[,S,F,V,C,V,60.34,60.34
28/01/2024,21:30,[21:15-21:30[,S,F,V,C,V,60.34,60.34
28/01/2024,21:45,[21:30-21:45[,S,F,V,C,V,60.34,60.34
28/01/2024,22:00,[21:45-22:00[,S,F,V,C,V,60.34,60.34
28/01/2024,22:15,[22:00-22:15[,S,V,V,V,V,56.00,56.00
28/01/2024,22:30,[22:15-22:30[,S,V,V,V,V,56.00,56.00
28/01/2024,22:45,[22:30-22:45[,S,V,V,V,V,56.00,56.00
28/01/2024,23:00,[22:45-23:00[,S,V,V,V,V,56.00,56.00
28/01/2024,23:15,[23:00-23:15[,S,V,V,V,V,49.97,49.97
28/01/2024,23:30,[23:15-23:30[,S,V,V,V,V,49.97,49.97
28/01/2024,23:45,[23:30-23:45[,S,V,V,V,V,49.97,49.97
28/01/2024,23:59,[23:45-00:00[,S,V,V,V,V,49.97,49.97
29/01/2024,00:15,[00:00-00:15[,S,V,V,V,V,47.26,47.26
29/01/2024,00:30,[00:15-00:30[,S,V,V,V,V,47.26,47.26
29/01/2024,00:45,[00:30-00:45[,S,V,V,V,V,47.26,47.26
29/01/2024,01:00,[00:45-01:00[,S,V,V,V,V,47.26,47.26
29/01/2024,01:15,[01:00-01:15[,S,V,V,V,V,48.12,48.12
29/01/2024,01:30,[01:15-01:30[,S,V,V,V,V,48.12,48.12
29/01/2024,01:45,[01:30-01:45[,S,V,V,V,V,48.12,48.12
29/01/2024,02:00,[01:45-02:00[,S,V,V,V,V,48.12,48.12
29/01/2024,02:15,[02:00-02:15[,S,V,V,V,V,47.97,47.97
29/01/2024,02:30,[02:15-02:30[,S,V,V,V,V,47.97,47.97
29/01/2024,02:45,[02:30-02:45[,S,V,V,V,V,47.97,47.97
29/01/2024,03:00,[02:45-03:00[,S,V,V,V,V,47.97,47.97
29/01/2024,03:15,[03:00-03:15[,S,V,V,V,V,51.58,51.58
29/01/2024,03:30,[03:15-03:30[,S,V,V,V,V,51.58,51.58
29/01/2024,03:45,[03:30-03:45[,S,V,V,V,V,51.58,51.58
29/01/2024,04:00,[03:45-04:00[,S,V,V,V,V,51.58,51.58
29/01/2024,04:15,[04:00-04:15[,S,V,V,V,V,60.06,60.06
29/01/2024,04:30,[04:15-04:30[,S,V,V,V,V,60.06,60.06
29/01/2024,04:45,[04:30-04:45[,S,V,V,V,V,60.06,60.06
29/01/2024,05:00,[04:45-05:00[,S,V,V,V,V,60.06,60.06
29/01/2024,05:15,[05:00-05:15[,S,V,V,V,V,80.66,80.66
29/01/2024,05:30,[05:15-05:30[,S,V,V,V,V,80.66,80.66
29/01/2024,05:45,[05:30-05:45[,S,V,V,V,V,80.66,80.66
29/01/2024,06:00,[05:45-06:00[,S,V,V,V,V,80.66,80.66
29/01/2024,06:15,[06:00-06:15[,S,V,V,V,V,88.70,88.70
29/01/2024,06:30,[06:15-06:30[,S,V,V,V,V,88.70,88.70
29/01/2024,06:45,[06:30-06:45[,S,V,V,V,V,88.70,88.70
29/01/2024,07:00,[06:45-07:00[,S,V,V,V,V,88.70,88.70
29/01/2024,07:15,[07:00-07:15[,S,V,F,V,C,90.22,99.26
29/01/2024,07:30,[07:15-07:30[,S,V,F,V,C,90.22,99.26
29/01/2024,07:45,[07:30-07:45[,S,V,F,V,C,90.22,99.26
29/01/2024,08:00,[07:45-08:00[,S,V,F,V,C,90.22,99.26
29/01/2024,08:15,[08:00-08:15[,S,F,F,C,C,88.39,88.39
29/01/2024,08:30,[08:15-08:30[,S,F,F,C,C,88.39,88.39
29/01/2024,08:45,[08:30-08:45[,S,F,F,C,C,88.39,88.39
29/01/2024,09:00,[08:45-09:00[,S,F,F,C,C,88.39,88.39
29/01/2024,09:15,[09:00-09:15[,S,F,F,P,C,78.90,78.90
29/01/2024,09:30,[09:15-09:30[,S,F,F,P,C,78.90,78.90
29/01/2024,09:45,[09:30-09:45[,S,F,F,P,P,78.90,78.90
29/01/2024,10:00,[09:45-10:00[,S,F,F,P,P,78.90,78.90
29/01/2024,10:15,[10:00-10:15[,S,F,F,P,P,71.27,71.27
29/01/2024,10:30,[10:15-10:30[,S,F,F,P,P,71.27,71.27
29/01/2024,10:45,[10:30-10:45[,S,F,F,C,P,71.27,71.27
29/01/2024,11:00,[10:45-11:00[,S,F,F,C,P,71.27,71.27
29/01/2024,11:15,[11:00-11:15[,S,F,F,C,P,70.24,70.24
29/01/2024,11:30,[11:15-11:30[,S,F,F,C,P,70.24,70.24
29/01/2024,11:45,[11:30-11:45[,S,F,F,C,P,70.24,70.24
29/01/2024,12:00,[11:45-12:00[,S,F,F,C,P,70.24,70.24
29/01/2024,12:15,[12:00-12:15[,S,F,F,C,C,73.81,73.81
29/01/2024,12:30,[12:15-12:30[,S,F,F,C,C,73.81,73.81
29/01/2024,12:45,[12:30-12:45[,S,F,F,C,C,73.81,73.81
29/01/2024,13:00,[12:45-13:00[,S,F,F,C,C,73.81,73.81
29/01/2024,13:15,[13:00-13:15[,S,F,F,C,C,78.03,78.03
29/01/2024,13:30,[13:15-13:30[,S,F,F,C,C,78.03,78.03
29/01/2024,13:45,[13:30-13:45[,S,F,F,C,C,78.03,78.03
29/01/2024,14:00,[13:45-14:00[,S,F,F,C,C,78.03,78.03
29/01/2024,14:15,[14:00-14:15[,S,F,F,C,C,78.78,78.78
29/01/2024,14:30,[14:15-14:30[,S,F,F,C,C,78.78,78.78
29/01/2024,14:45,[14:30-14:45[,S,F,F,C,C,78.78,78.78
29/01/2024,15:00,[14:45-15:00[,S,F,F,C,C,78.78,78.78
29/01/2024,15:15,[15:00-15:15[,S,F,F,C,C,82.87,82.87
29/01/2024,15:30,[15:15-15:30[,S,F,F,C,C,82.87,82.87
29/01/2024,15:45,[15:30-15:45[,S,F,F,C,C,82.87,82.87
29/01/2024,16:00,[15:45-16:00[,S,F,F,C,C,82.87,82.87
29/01/2024,16:15,[16:00-16:15[,S,F,F,C,C,89.86,89.86
29/01/2024,16:30,[16:15-16:30[,S,F,F,C,C,89.86,89.86
29/01/2024,16:45,[16:30-16:45[,S,F,F,C,C,89.86,89.86
29/01/2024,17:00,[16:45-17:00[,S,F,F,C,C,89.86,89.86
29/01/2024,17:15,[17:00-17:15[,S,F,F,C,C,110.00,110.00
29/01/2024,17:30,[17:15-17:30[,S,F,F,C,C,110.00,110.00
29/01/2024,17:45,[17:30-17:45[,S,F,F,C,C,110.00,110.00
29/01/2024,18:00,[17:45-18:00[,S,F,F,C,C,110.00,110.00
29/01/2024,18:15,[18:00-18:15[,S,F,F,P,C,107.52,107.52
29/01/2024,18:30,[18:15-18:30[,S,F,F,P,C,107.52,107.52
29/01/2024,18:45,[18:30-18:45[,S,F,F,P,P,107.52,107.52
29/01/2024,19:00,[18:45-19:00[,S,F,F,P,P,107.52,107.52
29/01/2024,19:15,[19:00-19:15[,S,F,F,P,P,108.50,108.50
29/01/2024,19:30,[19:15-19:30[,S,F,F,P,P,108.50,108.50
29/01/2024,19:45,[19:30-19:45[,S,F,F,P,P,108.50,108.50
29/01/2024,20:00,[19:45-20:00[,S,F,F,P,P,108.50,108.50
29/01/2024,20:15,[20:00-20:15[,S,F,F,P,P,92.18,92.18
29/01/2024,20:30,[20:15-20:30[,S,F,F,P,P,92.18,92.18
29/01/2024,20:45,[20:30-20:45[,S,F,F,C,P,92.18,92.18
29/01/2024,21:00,[20:45-21:00[,S,F,F,C,P,92.18,92.18
29/01/2024,21:15,[21:00-21:15[,S,F,F,C,C,87.00,87.00
29/01/2024,21:30,[21:15-21:30[,S,F,F,C,C,87.00,87.00
29/01/2024,21:45,[21:30-21:45[,S,F,F,C,C,87.00,87.00
29/01/2024,22:00,[21:45-22:00[,S,F,F,C,C,87.00,87.00
29/01/2024,22:15,[22:00-22:15[,S,V,F,V,C,80.29,80.29
29/01/2024,22:30,[22:15-22:30[,S,V,F,V,C,80.29,80.29
29/01/2024,22:45,[22:30-22:45[,S,V,F,V,C,80.29,80.29
29/01/2024,23:00,[22:45-23:00[,S,V,F,V,C,80.29,80.29
29/01/2024,23:15,[23:00-23:15[,S,V,F,V,C,71.94,71.94
29/01/2024,23:30,[23:15-23:30[,S,V,F,V,C,71.94,71.94
29/01/2024,23:45,[23:30-23:45[,S,V,F,V,C,71.94,71.94
29/01/2024,23:59,[23:45-00:00[,S,V,F,V,C,71.94,71.94
30/01/2024,00:15,[00:00-00:15[,S,V,V,V,V,68.64,68.64
30/01/2024,00:30,[00:15-00:30[,S,V,V,V,V,68.64,68.64
30/01/2024,00:45,[00:30-00:45[,S,V,V,V,V,68.64,68.64
30/01/2024,01:00,[00:45-01:00[,S,V,V,V,V,68.64,68.64
30/01/2024,01:15,[01:00-01:15[,S,V,V,V,V,69.37,69.37
30/01/2024,01:30,[01:15-01:30[,S,V,V,V,V,69.37,69.37
30/01/2024,01:45,[01:30-01:45[,S,V,V,V,V,69.37,69.37
30/01/2024,02:00,[01:45-02:00[,S,V,V,V,V,69.37,69.37
30/01/2024,02:15,[02:00-02:15[,S,V,V,V,V,65.10,65.10
30/01/2024,02:30,[02:15-02:30[,S,V,V,V,V,65.10,65.10
30/01/2024,02:45,[02:30-02:45[,S,V,V,V,V,65.10,65.10
30/01/2024,03:00,[02:45-03:00[,S,V,V,V,V,65.10,65.10
30/01/2024,03:15,[03:00-03:15[,S,V,V,V,V,64.00,64.00
30/01/2024,03:30,[03:15-03:30[,S,V,V,V,V,64.00,64.00
30/01/2024,03:45,[03:30-03:45[,S,V,V,V,V,64.00,64.00
30/01/2024,04:00,[03:45-04:00[,S,V,V,V,V,64.00,64.00
30/01/2024,04:15,[04:00-04:15[,S,V,V,V,V,69.37,69.37
30/01/2024,04:30,[04:15-04:30[,S,V,V,V,V,69.37,69.37
30/01/2024,04:45,[04:30-04:45[,S,V,V,V,V,69.37,69.37
30/01/2024,05:00,[04:45-05:00[,S,V,V,V,V,69.37,69.37
30/01/2024,05:15,[05:00-05:15[,S,V,V,V,V,79.02,79.02
30/01/2024,05:30,[05:15-05:30[,S,V,V,V,V,79.02,79.02
30/01/2024,05:45,[05:30-05:45[,S,V,V,V,V,79.02,79.02
30/01/2024,06:00,[05:45-06:00[,S,V,V,V,V,79.02,79.02
30/01/2024,06:15,[06:00-06:15[,S,V,V,V,V,91.04,91.04
30/01/2024,06:30,[06:15-06:30[,S,V,V,V,V,91.04,91.04
30/01/2024,06:45,[06:30-06:45[,S,V,V,V,V,91.04,91.04
30/01/2024,07:00,[06:45-07:00[,S,V,V,V,V,91.04,91.04
30/01/2024,07:15,[07:00-07:15[,S,V,F,V,C,95.95,95.95
30/01/2024,07:30,[07:15-07:30[,S,V,F,V,C,95.95,95.95
30/01/2024,07:45,[07:30-07:45[,S,V,F,V,C,95.95,95.95
30/01/2024,08:00,[07:45-08:00[,S,V,F,V,C,95.95,95.95
30/01/2024,08:15,[08:00-08:15[,S,F,F,C,C,88.70,88.70
30/01/2024,08:30,[08:15-08:30[,S,F,F,C,C,88.70,88.70
30/01/2024,08:45,[08:30-08:45[,S,F,F,C,C,88.70,88.70
30/01/2024,09:00,[08:45-09:00[,S,F,F,C,C,88.70,88.70
30/01/2024,09:15,[09:00-09:15[,S,F,F,P,C,77.15,77.15
30/01/2024,09:30,[09:15-09:30[,S,F,F,P,C,77.15,77.15
30/01/2024,09:45,[09:30-09:45[,S,F,F,P,P,77.15,77.15
30/01/2024,10:00,[09:45-10:00[,S,F,F,P,P,77.15,77.15
30/01/2024,10:15,[10:00-10:15[,S,F,F,P,P,70.10,70.10
30/01/2024,10:30,[10:15-10:30[,S,F,F,P,P,70.10,70.10
30/01/2024,10:45,[10:30-10:45[,S,F,F,C,P,70.10,70.10
30/01/2024,11:00,[10:45-11:00[,S,F,F,C,P,70.10,70.10
30/01/2024,11:15,[11:00-11:15[,S,F,F,C,P,68.10,68.10
30/01/2024,11:30,[11:15-11:30[,S,F,F,C,P,68.10,68.10
30/01/2024,11:45,[11:30-11:45[,S,F,F,C,P,68.10,68.10
30/01/2024,12:00,[11:45-12:00[,S,F,F,C,P,68.10,68.10
30/01/2024,12:15,[12:00-12:15[,S,F,F,C,C,68.23,68.23
30/01/2024,12:30,[12:15-12:30[,S,F,F,C,C,68.23,68.23
30/01/2024,12:45,[12:30-12:45[,S,F,F,C,C,68.23,68.23
30/01/2024,13:00,[12:45-13:00[,S,F,F,C,C,68.23,68.23
30/01/2024,13:15,[13:00-13:15[,S,F,F,C,C,71.93,71.93
30/01/2024,13:30,[13:15-13:30[,S,F,F,C,C,71.93,71.93
30/01/2024,13:45,[13:30-13:45[,S,F,F,C,C,71.93,71.93
30/01/2024,14:00,[13:45-14:00[,S,F,F,C,C,71.93,71.93
30/01/2024,14:15,[14:00-14:15[,S,F,F,C,C,71.95,71.95
30/01/2024,14:30,[14:15-14:30[,S,F,F,C,C,71.95,71.95
30/01/2024,14:45,[14:30-14:45[,S,F,F,C,C,71.95,71.95
30/01/2024,15:00,[14:45-15:00[,S,F,F,C,C,71.95,71.95
30/01/2024,15:15,[15:00-15:15[,S,F,F,C,C,78.89,78.89
30/01/2024,15:30,[15:15-15:30[,S,F,F,C,C,78.89,78.89
30/01/2024,15:45,[15:30-15:45[,S,F,F,C,C,78.89,78.89
30/01/2024,16:00,[15:45-16:00[,S,F,F,C,C,78.89,78.89
30/01/2024,16:15,[16:00-16:15[,S,F,F,C,C,88.83,88.83
30/01/2024,16:30,[16:15-16:30[,S,F,F,C,C,88.83,88.83
30/01/2024,16:45,[16:30-16:45[,S,F,F,C,C,88.83,88.83
30/01/2024,17:00,[16:45-17:00[,S,F,F,C,C,88.83,88.83
30/01/2024,17:15,[17:00-17:15[,S,F,F,C,C,99.76,99.76
30/01/2024,17:30,[17:15-17:30[,S,F,F,C,C,99.76,99.76
30/01/2024,17:45,[17:30-17:45[,S,F,F,C,C,99.76,99.76
30/01/2024,18:00,[17:45-18:00[,S,F,F,C,C,99.76,99.76
30/01/2024,18:15,[18:00-18:15[,S,F,F,P,C,107.00,107.00
30/01/2024,18:30,[18:15-18:30[,S,F,F,P,C,107.00,107.00
30/01/2024,18:45,[18:30-18:45[,S,F,F,P,P,107.00,107.00
30/01/2024,19:00,[18:45-19:00[,S,F,F,P,P,107.00,107.00
30/01/2024,19:15,[19:00-19:15[,S,F,F,P,P,123.22,123.22
30/01/2024,19:30,[19:15-19:30[,S,F,F,P,P,123.22,123.22
30/01/2024,19:45,[19:30-19:45[,S,F,F,P,P,123.22,123.22
30/01/2024,20:00,[19:45-20:00[,S,F,F,P,P,123.22,123.22
30/01/2024,20:15,[20:00-20:15[,S,F,F,P,P,95.06,95.06
30/01/2024,20:30,[20:15-20:30[,S,F,F,P,P,95.06,95.06
30/01/2024,20:45,[20:30-20:45[,S,F,F,C,P,95.06,95.06
30/01/2024,21:00,[20:45-21:00[,S,F,F,C,P,95.06,95.06
30/01/2024,21:15,[21:00-21:15[,S,F,F,C,C,88.70,88.70
30/01/2024,21:30,[21:15-21:30[,S,F,F,C,C,88.70,88.70
30/01/2024,21:45,[21:30-21:45[,S,F,F,C,C,88.70,88.70
30/01/2024,22:00,[21:45-22:00[,S,F,F,C,C,88.70,88.70
30/01/2024,22:15,[22:00-22:15[,S,V,F,V,C,78.78,78.78
30/01/2024,22:30,[22:15-22:30[,S,V,F,V,C,78.78,78.78
30/01/2024,22:45,[22:30-22:45[,S,V,F,V,C,78.78,78.78
30/01/2024,23:00,[22:45-23:00[,S,V,F,V,C,78.78,78.78
30/01/2024,23:15,[23:00-23:15[,S,V,F,V,C,74.09,74.09
30/01/2024,23:30,[23:15-23:30[,S,V,F,V,C,74.09,74.09
30/01/2024,23:45,[23:30-23:45[,S,V,F,V,C,74.09,74.09
30/01/2024,23:59,[23:45-00:00[,S,V,F,V,C,74.09,74.09
31/01/2024,00:15,[00:00-00:15[,S,V,V,V,V,71.48,71.48
31/01/2024,00:30,[00:15-00:30[,S,V,V,V,V,71.48,71.48
31/01/2024,00:45,[00:30-00:45[,S,V,V,V,V,71.48,71.48
31/01/2024,01:00,[00:45-01:00[,S,V,V,V,V,71.48,71.48
31/01/2024,01:15,[01:00-01:15[,S,V,V,V,V,70.89,70.89
31/01/2024,01:30,[01:15-01:30[,S,V,V,V,V,70.89,70.89
31/01/2024,01:45,[01:30-01:45[,S,V,V,V,V,70.89,70.89
31/01/2024,02:00,[01:45-02:00[,S,V,V,V,V,70.89,70.89
31/01/2024,02:15,[02:00-02:15[,S,V,V,V,V,69.82,69.82
31/01/2024,02:30,[02:15-02:30[,S,V,V,V,V,69.82,69.82
31/01/2024,02:45,[02:30-02:45[,S,V,V,V,V,69.82,69.82
31/01/2024,03:00,[02:45-03:00[,S,V,V,V,V,69.82,69.82
31/01/2024,03:15,[03:00-03:15[,S,V,V,V,V,69.25,69.25
31/01/2024,03:30,[03:15-03:30[,S,V,V,V,V,69.25,69.25
31/01/2024,03:45,[03:30-03:45[,S,V,V,V,V,69.25,69.25
31/01/2024,04:00,[03:45-04:00[,S,V,V,V,V,69.25,69.25
31/01/2024,04:15,[04:00-04:15[,S,V,V,V,V,74.01,74.01
31/01/2024,04:30,[04:15-04:30[,S,V,V,V,V,74.01,74.01
31/01/2024,04:45,[04:30-04:45[,S,V,V,V,V,74.01,74.01
31/01/2024,05:00,[04:45-05:00[,S,V,V,V,V,74.01,74.01
31/01/2024,05:15,[05:00-05:15[,S,V,V,V,V,81.89,84.44
31/01/2024,05:30,[05:15-05:30[,S,V,V,V,V,81.89,84.44
31/01/2024,05:45,[05:30-05:45[,S,V,V,V,V,81.89,84.44
31/01/2024,06:00,[05:45-06:00[,S,V,V,V,V,81.89,84.44
31/01/2024,06:15,[06:00-06:15[,S,V,V,V,V,84.47,93.29
31/01/2024,06:30,[06:15-06:30[,S,V,V,V,V,84.47,93.29
31/01/2024,06:45,[06:30-06:45[,S,V,V,V,V,84.47,93.29
31/01/2024,07:00,[06:45-07:00[,S,V,V,V,V,84.47,93.29
31/01/2024,07:15,[07:00-07:15[,S,V,F,V,C,91.82,120.23
31/01/2024,07:30,[07:15-07:30[,S,V,F,V,C,91.82,120.23
31/01/2024,07:45,[07:30-07:45[,S,V,F,V,C,91.82,120.23
31/01/2024,08:00,[07:45-08:00[,S,V,F,V,C,91.82,120.23
31/01/2024,08:15,[08:00-08:15[,S,F,F,C,C,93.23,93.23
31/01/2024,08:30,[08:15-08:30[,S,F,F,C,C,93.23,93.23
31/01/2024,08:45,[08:30-08:45[,S,F,F,C,C,93.23,93.23
31/01/2024,09:00,[08:45-09:00[,S,F,F,C,C,93.23,93.23
31/01/2024,09:15,[09:00-09:15[,S,F,F,P,C,82.98,82.98
31/01/2024,09:30,[09:15-09:30[,S,F,F,P,C,82.98,82.98
31/01/2024,09:45,[09:30-09:45[,S,F,F,P,P,82.98,82.98
31/01/2024,10:00,[09:45-10:00[,S,F,F,P,P,82.98,82.98
31/01/2024,10:15,[10:00-10:15[,S,F,F,P,P,72.19,72.19
31/01/2024,10:30,[10:15-10:30[,S,F,F,P,P,72.19,72.19
31/01/2024,10:45,[10:30-10:45[,S,F,F,C,P,72.19,72.19
31/01/2024,11:00,[10:45-11:00[,S,F,F,C,P,72.19,72.19
31/01/2024,11:15,[11:00-11:15[,S,F,F,C,P,70.01,70.01
31/01/2024,11:30,[11:15-11:30[,S,F,F,C,P,70.01,70.01
31/01/2024,11:45,[11:30-11:45[,S,F,F,C,P,70.01,70.01
31/01/2024,12:00,[11:45-12:00[,S,F,F,C,P,70.01,70.01
31/01/2024,12:15,[12:00-12:15[,S,F,F,C,C,66.50,66.50
31/01/2024,12:30,[12:15-12:30[,S,F,F,C,C,66.50,66.50
31/01/2024,12:45,[12:30-12:45[,S,F,F,C,C,66.50,66.50
31/01/2024,13:00,[12:45-13:00[,S,F,F,C,C,66.50,66.50
31/01/2024,13:15,[13:00-13:15[,S,F,F,C,C,65.80,65.80
31/01/2024,13:30,[13:15-13:30[,S,F,F,C,C,65.80,65.80
31/01/2024,13:45,[13:30-13:45[,S,F,F,C,C,65.80,65.80
31/01/2024,14:00,[13:45-14:00[,S,F,F,C,C,65.80,65.80
31/01/2024,14:15,[14:00-14:15[,S,F,F,C,C,64.95,64.95
31/01/2024,14:30,[14:15-14:30[,S,F,F,C,C,64.95,64.95
31/01/2024,14:45,[14:30-14:45[,S,F,F,C,C,64.95,64.95
31/01/2024,15:00,[14:45-15:00[,S,F,F,C,C,64.95,64.95
31/01/2024,15:15,[15:00-15:15[,S,F,F,C,C,66.26,66.26
31/01/2024,15:30,[15:15-15:30[,S,F,F,C,C,66.26,66.26
31/01/2024,15:45,[15:30-15:45[,S,F,F,C,C,66.26,66.26
31/01/2024,16:00,[15:45-16:00[,S,F,F,C,C,66.26,66.26
31/01/2024,16:15,[16:00-16:15[,S,F,F,C,C,77.00,77.00
31/01/2024,16:30,[16:15-16:30[,S,F,F,C,C,77.00,77.00
31/01/2024,16:45,[16:30-16:45[,S,F,F,C,C,77.00,77.00
31/01/2024,17:00,[16:45-17:00[,S,F,F,C,C,77.00,77.00
31/01/2024,17:15,[17:00-17:15[,S,F,F,C,C,91.00,91.00
31/01/2024,17:30,[17:15-17:30[,S,F,F,C,C,91.00,91.00
31/01/2024,17:45,[17:30-17:45[,S,F,F,C,C,91.00,91.00
31/01/2024,18:00,[17:45-18:00[,S,F,F,C,C,91.00,91.00
31/01/2024,18:15,[18:00-18:15[,S,F,F,P,C,119.47,119.47
31/01/2024,18:30,[18:15-18:30[,S,F,F,P,C,119.47,119.47
31/01/2024,18:45,[18:30-18:45[,S,F,F,P,P,119.47,119.47
31/01/2024,19:00,[18:45-19:00[,S,F,F,P,P,119.47,119.47
31/01/2024,19:15,[19:00-19:15[,S,F,F,P,P,168.35,168.35
31/01/2024,19:30,[19:15-19:30[,S,F,F,P,P,168.35,168.35
31/01/2024,19:45,[19:30-19:45[,S,F,F,P,P,168.35,168.35
31/01/2024,20:00,[19:45-20:00[,S,F,F,P,P,168.35,168.35
31/01/2024,20:15,[20:00-20:15[,S,F,F,P,P,94.54,94.54
31/01/2024,20:30,[20:15-20:30[,S,F,F,P,P,94.54,94.54
31/01/2024,20:45,[20:30-20:45[,S,F,F,C,P,94.54,94.54
31/01/2024,21:00,[20:45-21:00[,S,F,F,C,P,94.54,94.54
31/01/2024,21:15,[21:00-21:15[,S,F,F,C,C,85.00,85.00
31/01/2024,21:30,[21:15-21:30[,S,F,F,C,C,85.00,85.00
31/01/2024,21:45,[21:30-21:45[,S,F,F,C,C,85.00,85.00
31/01/2024,22:00,[21:45-22:00[,S,F,F,C,C,85.00,85.00
31/01/2024,22:15,[22:00-22:15[,S,V,F,V,C,77.52,77.52
31/01/2024,22:30,[22:15-22:30[,S,V,F,V,C,77.52,77.52
31/01/2024,22:45,[22:30-22:45[,S,V,F,V,C,77.52,77.52
31/01/2024,23:00,[22:45-23:00[,S,V,F,V,C,77.52,77.52
31/01/2024,23:15,[23:00-23:15[,S,V,F,V,C,69.00,69.00
31/01/2024,23:30,[23:15-23:30[,S,V,F,V,C,69.00,69.00
31/01/2024,23:45,[23:30-23:45[,S,V,F,V,C,69.00,69.00
31/01/2024,23:59,[23:45-00:00[,S,V,F,V,C,69.00,69.00
01/02/2024,00:15,[00:00-00:15[,S,V,V,V,V,60.44,60.44
01/02/2024,00:30,[00:15-00:30[,S,V,V,V,V,60.44,60.44
01/02/2024,00:45,[00:30-00:45[,S,V,V,V,V,60.44,60.44
01/02/2024,01:00,[00:45-01:00[,S,V,V,V,V,60.44,60.44
01/02/2024,01:15,[01:00-01:15[,S,V,V,V,V,55.10,55.10
01/02/2024,01:30,[01:15-01:30[,S,V,V,V,V,55.10,55.10
01/02/2024,01:45,[01:30-01:45[,S,V,V,V,V,55.10,55.10
01/02/2024,02:00,[01:45-02:00[,S,V,V,V,V,55.10,55.10
01/02/2024,02:15,[02:00-02:15[,S,V,V,V,V,54.60,54.60
01/02/2024,02:30,[02:15-02:30[,S,V,V,V,V,54.60,54.60
01/02/2024,02:45,[02:30-02:45[,S,V,V,V,V,54.60,54.60
01/02/2024,03:00,[02:45-03:00[,S,V,V,V,V,54.60,54.60
01/02/2024,03:15,[03:00-03:15[,S,V,V,V,V,53.47,53.47
01/02/2024,03:30,[03:15-03:30[,S,V,V,V,V,53.47,53.47
01/02/2024,03:45,[03:30-03:45[,S,V,V,V,V,53.47,53.47
01/02/2024,04:00,[03:45-04:00[,S,V,V,V,V,53.47,53.47
01/02/2024,04:15,[04:00-04:15[,S,V,V,V,V,59.82,59.82
01/02/2024,04:30,[04:15-04:30[,S,V,V,V,V,59.82,59.82
01/02/2024,04:45,[04:30-04:45[,S,V,V,V,V,59.82,59.82
01/02/2024,05:00,[04:45-05:00[,S,V,V,V,V,59.82,59.82
01/02/2024,05:15,[05:00-05:15[,S,V,V,V,V,72.42,72.42
01/02/2024,05:30,[05:15-05:30[,S,V,V,V,V,72.42,72.42
01/02/2024,05:45,[05:30-05:45[,S,V,V,V,V,72.42,72.42
01/02/2024,06:00,[05:45-06:00[,S,V,V,V,V,72.42,72.42
01/02/2024,06:15,[06:00-06:15[,S,V,V,V,V,88.76,88.76
01/02/2024,06:30,[06:15-06:30[,S,V,V,V,V,88.76,88.76
01/02/2024,06:45,[06:30-06:45[,S,V,V,V,V,88.76,88.76
01/02/2024,07:00,[06:45-07:00[,S,V,V,V,V,88.76,88.76
01/02/2024,07:15,[07:00-07:15[,S,V,F,V,C,95.76,95.76
01/02/2024,07:30,[07:15-07:30[,S,V,F,V,C,95.76,95.76
01/02/2024,07:45,[07:30-07:45[,S,V,F,V,C,95.76,95.76
01/02/2024,08:00,[07:45-08:00[,S,V,F,V,C,95.76,95.76
01/02/2024,08:15,[08:00-08:15[,S,F,F,C,C,88.77,88.77
01/02/2024,08:30,[08:15-08:30[,S,F,F,C,C,88.77,88.77
01/02/2024,08:45,[08:30-08:45[,S,F,F,C,C,88.77,88.77
01/02/2024,09:00,[08:45-09:00[,S,F,F,C,C,88.77,88.77
01/02/2024,09:15,[09:00-09:15[,S,F,F,P,C,62.80,62.80
01/02/2024,09:30,[09:15-09:30[,S,F,F,P,C,62.80,62.80
01/02/2024,09:45,[09:30-09:45[,S,F,F,P,P,62.80,62.80
01/02/2024,10:00,[09:45-10:00[,S,F,F,P,P,62.80,62.80
01/02/2024,10:15,[10:00-10:15[,S,F,F,P,P,55.98,55.98
01/02/2024,10:30,[10:15-10:30[,S,F,F,P,P,55.98,55.98
01/02/2024,10:45,[10:30-10:45[,S,F,F,C,P,55.98,55.98
01/02/2024,11:00,[10:45-11:00[,S,F,F,C,P,55.98,55.98
01/02/2024,11:15,[11:00-11:15[,S,F,F,C,P,54.44,54.44
01/02/2024,11:30,[11:15-11:30[,S,F,F,C,P,54.44,54.44
01/02/2024,11:45,[11:30-11:45[,S,F,F,C,P,54.44,54.44
01/02/2024,12:00,[11:45-12:00[,S,F,F,C,P,54.44,54.44
01/02/2024,12:15,[12:00-12:15[,S,F,F,C,C,54.00,54.00
01/02/2024,12:30,[12:15-12:30[,S,F,F,C,C,54.00,54.00
01/02/2024,12:45,[12:30-12:45[,S,F,F,C,C,54.00,54.00
01/02/2024,13:00,[12:45-13:00[,S,F,F,C,C,54.00,54.00
01/02/2024,13:15,[13:00-13:15[,S,F,F,C,C,54.44,54.44
01/02/2024,13:30,[13:15-13:30[,S,F,F,C,C,54.44,54.44
01/02/2024,13:45,[13:30-13:45[,S,F,F,C,C,54.44,54.44
01/02/2024,14:00,[13:45-14:00[,S,F,F,C,C,54.44,54.44
01/02/2024,14:15,[14:00-14:15[,S,F,F,C,C,54.60,54.60
01/02/2024,14:30,[14:15-14:30[,S,F,F,C,C,54.60,54.60
01/02/2024,14:45,[14:30-14:45[,S,F,F,C,C,54.60,54.60
01/02/2024,15:00,[14:45-15:00[,S,F,F,C,C,54.60,54.60
01/02/2024,15:15,[15:00-15:15[,S,F,F,C,C,60.44,60.44
01/02/2024,15:30,[15:15-15:30[,S,F,F,C,C,60.44,60.44
01/02/2024,15:45,[15:30-15:45[,S,F,F,C,C,60.44,60.44
01/02/2024,16:00,[15:45-16:00[,S,F,F,C,C,60.44,60.44
01/02/2024,16:15,[16:00-16:15[,S,F,F,C,C,76.00,76.00
01/02/2024,16:30,[16:15-16:30[,S,F,F,C,C,76.00,76.00
01/02/2024,16:45,[16:30-16:45[,S,F,F,C,C,76.00,76.00
01/02/2024,17:00,[16:45-17:00[,S,F,F,C,C,76.00,76.00
01/02/2024,17:15,[17:00-17:15[,S,F,F,C,C,101.89,101.89
01/02/2024,17:30,[17:15-17:30[,S,F,F,C,C,101.89,101.89
01/02/2024,17:45,[17:30-17:45[,S,F,F,C,C,101.89,101.89
01/02/2024,18:00,[17:45-18:00[,S,F,F,C,C,101.89,101.89
01/02/2024,18:15,[18:00-18:15[,S,F,F,P,C,99.05,99.05
01/02/2024,18:30,[18:15-18:30[,S,F,F,P,C,99.05,99.05
01/02/2024,18:45,[18:30-18:45[,S,F,F,P,P,99.05,99.05
01/02/2024,19:00,[18:45-19:00[,S,F,F,P,P,99.05,99.05
01/02/2024,19:15,[19:00-19:15[,S,F,F,P,P,94.00,94.00
01/02/2024,19:30,[19:15-19:30[,S,F,F,P,P,94.00,94.00
01/02/2024,19:45,[19:30-19:45[,S,F,F,P,P,94.00,94.00
01/02/2024,20:00,[19:45-20:00[,S,F,F,P,P,94.00,94.00
01/02/2024,20:15,[20:00-20:15[,S,F,F,P,P,83.66,83.66
01/02/2024,20:30,[20:15-20:30[,S,F,F,P,P,83.66,83.66
01/02/2024,20:45,[20:30-20:45[,S,F,F,C,P,83.66,83.66
01/02/2024,21:00,[20:45-21:00[,S,F,F,C,P,83.66,83.66
01/02/2024,21:15,[21:00-21:15[,S,F,F,C,C,82.13,82.13
01/02/2024,21:30,[21:15-21:30[,S,F,F,C,C,82.13,82.13
01/02/2024,21:45,[21:30-21:45[,S,F,F,C,C,82.13,82.13
01/02/2024,22:00,[21:45-22:00[,S,F,F,C,C,82.13,82.13
01/02/2024,22:15,[22:00-22:15[,S,V,F,V,C,71.19,71.19
01/02/2024,22:30,[22:15-22:30[,S,V,F,V,C,71.19,71.19
01/02/2024,22:45,[22:30-22:45[,S,V,F,V,C,71.19,71.19
01/02/2024,23:00,[22:45-23:00[,S,V,F,V,C,71.19,71.19
01/02/2024,23:15,[23:00-23:15[,S,V,F,V,C,62.95,62.95
01/02/2024,23:30,[23:15-23:30[,S,V,F,V,C,62.95,62.95
01/02/2024,23:45,[23:30-23:45[,S,V,F,V,C,62.95,62.95
01/02/2024,23:59,[23:45-00:00[,S,V,F,V,C,62.95,62.95
02/02/2024,00:15,[00:00-00:15[,S,V,V,V,V,60.05,60.05
02/02/2024,00:30,[00:15-00:30[,S,V,V,V,V,60.05,60.05
02/02/2024,00:45,[00:30-00:45[,S,V,V,V,V,60.05,60.05
02/02/2024,01:00,[00:45-01:00[,S,V,V,V,V,60.05,60.05
02/02/2024,01:15,[01:00-01:15[,S,V,V,V,V,58.00,58.00
02/02/2024,01:30,[01:15-01:30[,S,V,V,V,V,58.00,58.00
02/02/2024,01:45,[01:30-01:45[,S,V,V,V,V,58.00,58.00
02/02/2024,02:00,[01:45-02:00[,S,V,V,V,V,58.00,58.00
02/02/2024,02:15,[02:00-02:15[,S,V,V,V,V,54.69,54.69
02/02/2024,02:30,[02:15-02:30[,S,V,V,V,V,54.69,54.69
02/02/2024,02:45,[02:30-02:45[,S,V,V,V,V,54.69,54.69
02/02/2024,03:00,[02:45-03:00[,S,V,V,V,V,54.69,54.69
02/02/2024,03:15,[03:00-03:15[,S,V,V,V,V,52.41,52.41
02/02/2024,03:30,[03:15-03:30[,S,V,V,V,V,52.41,52.41
02/02/2024,03:45,[03:30-03:45[,S,V,V,V,V,52.41,52.41
02/02/2024,04:00,[03:45-04:00[,S,V,V,V,V,52.41,52.41
02/02/2024,04:15,[04:00-04:15[,S,V,V,V,V,55.00,55.00
02/02/2024,04:30,[04:15-04:30[,S,V,V,V,V,55.00,55.00
02/02/2024,04:45,[04:30-04:45[,S,V,V,V,V,55.00,55.00
02/02/2024,05:00,[04:45-05:00[,S,V,V,V,V,55.00,55.00
02/02/2024,05:15,[05:00-05:15[,S,V,V,V,V,61.00,61.00
02/02/2024,05:30,[05:15-05:30[,S,V,V,V,V,61.00,61.00
02/02/2024,05:45,[05:30-05:45[,S,V,V,V,V,61.00,61.00
02/02/2024,06:00,[05:45-06:00[,S,V,V,V,V,61.00,61.00
02/02/2024,06:15,[06:00-06:15[,S,V,V,V,V,80.34,80.34
02/02/2024,06:30,[06:15-06:30[,S,V,V,V,V,80.34,80.34
02/02/2024,06:45,[06:30-06:45[,S,V,V,V,V,80.34,80.34
02/02/2024,07:00,[06:45-07:00[,S,V,V,V,V,80.34,80.34
02/02/2024,07:15,[07:00-07:15[,S,V,F,V,C,90.75,90.75
02/02/2024,07:30,[07:15-07:30[,S,V,F,V,C,90.75,90.75
02/02/2024,07:45,[07:30-07:45[,S,V,F,V,C,90.75,90.75
02/02/2024,08:00,[07:45-08:00[,S,V,F,V,C,90.75,90.75
02/02/2024,08:15,[08:00-08:15[,S,F,F,C,C,83.98,83.98
02/02/2024,08:30,[08:15-08:30[,S,F,F,C,C,83.98,83.98
02/02/2024,08:45,[08:30-08:45[,S,F,F,C,C,83.98,83.98
02/02/2024,09:00,[08:45-09:00[,S,F,F,C,C,83.98,83.98
02/02/2024,09:15,[09:00-09:15[,S,F,F,P,C,61.42,61.42
02/02/2024,09:30,[09:15-09:30[,S,F,F,P,C,61.42,61.42
02/02/2024,09:45,[09:30-09:45[,S,F,F,P,P,61.42,61.42
02/02/2024,10:00,[09:45-10:00[,S,F,F,P,P,61.42,61.42
02/02/2024,10:15,[10:00-10:15[,S,F,F,P,P,54.00,54.00
02/02/2024,10:30,[10:15-10:30[,S,F,F,P,P,54.00,54.00
02/02/2024,10:45,[10:30-10:45[,S,F,F,C,P,54.00,54.00
02/02/2024,11:00,[10:45-11:00[,S,F,F,C,P,54.00,54.00
02/02/2024,11:15,[11:00-11:15[,S,F,F,C,P,54.00,54.00
02/02/2024,11:30,[11:15-11:30[,S,F,F,C,P,54.00,54.00
02/02/2024,11:45,[11:30-11:45[,S,F,F,C,P,54.00,54.00
02/02/2024,12:00,[11:45-12:00[,S,F,F,C,P,54.00,54.00
02/02/2024,12:15,[12:00-12:15[,S,F,F,C,C,55.50,55.50
02/02/2024,12:30,[12:15-12:30[,S,F,F,C,C,55.50,55.50
02/02/2024,12:45,[12:30-12:45[,S,F,F,C,C,55.50,55.50
02/02/2024,13:00,[12:45-13:00[,S,F,F,C,C,55.50,55.50
02/02/2024,13:15,[13:00-13:15[,S,F,F,C,C,53.30,53.30
02/02/2024,13:30,[13:15-13:30[,S,F,F,C,C,53.30,53.30
02/02/2024,13:45,[13:30-13:45[,S,F,F,C,C,53.30,53.30
02/02/2024,14:00,[13:45-14:00[,S,F,F,C,C,53.30,53.30
02/02/2024,14:15,[14:00-14:15[,S,F,F,C,C,55.91,55.91
02/02/2024,14:30,[14:15-14:30[,S,F,F,C,C,55.91,55.91
02/02/2024,14:45,[14:30-14:45[,S,F,F,C,C,55.91,55.91
02/02/2024,15:00,[14:45-15:00[,S,F,F,C,C,55.91,55.91
02/02/2024,15:15,[15:00-15:15[,S,F,F,C,C,55.50,55.50
02/02/2024,15:30,[15:15-15:30[,S,F,F,C,C,55.50,55.50
02/02/2024,15:45,[15:30-15:45[,S,F,F,C,C,55.50,55.50
02/02/2024,16:00,[15:45-16:00[,S,F,F,C,C,55.50,55.50
02/02/2024,16:15,[16:00-16:15[,S,F,F,C,C,70.95,70.95
02/02/2024,16:30,[16:15-16:30[,S,F,F,C,C,70.95,70.95
02/02/2024,16:45,[16:30-16:45[,S,F,F,C,C,70.95,70.95
02/02/2024,17:00,[16:45-17:00[,S,F,F,C,C,70.95,70.95
02/02/2024,17:15,[17:00-17:15[,S,F,F,C,C,80.16,80.16
02/02/2024,17:30,[17:15-17:30[,S,F,F,C,C,80.16,80.16
02/02/2024,17:45,[17:30-17:45[,S,F,F,C,C,80.16,80.16
02/02/2024,18:00,[17:45-18:00[,S,F,F,C,C,80.16,80.16
02/02/2024,18:15,[18:00-18:15[,S,F,F,P,C,83.83,83.83
02/02/2024,18:30,[18:15-18:30[,S,F,F,P,C,83.83,83.83
02/02/2024,18:45,[18:30-18:45[,S,F,F,P,P,83.83,83.83
02/02/2024,19:00,[18:45-19:00[,S,F,F,P,P,83.83,83.83
02/02/2024,19:15,[19:00-19:15[,S,F,F,P,P,83.98,83.98
02/02/2024,19:30,[19:15-19:30[,S,F,F,P,P,83.98,83.98
02/02/2024,19:45,[19:30-19:45[,S,F,F,P,P,83.98,83.98
02/02/2024,20:00,[19:45-20:00[,S,F,F,P,P,83.98,83.98
02/02/2024,20:15,[20:00-20:15[,S,F,F,P,P,76.46,76.46
02/02/2024,20:30,[20:15-20:30[,S,F,F,P,P,76.46,76.46
02/02/2024,20:45,[20:30-20:45[,S,F,F,C,P,76.46,76.46
02/02/2024,21:00,[20:45-21:00[,S,F,F,C,P,76.46,76.46
02/02/2024,21:15,[21:00-21:15[,S,F,F,C,C,68.44,68.44
02/02/2024,21:30,[21:15-21:30[,S,F,F,C,C,68.44,68.44
02/02/2024,21:45,[21:30-21:45[,S,F,F,C,C,68.44,68.44
02/02/2024,22:00,[21:45-22:00[,S,F,F,C,C,68.44,68.44
02/02/2024,22:15,[22:00-22:15[,S,V,F,V,C,55.00,55.00
02/02/2024,22:30,[22:15-22:30[,S,V,F,V,C,55.00,55.00
02/02/2024,22:45,[22:30-22:45[,S,V,F,V,C,55.00,55.00
02/02/2024,23:00,[22:45-23:00[,S,V,F,V,C,55.00,55.00
02/02/2024,23:15,[23:00-23:15[,S,V,F,V,C,56.44,56.44
02/02/2024,23:30,[23:15-23:30[,S,V,F,V,C,56.44,56.44
02/02/2024,23:45,[23:30-23:45[,S,V,F,V,C,56.44,56.44
02/02/2024,23:59,[23:45-00:00[,S,V,F,V,C,56.44,56.44
03/02/2024,00:15,[00:00-00:15[,S,V,V,V,V,52.71,52.71
03/02/2024,00:30,[00:15-00:30[,S,V,V,V,V,52.71,52.71
03/02/2024,00:45,[00:30-00:45[,S,V,V,V,V,52.71,52.71
03/02/2024,01:00,[00:45-01:00[,S,V,V,V,V,52.71,52.71
03/02/2024,01:15,[01:00-01:15[,S,V,V,V,V,51.18,51.18
03/02/2024,01:30,[01:15-01:30[,S,V,V,V,V,51.18,51.18
03/02/2024,01:45,[01:30-01:45[,S,V,V,V,V,51.18,51.18
03/02/2024,02:00,[01:45-02:00[,S,V,V,V,V,51.18,51.18
03/02/2024,02:15,[02:00-02:15[,S,V,V,V,V,50.83,50.83
03/02/2024,02:30,[02:15-02:30[,S,V,V,V,V,50.83,50.83
03/02/2024,02:45,[02:30-02:45[,S,V,V,V,V,50.83,50.83
03/02/2024,03:00,[02:45-03:00[,S,V,V,V,V,50.83,50.83
03/02/2024,03:15,[03:00-03:15[,S,V,V,V,V,51.16,51.16
03/02/2024,03:30,[03:15-03:30[,S,V,V,V,V,51.16,51.16
03/02/2024,03:45,[03:30-03:45[,S,V,V,V,V,51.16,51.16
03/02/2024,04:00,[03:45-04:00[,S,V,V,V,V,51.16,51.16
03/02/2024,04:15,[04:00-04:15[,S,V,V,V,V,52.57,52.57
03/02/2024,04:30,[04:15-04:30[,S,V,V,V,V,52.57,52.57
03/02/2024,04:45,[04:30-04:45[,S,V,V,V,V,52.57,52.57
03/02/2024,05:00,[04:45-05:00[,S,V,V,V,V,52.57,52.57
03/02/2024,05:15,[05:00-05:15[,S,V,V,V,V,53.50,53.50
03/02/2024,05:30,[05:15-05:30[,S,V,V,V,V,53.50,53.50
03/02/2024,05:45,[05:30-05:45[,S,V,V,V,V,53.50,53.50
03/02/2024,06:00,[05:45-06:00[,S,V,V,V,V,53.50,53.50
03/02/2024,06:15,[06:00-06:15[,S,V,V,V,V,56.80,56.80
03/02/2024,06:30,[06:15-06:30[,S,V,V,V,V,56.80,56.80
03/02/2024,06:45,[06:30-06:45[,S,V,V,V,V,56.80,56.80
03/02/2024,07:00,[06:45-07:00[,S,V,V,V,V,56.80,56.80
03/02/2024,07:15,[07:00-07:15[,S,V,V,V,V,63.00,63.00
03/02/2024,07:30,[07:15-07:30[,S,V,V,V,V,63.00,63.00
03/02/2024,07:45,[07:30-07:45[,S,V,V,V,V,63.00,63.00
03/02/2024,08:00,[07:45-08:00[,S,V,V,V,V,63.00,63.00
03/02/2024,08:15,[08:00-08:15[,S,F,V,C,V,59.10,59.10
03/02/2024,08:30,[08:15-08:30[,S,F,V,C,V,59.10,59.10
03/02/2024,08:45,[08:30-08:45[,S,F,V,C,V,59.10,59.10
03/02/2024,09:00,[08:45-09:00[,S,F,V,C,V,59.10,59.10
03/02/2024,09:15,[09:00-09:15[,S,F,V,P,V,53.28,53.28
03/02/2024,09:30,[09:15-09:30[,S,F,V,P,V,53.28,53.28
03/02/2024,09:45,[09:30-09:45[,S,F,F,P,C,53.28,53.28
03/02/2024,10:00,[09:45-10:00[,S,F,F,P,C,53.28,53.28
03/02/2024,10:15,[10:00-10:15[,S,F,F,P,C,45.27,45.27
03/02/2024,10:30,[10:15-10:30[,S,F,F,P,C,45.27,45.27
03/02/2024,10:45,[10:30-10:45[,S,F,F,C,C,45.27,45.27
03/02/2024,11:00,[10:45-11:00[,S,F,F,C,C,45.27,45.27
03/02/2024,11:15,[11:00-11:15[,S,F,F,C,C,41.58,41.58
03/02/2024,11:30,[11:15-11:30[,S,F,F,C,C,41.58,41.58
03/02/2024,11:45,[11:30-11:45[,S,F,F,C,C,41.58,41.58
03/02/2024,12:00,[11:45-12:00[,S,F,F,C,C,41.58,41.58
03/02/2024,12:15,[12:00-12:15[,S,F,F,C,C,39.81,39.81
03/02/2024,12:30,[12:15-12:30[,S,F,F,C,C,39.81,39.81
03/02/2024,12:45,[12:30-12:45[,S,F,F,C,C,39.81,39.81
03/02/2024,13:00,[12:45-13:00[,S,F,F,C,C,39.81,39.81
03/02/2024,13:15,[13:00-13:15[,S,F,V,C,V,41.76,41.76
03/02/2024,13:30,[13:15-13:30[,S,F,V,C,V,41.76,41.76
03/02/2024,13:45,[13:30-13:45[,S,F,V,C,V,41.76,41.76
03/02/2024,14:00,[13:45-14:00[,S,F,V,C,V,41.76,41.76
03/02/2024,14:15,[14:00-14:15[,S,F,V,C,V,46.44,46.44
03/02/2024,14:30,[14:15-14:30[,S,F,V,C,V,46.44,46.44
03/02/2024,14:45,[14:30-14:45[,S,F,V,C,V,46.44,46.44
03/02/2024,15:00,[14:45-15:00[,S,F,V,C,V,46.44,46.44
03/02/2024,15:15,[15:00-15:15[,S,F,V,C,V,53.00,53.00
03/02/2024,15:30,[15:15-15:30[,S,F,V,C,V,53.00,53.00
03/02/2024,15:45,[15:30-15:45[,S,F,V,C,V,53.00,53.00
03/02/2024,16:00,[15:45-16:00[,S,F,V,C,V,53.00,53.00
03/02/2024,16:15,[16:00-16:15[,S,F,V,C,V,64.87,64.87
03/02/2024,16:30,[16:15-16:30[,S,F,V,C,V,64.87,64.87
03/02/2024,16:45,[16:30-16:45[,S,F,V,C,V,64.87,64.87
03/02/2024,17:00,[16:45-17:00[,S,F,V,C,V,64.87,64.87
03/02/2024,17:15,[17:00-17:15[,S,F,V,C,V,81.43,81.43
03/02/2024,17:30,[17:15-17:30[,S,F,V,C,V,81.43,81.43
03/02/2024,17:45,[17:30-17:45[,S,F,V,C,V,81.43,81.43
03/02/2024,18:00,[17:45-18:00[,S,F,V,C,V,81.43,81.43
03/02/2024,18:15,[18:00-18:15[,S,F,V,P,V,87.76,87.76
03/02/2024,18:30,[18:15-18:30[,S,F,V,P,V,87.76,87.76
03/02/2024,18:45,[18:30-18:45[,S,F,F,P,C,87.76,87.76
03/02/2024,19:00,[18:45-19:00[,S,F,F,P,C,87.76,87.76
03/02/2024,19:15,[19:00-19:15[,S,F,F,P,C,95.68,95.68
03/02/2024,19:30,[19:15-19:30[,S,F,F,P,C,95.68,95.68
03/02/2024,19:45,[19:30-19:45[,S,F,F,P,C,95.68,95.68
03/02/2024,20:00,[19:45-20:00[,S,F,F,P,C,95.68,95.68
03/02/2024,20:15,[20:00-20:15[,S,F,F,P,C,92.71,92.71
03/02/2024,20:30,[20:15-20:30[,S,F,F,P,C,92.71,92.71
03/02/2024,20:45,[20:30-20:45[,S,F,F,C,C,92.71,92.71
03/02/2024,21:00,[20:45-21:00[,S,F,F,C,C,92.71,92.71
03/02/2024,21:15,[21:00-21:15[,S,F,F,C,C,86.11,86.11
03/02/2024,21:30,[21:15-21:30[,S,F,F,C,C,86.11,86.11
03/02/2024,21:45,[21:30-21:45[,S,F,F,C,C,86.11,86.11
03/02/2024,22:00,[21:45-22:00[,S,F,F,C,C,86.11,86.11
03/02/2024,22:15,[22:00-22:15[,S,V,V,V,V,70.79,70.79
03/02/2024,22:30,[22:15-22:30[,S,V,V,V,V,70.79,70.79
03/02/2024,22:45,[22:30-22:45[,S,V,V,V,V,70.79,70.79
03/02/2024,23:00,[22:45-23:00[,S,V,V,V,V,70.79,70.79
03/02/2024,23:15,[23:00-23:15[,S,V,V,V,V,66.62,66.62
03/02/2024,23:30,[23:15-23:30[,S,V,V,V,V,66.62,66.62
03/02/2024,23:45,[23:30-23:45[,S,V,V,V,V,66.62,66.62
03/02/2024,23:59,[23:45-00:00[,S,V,V,V,V,66.62,66.62
04/02/2024,00:15,[00:00-00:15[,S,V,V,V,V,64.78,64.78
04/02/2024,00:30,[00:15-00:30[,S,V,V,V,V,64.78,64.78
04/02/2024,00:45,[00:30-00:45[,S,V,V,V,V,64.78,64.78
04/02/2024,01:00,[00:45-01:00[,S,V,V,V,V,64.78,64.78
04/02/2024,01:15,[01:00-01:15[,S,V,V,V,V,64.91,64.91
04/02/2024,01:30,[01:15-01:30[,S,V,V,V,V,64.91,64.91
04/02/2024,01:45,[01:30-01:45[,S,V,V,V,V,64.91,64.91
04/02/2024,02:00,[01:45-02:00[,S,V,V,V,V,64.91,64.91
04/02/2024,02:15,[02:00-02:15[,S,V,V,V,V,63.92,63.92
04/02/2024,02:30,[02:15-02:30[,S,V,V,V,V,63.92,63.92
04/02/2024,02:45,[02:30-02:45[,S,V,V,V,V,63.92,63.92
04/02/2024,03:00,[02:45-03:00[,S,V,V,V,V,63.92,63.92
04/02/2024,03:15,[03:00-03:15[,S,V,V,V,V,61.75,61.75
04/02/2024,03:30,[03:15-03:30[,S,V,V,V,V,61.75,61.75
04/02/2024,03:45,[03:30-03:45[,S,V,V,V,V,61.75,61.75
04/02/2024,04:00,[03:45-04:00[,S,V,V,V,V,61.75,61.75
04/02/2024,04:15,[04:00-04:15[,S,V,V,V,V,61.75,61.75
04/02/2024,04:30,[04:15-04:30[,S,V,V,V,V,61.75,61.75
04/02/2024,04:45,[04:30-04:45[,S,V,V,V,V,61.75,61.75
04/02/2024,05:00,[04:45-05:00[,S,V,V,V,V,61.75,61.75
04/02/2024,05:15,[05:00-05:15[,S,V,V,V,V,60.00,60.00
04/02/2024,05:30,[05:15-05:30[,S,V,V,V,V,60.00,60.00
04/02/2024,05:45,[05:30-05:45[,S,V,V,V,V,60.00,60.00
04/02/2024,06:00,[05:45-06:00[,S,V,V,V,V,60.00,60.00
04/02/2024,06:15,[06:00-06:15[,S,V,V,V,V,59.80,59.80
04/02/2024,06:30,[06:15-06:30[,S,V,V,V,V,59.80,59.80
04/02/2024,06:45,[06:30-06:45[,S,V,V,V,V,59.80,59.80
04/02/2024,07:00,[06:45-07:00[,S,V,V,V,V,59.80,59.80
04/02/2024,07:15,[07:00-07:15[,S,V,V,V,V,63.92,63.92
04/02/2024,07:30,[07:15-07:30[,S,V,V,V,V,63.92,63.92
04/02/2024,07:45,[07:30-07:45[,S,V,V,V,V,63.92,63.92
04/02/2024,08:00,[07:45-08:00[,S,V,V,V,V,63.92,63.92
04/02/2024,08:15,[08:00-08:15[,S,F,V,C,V,53.00,53.00
04/02/2024,08:30,[08:15-08:30[,S,F,V,C,V,53.00,53.00
04/02/2024,08:45,[08:30-08:45[,S,F,V,C,V,53.00,53.00
04/02/2024,09:00,[08:45-09:00[,S,F,V,C,V,53.00,53.00
04/02/2024,09:15,[09:00-09:15[,S,F,V,P,V,44.70,44.70
04/02/2024,09:30,[09:15-09:30[,S,F,V,P,V,44.70,44.70
04/02/2024,09:45,[09:30-09:45[,S,F,V,P,V,44.70,44.70
04/02/2024,10:00,[09:45-10:00[,S,F,V,P,V,44.70,44.70
04/02/2024,10:15,[10:00-10:15[,S,F,V,P,V,40.00,40.00
04/02/2024,10:30,[10:15-10:30[,S,F,V,P,V,40.00,40.00
04/02/2024,10:45,[10:30-10:45[,S,F,V,C,V,40.00,40.00
04/02/2024,11:00,[10:45-11:00[,S,F,V,C,V,40.00,40.00
04/02/2024,11:15,[11:00-11:15[,S,F,V,C,V,34.28,34.28
04/02/2024,11:30,[11:15-11:30[,S,F,V,C,V,34.28,34.28
04/02/2024,11:45,[11:30-11:45[,S,F,V,C,V,34.28,34.28
04/02/2024,12:00,[11:45-12:00[,S,F,V,C,V,34.28,34.28
04/02/2024,12:15,[12:00-12:15[,S,F,V,C,V,35.65,35.65
04/02/2024,12:30,[12:15-12:30[,S,F,V,C,V,35.65,35.65
04/02/2024,12:45,[12:30-12:45[,S,F,V,C,V,35.65,35.65
04/02/2024,13:00,[12:45-13:00[,S,F,V,C,V,35.65,35.65
04/02/2024,13:15,[13:00-13:15[,S,F,V,C,V,35.00,35.00
04/02/2024,13:30,[13:15-13:30[,S,F,V,C,V,35.00,35.00
04/02/2024,13:45,[13:30-13:45[,S,F,V,C,V,35.00,35.00
04/02/2024,14:00,[13:45-14:00[,S,F,V,C,V,35.00,35.00
04/02/2024,14:15,[14:00-14:15[,S,F,V,C,V,32.00,32.00
04/02/2024,14:30,[14:15-14:30[,S,F,V,C,V,32.00,32.00
04/02/2024,14:45,[14:30-14:45[,S,F,V,C,V,32.00,32.00
04/02/2024,15:00,[14:45-15:00[,S,F,V,C,V,32.00,32.00
04/02/2024,15:15,[15:00-15:15[,S,F,V,C,V,43.35,43.35
04/02/2024,15:30,[15:15-15:30[,S,F,V,C,V,43.35,43.35
04/02/2024,15:45,[15:30-15:45[,S,F,V,C,V,43.35,43.35
04/02/2024,16:00,[15:45-16:00[,S,F,V,C,V,43.35,43.35
04/02/2024,16:15,[16:00-16:15[,S,F,V,C,V,54.93,54.93
04/02/2024,16:30,[16:15-16:30[,S,F,V,C,V,54.93,54.93
04/02/2024,16:45,[16:30-16:45[,S,F,V,C,V,54.93,54.93
04/02/2024,17:00,[16:45-17:00[,S,F,V,C,V,54.93,54.93
04/02/2024,17:15,[17:00-17:15[,S,F,V,C,V,77.50,77.50
04/02/2024,17:30,[17:15-17:30[,S,F,V,C,V,77.50,77.50
04/02/2024,17:45,[17:30-17:45[,S,F,V,C,V,77.50,77.50
04/02/2024,18:00,[17:45-18:00[,S,F,V,C,V,77.50,77.50
04/02/2024,18:15,[18:00-18:15[,S,F,V,P,V,89.00,89.00
04/02/2024,18:30,[18:15-18:30[,S,F,V,P,V,89.00,89.00
04/02/2024,18:45,[18:30-18:45[,S,F,V,P,V,89.00,89.00
04/02/2024,19:00,[18:45-19:00[,S,F,V,P,V,89.00,89.00
04/02/2024,19:15,[19:00-19:15[,S,F,V,P,V,129.81,129.81
04/02/2024,19:30,[19:15-19:30[,S,F,V,P,V,129.81,129.81
04/02/2024,19:45,[19:30-19:45[,S,F,V,P,V,129.81,129.81
04/02/2024,20:00,[19:45-20:00[,S,F,V,P,V,129.81,129.81
04/02/2024,20:15,[20:00-20:15[,S,F,V,P,V,119.77,119.77
04/02/2024,20:30,[20:15-20:30[,S,F,V,P,V,119.77,119.77
04/02/2024,20:45,[20:30-20:45[,S,F,V,C,V,119.77,119.77
04/02/2024,21:00,[20:45-21:00[,S,F,V,C,V,119.77,119.77
04/02/2024,21:15,[21:00-21:15[,S,F,V,C,V,82.94,82.94
04/02/2024,21:30,[21:15-21:30[,S,F,V,C,V,82.94,82.94
04/02/2024,21:45,[21:30-21:45[,S,F,V,C,V,82.94,82.94
04/02/2024,22:00,[21:45-22:00[,S,F,V,C,V,82.94,82.94
04/02/2024,22:15,[22:00-22:15[,S,V,V,V,V,75.00,75.00
04/02/2024,22:30,[22:15-22:30[,S,V,V,V,V,75.00,75.00
04/02/2024,22:45,[22:30-22:45[,S,V,V,V,V,75.00,75.00
04/02/2024,23:00,[22:45-23:00[,S,V,V,V,V,75.00,75.00
04/02/2024,23:15,[23:00-23:15[,S,V,V,V,V,71.66,71.66
04/02/2024,23:30,[23:15-23:30[,S,V,V,V,V,71.66,71.66
04/02/2024,23:45,[23:30-23:45[,S,V,V,V,V,71.66,71.66
04/02/2024,23:59,[23:45-00:00[,S,V,V,V,V,71.66,71.66
05/02/2024,00:15,[00:00-00:15[,S,V,V,V,V,73.00,73.00
05/02/2024,00:30,[00:15-00:30[,S,V,V,V,V,73.00,73.00
05/02/2024,00:45,[00:30-00:45[,S,V,V,V,V,73.00,73.00
05/02/2024,01:00,[00:45-01:00[,S,V,V,V,V,73.00,73.00
05/02/2024,01:15,[01:00-01:15[,S,V,V,V,V,69.10,69.10
05/02/2024,01:30,[01:15-01:30[,S,V,V,V,V,69.10,69.10
05/02/2024,01:45,[01:30-01:45[,S,V,V,V,V,69.10,69.10
05/02/2024,02:00,[01:45-02:00[,S,V,V,V,V,69.10,69.10
05/02/2024,02:15,[02:00-02:15[,S,V,V,V,V,67.87,67.87
05/02/2024,02:30,[02:15-02:30[,S,V,V,V,V,67.87,67.87
05/02/2024,02:45,[02:30-02:45[,S,V,V,V,V,67.87,67.87
05/02/2024,03:00,[02:45-03:00[,S,V,V,V,V,67.87,67.87
05/02/2024,03:15,[03:00-03:15[,S,V,V,V,V,67.87,67.87
05/02/2024,03:30,[03:15-03:30[,S,V,V,V,V,67.87,67.87
05/02/2024,03:45,[03:30-03:45[,S,V,V,V,V,67.87,67.87
05/02/2024,04:00,[03:45-04:00[,S,V,V,V,V,67.87,67.87
05/02/2024,04:15,[04:00-04:15[,S,V,V,V,V,69.78,69.78
05/02/2024,04:30,[04:15-04:30[,S,V,V,V,V,69.78,69.78
05/02/2024,04:45,[04:30-04:45[,S,V,V,V,V,69.78,69.78
05/02/2024,05:00,[04:45-05:00[,S,V,V,V,V,69.78,69.78
05/02/2024,05:15,[05:00-05:15[,S,V,V,V,V,73.22,73.22
05/02/2024,05:30,[05:15-05:30[,S,V,V,V,V,73.22,73.22
05/02/2024,05:45,[05:30-05:45[,S,V,V,V,V,73.22,73.22
05/02/2024,06:00,[05:45-06:00[,S,V,V,V,V,73.22,73.22
05/02/2024,06:15,[06:00-06:15[,S,V,V,V,V,83.15,83.15
05/02/2024,06:30,[06:15-06:30[,S,V,V,V,V,83.15,83.15
05/02/2024,06:45,[06:30-06:45[,S,V,V,V,V,83.15,83.15
05/02/2024,07:00,[06:45-07:00[,S,V,V,V,V,83.15,83.15
05/02/2024,07:15,[07:00-07:15[,S,V,F,V,C,98.59,98.59
05/02/2024,07:30,[07:15-07:30[,S,V,F,V,C,98.59,98.59
05/02/2024,07:45,[07:30-07:45[,S,V,F,V,C,98.59,98.59
05/02/2024,08:00,[07:45-08:00[,S,V,F,V,C,98.59,98.59
05/02/2024,08:15,[08:00-08:15[,S,F,F,C,C,87.36,87.36
05/02/2024,08:30,[08:15-08:30[,S,F,F,C,C,87.36,87.36
05/02/2024,08:45,[08:30-08:45[,S,F,F,C,C,87.36,87.36
05/02/2024,09:00,[08:45-09:00[,S,F,F,C,C,87.36,87.36
05/02/2024,09:15,[09:00-09:15[,S,F,F,P,C,76.68,76.68
05/02/2024,09:30,[09:15-09:30[,S,F,F,P,C,76.68,76.68
05/02/2024,09:45,[09:30-09:45[,S,F,F,P,P,76.68,76.68
05/02/2024,10:00,[09:45-10:00[,S,F,F,P,P,76.68,76.68
05/02/2024,10:15,[10:00-10:15[,S,F,F,P,P,69.74,69.74
05/02/2024,10:30,[10:15-10:30[,S,F,F,P,P,69.74,69.74
05/02/2024,10:45,[10:30-10:45[,S,F,F,C,P,69.74,69.74
05/02/2024,11:00,[10:45-11:00[,S,F,F,C,P,69.74,69.74
05/02/2024,11:15,[11:00-11:15[,S,F,F,C,P,60.00,60.00
05/02/2024,11:30,[11:15-11:30[,S,F,F,C,P,60.00,60.00
05/02/2024,11:45,[11:30-11:45[,S,F,F,C,P,60.00,60.00
05/02/2024,12:00,[11:45-12:00[,S,F,F,C,P,60.00,60.00
05/02/2024,12:15,[12:00-12:15[,S,F,F,C,C,50.00,50.00
05/02/2024,12:30,[12:15-12:30[,S,F,F,C,C,50.00,50.00
05/02/2024,12:45,[12:30-12:45[,S,F,F,C,C,50.00,50.00
05/02/2024,13:00,[12:45-13:00[,S,F,F,C,C,50.00,50.00
05/02/2024,13:15,[13:00-13:15[,S,F,F,C,C,51.00,51.00
05/02/2024,13:30,[13:15-13:30[,S,F,F,C,C,51.00,51.00
05/02/2024,13:45,[13:30-13:45[,S,F,F,C,C,51.00,51.00
05/02/2024,14:00,[13:45-14:00[,S,F,F,C,C,51.00,51.00
05/02/2024,14:15,[14:00-14:15[,S,F,F,C,C,59.71,59.71
05/02/2024,14:30,[14:15-14:30[,S,F,F,C,C,59.71,59.71
05/02/2024,14:45,[14:30-14:45[,S,F,F,C,C,59.71,59.71
05/02/2024,15:00,[14:45-15:00[,S,F,F,C,C,59.71,59.71
05/02/2024,15:15,[15:00-15:15[,S,F,F,C,C,68.80,68.80
05/02/2024,15:30,[15:15-15:30[,S,F,F,C,C,68.80,68.80
05/02/2024,15:45,[15:30-15:45[,S,F,F,C,C,68.80,68.80
05/02/2024,16:00,[15:45-16:00[,S,F,F,C,C,68.80,68.80
05/02/2024,16:15,[16:00-16:15[,S,F,F,C,C,76.44,76.44
05/02/2024,16:30,[16:15-16:30[,S,F,F,C,C,76.44,76.44
05/02/2024,16:45,[16:30-16:45[,S,F,F,C,C,76.44,76.44
05/02/2024,17:00,[16:45-17:00[,S,F,F,C,C,76.44,76.44
05/02/2024,17:15,[17:00-17:15[,S,F,F,C,C,89.13,89.13
05/02/2024,17:30,[17:15-17:30[,S,F,F,C,C,89.13,89.13
05/02/2024,17:45,[17:30-17:45[,S,F,F,C,C,89.13,89.13
05/02/2024,18:00,[17:45-18:00[,S,F,F,C,C,89.13,89.13
05/02/2024,18:15,[18:00-18:15[,S,F,F,P,C,129.47,129.47
05/02/2024,18:30,[18:15-18:30[,S,F,F,P,C,129.47,129.47
05/02/2024,18:45,[18:30-18:45[,S,F,F,P,P,129.47,129.47
05/02/2024,19:00,[18:45-19:00[,S,F,F,P,P,129.47,129.47
05/02/2024,19:15,[19:00-19:15[,S,F,F,P,P,181.26,181.26
05/02/2024,19:30,[19:15-19:30[,S,F,F,P,P,181.26,181.26
05/02/2024,19:45,[19:30-19:45[,S,F,F,P,P,181.26,181.26
05/02/2024,20:00,[19:45-20:00[,S,F,F,P,P,181.26,181.26
05/02/2024,20:15,[20:00-20:15[,S,F,F,P,P,111.36,111.36
05/02/2024,20:30,[20:15-20:30[,S,F,F,P,P,111.36,111.36
05/02/2024,20:45,[20:30-20:45[,S,F,F,C,P,111.36,111.36
05/02/2024,21:00,[20:45-21:00[,S,F,F,C,P,111.36,111.36
05/02/2024,21:15,[21:00-21:15[,S,F,F,C,C,81.06,81.06
05/02/2024,21:30,[21:15-21:30[,S,F,F,C,C,81.06,81.06
05/02/2024,21:45,[21:30-21:45[,S,F,F,C,C,81.06,81.06
05/02/2024,22:00,[21:45-22:00[,S,F,F,C,C,81.06,81.06
05/02/2024,22:15,[22:00-22:15[,S,V,F,V,C,75.75,75.75
05/02/2024,22:30,[22:15-22:30[,S,V,F,V,C,75.75,75.75
05/02/2024,22:45,[22:30-22:45[,S,V,F,V,C,75.75,75.75
05/02/2024,23:00,[22:45-23:00[,S,V,F,V,C,75.75,75.75
05/02/2024,23:15,[23:00-23:15[,S,V,F,V,C,74.50,74.50
05/02/2024,23:30,[23:15-23:30[,S,V,F,V,C,74.50,74.50
05/02/2024,23:45,[23:30-23:45[,S,V,F,V,C,74.50,74.50
05/02/2024,23:59,[23:45-00:00[,S,V,F,V,C,74.50,74.50
06/02/2024,00:15,[00:00-00:15[,S,V,V,V,V,75.00,75.00
06/02/2024,00:30,[00:15-00:30[,S,V,V,V,V,75.00,75.00
06/02/2024,00:45,[00:30-00:45[,S,V,V,V,V,75.00,75.00
06/02/2024,01:00,[00:45-01:00[,S,V,V,V,V,75.00,75.00
06/02/2024,01:15,[01:00-01:15[,S,V,V,V,V,70.75,70.75
06/02/2024,01:30,[01:15-01:30[,S,V,V,V,V,70.75,70.75
06/02/2024,01:45,[01:30-01:45[,S,V,V,V,V,70.75,70.75
06/02/2024,02:00,[01:45-02:00[,S,V,V,V,V,70.75,70.75
06/02/2024,02:15,[02:00-02:15[,S,V,V,V,V,68.88,68.88
06/02/2024,02:30,[02:15-02:30[,S,V,V,V,V,68.88,68.88
06/02/2024,02:45,[02:30-02:45[,S,V,V,V,V,68.88,68.88
06/02/2024,03:00,[02:45-03:00[,S,V,V,V,V,68.88,68.88
06/02/2024,03:15,[03:00-03:15[,S,V,V,V,V,65.10,65.10
06/02/2024,03:30,[03:15-03:30[,S,V,V,V,V,65.10,65.10
06/02/2024,03:45,[03:30-03:45[,S,V,V,V,V,65.10,65.10
06/02/2024,04:00,[03:45-04:00[,S,V,V,V,V,65.10,65.10
06/02/2024,04:15,[04:00-04:15[,S,V,V,V,V,68.88,68.88
06/02/2024,04:30,[04:15-04:30[,S,V,V,V,V,68.88,68.88
06/02/2024,04:45,[04:30-04:45[,S,V,V,V,V,68.88,68.88
06/02/2024,05:00,[04:45-05:00[,S,V,V,V,V,68.88,68.88
06/02/2024,05:15,[05:00-05:15[,S,V,V,V,V,74.50,74.50
06/02/2024,05:30,[05:15-05:30[,S,V,V,V,V,74.50,74.50
06/02/2024,05:45,[05:30-05:45[,S,V,V,V,V,74.50,74.50
06/02/2024,06:00,[05:45-06:00[,S,V,V,V,V,74.50,74.50
06/02/2024,06:15,[06:00-06:15[,S,V,V,V,V,82.06,82.06
06/02/2024,06:30,[06:15-06:30[,S,V,V,V,V,82.06,82.06
06/02/2024,06:45,[06:30-06:45[,S,V,V,V,V,82.06,82.06
06/02/2024,07:00,[06:45-07:00[,S,V,V,V,V,82.06,82.06
06/02/2024,07:15,[07:00-07:15[,S,V,F,V,C,121.06,121.06
06/02/2024,07:30,[07:15-07:30[,S,V,F,V,C,121.06,121.06
06/02/2024,07:45,[07:30-07:45[,S,V,F,V,C,121.06,121.06
06/02/2024,08:00,[07:45-08:00[,S,V,F,V,C,121.06,121.06
06/02/2024,08:15,[08:00-08:15[,S,F,F,C,C,96.06,96.06
06/02/2024,08:30,[08:15-08:30[,S,F,F,C,C,96.06,96.06
06/02/2024,08:45,[08:30-08:45[,S,F,F,C,C,96.06,96.06
06/02/2024,09:00,[08:45-09:00[,S,F,F,C,C,96.06,96.06
06/02/2024,09:15,[09:00-09:15[,S,F,F,P,C,79.61,79.61
06/02/2024,09:30,[09:15-09:30[,S,F,F,P,C,79.61,79.61
06/02/2024,09:45,[09:30-09:45[,S,F,F,P,P,79.61,79.61
06/02/2024,10:00,[09:45-10:00[,S,F,F,P,P,79.61,79.61
06/02/2024,10:15,[10:00-10:15[,S,F,F,P,P,72.48,72.48
06/02/2024,10:30,[10:15-10:30[,S,F,F,P,P,72.48,72.48
06/02/2024,10:45,[10:30-10:45[,S,F,F,C,P,72.48,72.48
06/02/2024,11:00,[10:45-11:00[,S,F,F,C,P,72.48,72.48
06/02/2024,11:15,[11:00-11:15[,S,F,F,C,P,71.00,71.00
06/02/2024,11:30,[11:15-11:30[,S,F,F,C,P,71.00,71.00
06/02/2024,11:45,[11:30-11:45[,S,F,F,C,P,71.00,71.00
06/02/2024,12:00,[11:45-12:00[,S,F,F,C,P,71.00,71.00
06/02/2024,12:15,[12:00-12:15[,S,F,F,C,C,56.47,56.47
06/02/2024,12:30,[12:15-12:30[,S,F,F,C,C,56.47,56.47
06/02/2024,12:45,[12:30-12:45[,S,F,F,C,C,56.47,56.47
06/02/2024,13:00,[12:45-13:00[,S,F,F,C,C,56.47,56.47
06/02/2024,13:15,[13:00-13:15[,S,F,F,C,C,51.50,51.50
06/02/2024,13:30,[13:15-13:30[,S,F,F,C,C,51.50,51.50
06/02/2024,13:45,[13:30-13:45[,S,F,F,C,C,51.50,51.50
06/02/2024,14:00,[13:45-14:00[,S,F,F,C,C,51.50,51.50
06/02/2024,14:15,[14:00-14:15[,S,F,F,C,C,56.44,56.44
06/02/2024,14:30,[14:15-14:30[,S,F,F,C,C,56.44,56.44
06/02/2024,14:45,[14:30-14:45[,S,F,F,C,C,56.44,56.44
06/02/2024,15:00,[14:45-15:00[,S,F,F,C,C,56.44,56.44
06/02/2024,15:15,[15:00-15:15[,S,F,F,C,C,61.33,61.33
06/02/2024,15:30,[15:15-15:30[,S,F,F,C,C,61.33,61.33
06/02/2024,15:45,[15:30-15:45[,S,F,F,C,C,61.33,61.33
06/02/2024,16:00,[15:45-16:00[,S,F,F,C,C,61.33,61.33
06/02/2024,16:15,[16:00-16:15[,S,F,F,C,C,71.00,71.00
06/02/2024,16:30,[16:15-16:30[,S,F,F,C,C,71.00,71.00
06/02/2024,16:45,[16:30-16:45[,S,F,F,C,C,71.00,71.00
06/02/2024,17:00,[16:45-17:00[,S,F,F,C,C,71.00,71.00
06/02/2024,17:15,[17:00-17:15[,S,F,F,C,C,78.77,78.77
06/02/2024,17:30,[17:15-17:30[,S,F,F,C,C,78.77,78.77
06/02/2024,17:45,[17:30-17:45[,S,F,F,C,C,78.77,78.77
06/02/2024,18:00,[17:45-18:00[,S,F,F,C,C,78.77,78.77
06/02/2024,18:15,[18:00-18:15[,S,F,F,P,C,89.01,89.01
06/02/2024,18:30,[18:15-18:30[,S,F,F,P,C,89.01,89.01
06/02/2024,18:45,[18:30-18:45[,S,F,F,P,P,89.01,89.01
06/02/2024,19:00,[18:45-19:00[,S,F,F,P,P,89.01,89.01
06/02/2024,19:15,[19:00-19:15[,S,F,F,P,P,88.87,88.87
06/02/2024,19:30,[19:15-19:30[,S,F,F,P,P,88.87,88.87
06/02/2024,19:45,[19:30-19:45[,S,F,F,P,P,88.87,88.87
06/02/2024,20:00,[19:45-20:00[,S,F,F,P,P,88.87,88.87
06/02/2024,20:15,[20:00-20:15[,S,F,F,P,P,78.28,78.28
06/02/2024,20:30,[20:15-20:30[,S,F,F,P,P,78.28,78.28
06/02/2024,20:45,[20:30-20:45[,S,F,F,C,P,78.28,78.28
06/02/2024,21:00,[20:45-21:00[,S,F,F,C,P,78.28,78.28
06/02/2024,21:15,[21:00-21:15[,S,F,F,C,C,69.03,69.03
06/02/2024,21:30,[21:15-21:30[,S,F,F,C,C,69.03,69.03
06/02/2024,21:45,[21:30-21:45[,S,F,F,C,C,69.03,69.03
06/02/2024,22:00,[21:45-22:00[,S,F,F,C,C,69.03,69.03
06/02/2024,22:15,[22:00-22:15[,S,V,F,V,C,56.09,56.09
06/02/2024,22:30,[22:15-22:30[,S,V,F,V,C,56.09,56.09
06/02/2024,22:45,[22:30-22:45[,S,V,F,V,C,56.09,56.09
06/02/2024,23:00,[22:45-23:00[,S,V,F,V,C,56.09,56.09
06/02/2024,23:15,[23:00-23:15[,S,V,F,V,C,41.70,41.70
06/02/2024,23:30,[23:15-23:30[,S,V,F,V,C,41.70,41.70
06/02/2024,23:45,[23:30-23:45[,S,V,F,V,C,41.70,41.70
06/02/2024,23:59,[23:45-00:00[,S,V,F,V,C,41.70,41.70
07/02/2024,00:15,[00:00-00:15[,S,V,V,V,V,39.00,39.00
07/02/2024,00:30,[00:15-00:30[,S,V,V,V,V,39.00,39.00
07/02/2024,00:45,[00:30-00:45[,S,V,V,V,V,39.00,39.00
07/02/2024,01:00,[00:45-01:00[,S,V,V,V,V,39.00,39.00
07/02/2024,01:15,[01:00-01:15[,S,V,V,V,V,37.45,37.45
07/02/2024,01:30,[01:15-01:30[,S,V,V,V,V,37.45,37.45
07/02/2024,01:45,[01:30-01:45[,S,V,V,V,V,37.45,37.45
07/02/2024,02:00,[01:45-02:00[,S,V,V,V,V,37.45,37.45
07/02/2024,02:15,[02:00-02:15[,S,V,V,V,V,33.21,33.21
07/02/2024,02:30,[02:15-02:30[,S,V,V,V,V,33.21,33.21
07/02/2024,02:45,[02:30-02:45[,S,V,V,V,V,33.21,33.21
07/02/2024,03:00,[02:45-03:00[,S,V,V,V,V,33.21,33.21
07/02/2024,03:15,[03:00-03:15[,S,V,V,V,V,26.17,21.01
07/02/2024,03:30,[03:15-03:30[,S,V,V,V,V,26.17,21.01
07/02/2024,03:45,[03:30-03:45[,S,V,V,V,V,26.17,21.01
07/02/2024,04:00,[03:45-04:00[,S,V,V,V,V,26.17,21.01
07/02/2024,04:15,[04:00-04:15[,S,V,V,V,V,38.00,38.00
07/02/2024,04:30,[04:15-04:30[,S,V,V,V,V,38.00,38.00
07/02/2024,04:45,[04:30-04:45[,S,V,V,V,V,38.00,38.00
07/02/2024,05:00,[04:45-05:00[,S,V,V,V,V,38.00,38.00
07/02/2024,05:15,[05:00-05:15[,S,V,V,V,V,47.28,47.28
07/02/2024,05:30,[05:15-05:30[,S,V,V,V,V,47.28,47.28
07/02/2024,05:45,[05:30-05:45[,S,V,V,V,V,47.28,47.28
07/02/2024,06:00,[05:45-06:00[,S,V,V,V,V,47.28,47.28
07/02/2024,06:15,[06:00-06:15[,S,V,V,V,V,69.99,69.99
07/02/2024,06:30,[06:15-06:30[,S,V,V,V,V,69.99,69.99
07/02/2024,06:45,[06:30-06:45[,S,V,V,V,V,69.99,69.99
07/02/2024,07:00,[06:45-07:00[,S,V,V,V,V,69.99,69.99
07/02/2024,07:15,[07:00-07:15[,S,V,F,V,C,74.49,74.49
07/02/2024,07:30,[07:15-07:30[,S,V,F,V,C,74.49,74.49
07/02/2024,07:45,[07:30-07:45[,S,V,F,V,C,74.49,74.49
07/02/2024,08:00,[07:45-08:00[,S,V,F,V,C,74.49,74.49
07/02/2024,08:15,[08:00-08:15[,S,F,F,C,C,68.61,68.61
07/02/2024,08:30,[08:15-08:30[,S,F,F,C,C,68.61,68.61
07/02/2024,08:45,[08:30-08:45[,S,F,F,C,C,68.61,68.61
07/02/2024,09:00,[08:45-09:00[,S,F,F,C,C,68.61,68.61
07/02/2024,09:15,[09:00-09:15[,S,F,F,P,C,66.04,66.04
07/02/2024,09:30,[09:15-09:30[,S,F,F,P,C,66.04,66.04
07/02/2024,09:45,[09:30-09:45[,S,F,F,P,P,66.04,66.04
07/02/2024,10:00,[09:45-10:00[,S,F,F,P,P,66.04,66.04
07/02/2024,10:15,[10:00-10:15[,S,F,F,P,P,59.20,59.20
07/02/2024,10:30,[10:15-10:30[,S,F,F,P,P,59.20,59.20
07/02/2024,10:45,[10:30-10:45[,S,F,F,C,P,59.20,59.20
07/02/2024,11:00,[10:45-11:00[,S,F,F,C,P,59.20,59.20
07/02/2024,11:15,[11:00-11:15[,S,F,F,C,P,45.00,45.00
07/02/2024,11:30,[11:15-11:30[,S,F,F,C,P,45.00,45.00
07/02/2024,11:45,[11:30-11:45[,S,F,F,C,P,45.00,45.00
07/02/2024,12:00,[11:45-12:00[,S,F,F,C,P,45.00,45.00
07/02/2024,12:15,[12:00-12:15[,S,F,F,C,C,40.40,40.40
07/02/2024,12:30,[12:15-12:30[,S,F,F,C,C,40.40,40.40
07/02/2024,12:45,[12:30-12:45[,S,F,F,C,C,40.40,40.40
07/02/2024,13:00,[12:45-13:00[,S,F,F,C,C,40.40,40.40
07/02/2024,13:15,[13:00-13:15[,S,F,F,C,C,35.00,35.00
07/02/2024,13:30,[13:15-13:30[,S,F,F,C,C,35.00,35.00
07/02/2024,13:45,[13:30-13:45[,S,F,F,C,C,35.00,35.00
07/02/2024,14:00,[13:45-14:00[,S,F,F,C,C,35.00,35.00
07/02/2024,14:15,[14:00-14:15[,S,F,F,C,C,28.33,28.33
07/02/2024,14:30,[14:15-14:30[,S,F,F,C,C,28.33,28.33
07/02/2024,14:45,[14:30-14:45[,S,F,F,C,C,28.33,28.33
07/02/2024,15:00,[14:45-15:00[,S,F,F,C,C,28.33,28.33
07/02/2024,15:15,[15:00-15:15[,S,F,F,C,C,37.45,37.45
07/02/2024,15:30,[15:15-15:30[,S,F,F,C,C,37.45,37.45
07/02/2024,15:45,[15:30-15:45[,S,F,F,C,C,37.45,37.45
07/02/2024,16:00,[15:45-16:00[,S,F,F,C,C,37.45,37.45
07/02/2024,16:15,[16:00-16:15[,S,F,F,C,C,41.00,41.00
07/02/2024,16:30,[16:15-16:30[,S,F,F,C,C,41.00,41.00
07/02/2024,16:45,[16:30-16:45[,S,F,F,C,C,41.00,41.00
07/02/2024,17:00,[16:45-17:00[,S,F,F,C,C,41.00,41.00
07/02/2024,17:15,[17:00-17:15[,S,F,F,C,C,57.84,57.84
07/02/2024,17:30,[17:15-17:30[,S,F,F,C,C,57.84,57.84
07/02/2024,17:45,[17:30-17:45[,S,F,F,C,C,57.84,57.84
07/02/2024,18:00,[17:45-18:00[,S,F,F,C,C,57.84,57.84
07/02/2024,18:15,[18:00-18:15[,S,F,F,P,C,72.76,72.76
07/02/2024,18:30,[18:15-18:30[,S,F,F,P,C,72.76,72.76
07/02/2024,18:45,[18:30-18:45[,S,F,F,P,P,72.76,72.76
07/02/2024,19:00,[18:45-19:00[,S,F,F,P,P,72.76,72.76
07/02/2024,19:15,[19:00-19:15[,S,F,F,P,P,76.89,76.89
07/02/2024,19:30,[19:15-19:30[,S,F,F,P,P,76.89,76.89
07/02/2024,19:45,[19:30-19:45[,S,F,F,P,P,76.89,76.89
07/02/2024,20:00,[19:45-20:00[,S,F,F,P,P,76.89,76.89
07/02/2024,20:15,[20:00-20:15[,S,F,F,P,P,67.72,67.72
07/02/2024,20:30,[20:15-20:30[,S,F,F,P,P,67.72,67.72
07/02/2024,20:45,[20:30-20:45[,S,F,F,C,P,67.72,67.72
07/02/2024,21:00,[20:45-21:00[,S,F,F,C,P,67.72,67.72
07/02/2024,21:15,[21:00-21:15[,S,F,F,C,C,58.42,58.42
07/02/2024,21:30,[21:15-21:30[,S,F,F,C,C,58.42,58.42
07/02/2024,21:45,[21:30-21:45[,S,F,F,C,C,58.42,58.42
07/02/2024,22:00,[21:45-22:00[,S,F,F,C,C,58.42,58.42
07/02/2024,22:15,[22:00-22:15[,S,V,F,V,C,45.80,45.80
07/02/2024,22:30,[22:15-22:30[,S,V,F,V,C,45.80,45.80
07/02/2024,22:45,[22:30-22:45[,S,V,F,V,C,45.80,45.80
07/02/2024,23:00,[22:45-23:00[,S,V,F,V,C,45.80,45.80
07/02/2024,23:15,[23:00-23:15[,S,V,F,V,C,46.73,46.73
07/02/2024,23:30,[23:15-23:30[,S,V,F,V,C,46.73,46.73
07/02/2024,23:45,[23:30-23:45[,S,V,F,V,C,46.73,46.73
07/02/2024,23:59,[23:45-00:00[,S,V,F,V,C,46.73,46.73
08/02/2024,00:15,[00:00-00:15[,S,V,V,V,V,39.00,39.00
08/02/2024,00:30,[00:15-00:30[,S,V,V,V,V,39.00,39.00
08/02/2024,00:45,[00:30-00:45[,S,V,V,V,V,39.00,39.00
08/02/2024,01:00,[00:45-01:00[,S,V,V,V,V,39.00,39.00
08/02/2024,01:15,[01:00-01:15[,S,V,V,V,V,33.80,33.80
08/02/2024,01:30,[01:15-01:30[,S,V,V,V,V,33.80,33.80
08/02/2024,01:45,[01:30-01:45[,S,V,V,V,V,33.80,33.80
08/02/2024,02:00,[01:45-02:00[,S,V,V,V,V,33.80,33.80
08/02/2024,02:15,[02:00-02:15[,S,V,V,V,V,32.45,32.45
08/02/2024,02:30,[02:15-02:30[,S,V,V,V,V,32.45,32.45
08/02/2024,02:45,[02:30-02:45[,S,V,V,V,V,32.45,32.45
08/02/2024,03:00,[02:45-03:00[,S,V,V,V,V,32.45,32.45
08/02/2024,03:15,[03:00-03:15[,S,V,V,V,V,31.70,31.70
08/02/2024,03:30,[03:15-03:30[,S,V,V,V,V,31.70,31.70
08/02/2024,03:45,[03:30-03:45[,S,V,V,V,V,31.70,31.70
08/02/2024,04:00,[03:45-04:00[,S,V,V,V,V,31.70,31.70
08/02/2024,04:15,[04:00-04:15[,S,V,V,V,V,32.45,32.45
08/02/2024,04:30,[04:15-04:30[,S,V,V,V,V,32.45,32.45
08/02/2024,04:45,[04:30-04:45[,S,V,V,V,V,32.45,32.45
08/02/2024,05:00,[04:45-05:00[,S,V,V,V,V,32.45,32.45
08/02/2024,05:15,[05:00-05:15[,S,V,V,V,V,41.50,41.50
08/02/2024,05:30,[05:15-05:30[,S,V,V,V,V,41.50,41.50
08/02/2024,05:45,[05:30-05:45[,S,V,V,V,V,41.50,41.50
08/02/2024,06:00,[05:45-06:00[,S,V,V,V,V,41.50,41.50
08/02/2024,06:15,[06:00-06:15[,S,V,V,V,V,45.79,50.00
08/02/2024,06:30,[06:15-06:30[,S,V,V,V,V,45.79,50.00
08/02/2024,06:45,[06:30-06:45[,S,V,V,V,V,45.79,50.00
08/02/2024,07:00,[06:45-07:00[,S,V,V,V,V,45.79,50.00
08/02/2024,07:15,[07:00-07:15[,S,V,F,V,C,47.00,57.00
08/02/2024,07:30,[07:15-07:30[,S,V,F,V,C,47.00,57.00
08/02/2024,07:45,[07:30-07:45[,S,V,F,V,C,47.00,57.00
08/02/2024,08:00,[07:45-08:00[,S,V,F,V,C,47.00,57.00
08/02/2024,08:15,[08:00-08:15[,S,F,F,C,C,42.13,42.13
08/02/2024,08:30,[08:15-08:30[,S,F,F,C,C,42.13,42.13
08/02/2024,08:45,[08:30-08:45[,S,F,F,C,C,42.13,42.13
08/02/2024,09:00,[08:45-09:00[,S,F,F,C,C,42.13,42.13
08/02/2024,09:15,[09:00-09:15[,S,F,F,P,C,37.00,37.00
08/02/2024,09:30,[09:15-09:30[,S,F,F,P,C,37.00,37.00
08/02/2024,09:45,[09:30-09:45[,S,F,F,P,P,37.00,37.00
08/02/2024,10:00,[09:45-10:00[,S,F,F,P,P,37.00,37.00
08/02/2024,10:15,[10:00-10:15[,S,F,F,P,P,35.22,35.22
08/02/2024,10:30,[10:15-10:30[,S,F,F,P,P,35.22,35.22
08/02/2024,10:45,[10:30-10:45[,S,F,F,C,P,35.22,35.22
08/02/2024,11:00,[10:45-11:00[,S,F,F,C,P,35.22,35.22
08/02/2024,11:15,[11:00-11:15[,S,F,F,C,P,38.00,38.00
08/02/2024,11:30,[11:15-11:30[,S,F,F,C,P,38.00,38.00
08/02/2024,11:45,[11:30-11:45[,S,F,F,C,P,38.00,38.00
08/02/2024,12:00,[11:45-12:00[,S,F,F,C,P,38.00,38.00
08/02/2024,12:15,[12:00-12:15[,S,F,F,C,C,31.70,31.70
08/02/2024,12:30,[12:15-12:30[,S,F,F,C,C,31.70,31.70
08/02/2024,12:45,[12:30-12:45[,S,F,F,C,C,31.70,31.70
08/02/2024,13:00,[12:45-13:00[,S,F,F,C,C,31.70,31.70
08/02/2024,13:15,[13:00-13:15[,S,F,F,C,C,33.80,33.80
08/02/2024,13:30,[13:15-13:30[,S,F,F,C,C,33.80,33.80
08/02/2024,13:45,[13:30-13:45[,S,F,F,C,C,33.80,33.80
08/02/2024,14:00,[13:45-14:00[,S,F,F,C,C,33.80,33.80
08/02/2024,14:15,[14:00-14:15[,S,F,F,C,C,33.08,33.08
08/02/2024,14:30,[14:15-14:30[,S,F,F,C,C,33.08,33.08
08/02/2024,14:45,[14:30-14:45[,S,F,F,C,C,33.08,33.08
08/02/2024,15:00,[14:45-15:00[,S,F,F,C,C,33.08,33.08
08/02/2024,15:15,[15:00-15:15[,S,F,F,C,C,39.40,39.40
08/02/2024,15:30,[15:15-15:30[,S,F,F,C,C,39.40,39.40
08/02/2024,15:45,[15:30-15:45[,S,F,F,C,C,39.40,39.40
08/02/2024,16:00,[15:45-16:00[,S,F,F,C,C,39.40,39.40
08/02/2024,16:15,[16:00-16:15[,S,F,F,C,C,41.50,41.50
08/02/2024,16:30,[16:15-16:30[,S,F,F,C,C,41.50,41.50
08/02/2024,16:45,[16:30-16:45[,S,F,F,C,C,41.50,41.50
08/02/2024,17:00,[16:45-17:00[,S,F,F,C,C,41.50,41.50
08/02/2024,17:15,[17:00-17:15[,S,F,F,C,C,44.23,44.23
08/02/2024,17:30,[17:15-17:30[,S,F,F,C,C,44.23,44.23
08/02/2024,17:45,[17:30-17:45[,S,F,F,C,C,44.23,44.23
08/02/2024,18:00,[17:45-18:00[,S,F,F,C,C,44.23,44.23
08/02/2024,18:15,[18:00-18:15[,S,F,F,P,C,40.00,40.00
08/02/2024,18:30,[18:15-18:30[,S,F,F,P,C,40.00,40.00
08/02/2024,18:45,[18:30-18:45[,S,F,F,P,P,40.00,40.00
08/02/2024,19:00,[18:45-19:00[,S,F,F,P,P,40.00,40.00
08/02/2024,19:15,[19:00-19:15[,S,F,F,P,P,40.50,40.50
08/02/2024,19:30,[19:15-19:30[,S,F,F,P,P,40.50,40.50
08/02/2024,19:45,[19:30-19:45[,S,F,F,P,P,40.50,40.50
08/02/2024,20:00,[19:45-20:00[,S,F,F,P,P,40.50,40.50
08/02/2024,20:15,[20:00-20:15[,S,F,F,P,P,37.94,37.94
08/02/2024,20:30,[20:15-20:30[,S,F,F,P,P,37.94,37.94
08/02/2024,20:45,[20:30-20:45[,S,F,F,C,P,37.94,37.94
08/02/2024,21:00,[20:45-21:00[,S,F,F,C,P,37.94,37.94
08/02/2024,21:15,[21:00-21:15[,S,F,F,C,C,40.19,40.19
08/02/2024,21:30,[21:15-21:30[,S,F,F,C,C,40.19,40.19
08/02/2024,21:45,[21:30-21:45[,S,F,F,C,C,40.19,40.19
08/02/2024,22:00,[21:45-22:00[,S,F,F,C,C,40.19,40.19
08/02/2024,22:15,[22:00-22:15[,S,V,F,V,C,28.70,28.70
08/02/2024,22:30,[22:15-22:30[,S,V,F,V,C,28.70,28.70
08/02/2024,22:45,[22:30-22:45[,S,V,F,V,C,28.70,28.70
08/02/2024,23:00,[22:45-23:00[,S,V,F,V,C,28.70,28.70
08/02/2024,23:15,[23:00-23:15[,S,V,F,V,C,22.04,22.04
08/02/2024,23:30,[23:15-23:30[,S,V,F,V,C,22.04,22.04
08/02/2024,23:45,[23:30-23:45[,S,V,F,V,C,22.04,22.04
08/02/2024,23:59,[23:45-00:00[,S,V,F,V,C,22.04,22.04
09/02/2024,00:15,[00:00-00:15[,S,V,V,V,V,11.17,11.17
09/02/2024,00:30,[00:15-00:30[,S,V,V,V,V,11.17,11.17
09/02/2024,00:45,[00:30-00:45[,S,V,V,V,V,11.17,11.17
09/02/2024,01:00,[00:45-01:00[,S,V,V,V,V,11.17,11.17
09/02/2024,01:15,[01:00-01:15[,S,V,V,V,V,5.00,5.00
09/02/2024,01:30,[01:15-01:30[,S,V,V,V,V,5.00,5.00
09/02/2024,01:45,[01:30-01:45[,S,V,V,V,V,5.00,5.00
09/02/2024,02:00,[01:45-02:00[,S,V,V,V,V,5.00,5.00
09/02/2024,02:15,[02:00-02:15[,S,V,V,V,V,3.20,3.20
09/02/2024,02:30,[02:15-02:30[,S,V,V,V,V,3.20,3.20
09/02/2024,02:45,[02:30-02:45[,S,V,V,V,V,3.20,3.20
09/02/2024,03:00,[02:45-03:00[,S,V,V,V,V,3.20,3.20
09/02/2024,03:15,[03:00-03:15[,S,V,V,V,V,3.20,3.20
09/02/2024,03:30,[03:15-03:30[,S,V,V,V,V,3.20,3.20
09/02/2024,03:45,[03:30-03:45[,S,V,V,V,V,3.20,3.20
09/02/2024,04:00,[03:45-04:00[,S,V,V,V,V,3.20,3.20
09/02/2024,04:15,[04:00-04:15[,S,V,V,V,V,11.14,11.14
09/02/2024,04:30,[04:15-04:30[,S,V,V,V,V,11.14,11.14
09/02/2024,04:45,[04:30-04:45[,S,V,V,V,V,11.14,11.14
09/02/2024,05:00,[04:45-05:00[,S,V,V,V,V,11.14,11.14
09/02/2024,05:15,[05:00-05:15[,S,V,V,V,V,29.62,29.62
09/02/2024,05:30,[05:15-05:30[,S,V,V,V,V,29.62,29.62
09/02/2024,05:45,[05:30-05:45[,S,V,V,V,V,29.62,29.62
09/02/2024,06:00,[05:45-06:00[,S,V,V,V,V,29.62,29.62
09/02/2024,06:15,[06:00-06:15[,S,V,V,V,V,48.92,48.92
09/02/2024,06:30,[06:15-06:30[,S,V,V,V,V,48.92,48.92
09/02/2024,06:45,[06:30-06:45[,S,V,V,V,V,48.92,48.92
09/02/2024,07:00,[06:45-07:00[,S,V,V,V,V,48.92,48.92
09/02/2024,07:15,[07:00-07:15[,S,V,F,V,C,57.84,57.84
09/02/2024,07:30,[07:15-07:30[,S,V,F,V,C,57.84,57.84
09/02/2024,07:45,[07:30-07:45[,S,V,F,V,C,57.84,57.84
09/02/2024,08:00,[07:45-08:00[,S,V,F,V,C,57.84,57.84
09/02/2024,08:15,[08:00-08:15[,S,F,F,C,C,65.00,65.00
09/02/2024,08:30,[08:15-08:30[,S,F,F,C,C,65.00,65.00
09/02/2024,08:45,[08:30-08:45[,S,F,F,C,C,65.00,65.00
09/02/2024,09:00,[08:45-09:00[,S,F,F,C,C,65.00,65.00
09/02/2024,09:15,[09:00-09:15[,S,F,F,P,C,66.35,66.35
09/02/2024,09:30,[09:15-09:30[,S,F,F,P,C,66.35,66.35
09/02/2024,09:45,[09:30-09:45[,S,F,F,P,P,66.35,66.35
09/02/2024,10:00,[09:45-10:00[,S,F,F,P,P,66.35,66.35
09/02/2024,10:15,[10:00-10:15[,S,F,F,P,P,57.84,57.84
09/02/2024,10:30,[10:15-10:30[,S,F,F,P,P,57.84,57.84
09/02/2024,10:45,[10:30-10:45[,S,F,F,C,P,57.84,57.84
09/02/2024,11:00,[10:45-11:00[,S,F,F,C,P,57.84,57.84
09/02/2024,11:15,[11:00-11:15[,S,F,F,C,P,50.56,50.56
09/02/2024,11:30,[11:15-11:30[,S,F,F,C,P,50.56,50.56
09/02/2024,11:45,[11:30-11:45[,S,F,F,C,P,50.56,50.56
09/02/2024,12:00,[11:45-12:00[,S,F,F,C,P,50.56,50.56
09/02/2024,12:15,[12:00-12:15[,S,F,F,C,C,46.73,46.73
09/02/2024,12:30,[12:15-12:30[,S,F,F,C,C,46.73,46.73
09/02/2024,12:45,[12:30-12:45[,S,F,F,C,C,46.73,46.73
09/02/2024,13:00,[12:45-13:00[,S,F,F,C,C,46.73,46.73
09/02/2024,13:15,[13:00-13:15[,S,F,F,C,C,47.99,47.99
09/02/2024,13:30,[13:15-13:30[,S,F,F,C,C,47.99,47.99
09/02/2024,13:45,[13:30-13:45[,S,F,F,C,C,47.99,47.99
09/02/2024,14:00,[13:45-14:00[,S,F,F,C,C,47.99,47.99
09/02/2024,14:15,[14:00-14:15[,S,F,F,C,C,46.73,46.73
09/02/2024,14:30,[14:15-14:30[,S,F,F,C,C,46.73,46.73
09/02/2024,14:45,[14:30-14:45[,S,F,F,C,C,46.73,46.73
09/02/2024,15:00,[14:45-15:00[,S,F,F,C,C,46.73,46.73
09/02/2024,15:15,[15:00-15:15[,S,F,F,C,C,44.99,44.99
09/02/2024,15:30,[15:15-15:30[,S,F,F,C,C,44.99,44.99
09/02/2024,15:45,[15:30-15:45[,S,F,F,C,C,44.99,44.99
09/02/2024,16:00,[15:45-16:00[,S,F,F,C,C,44.99,44.99
09/02/2024,16:15,[16:00-16:15[,S,F,F,C,C,42.00,42.00
09/02/2024,16:30,[16:15-16:30[,S,F,F,C,C,42.00,42.00
09/02/2024,16:45,[16:30-16:45[,S,F,F,C,C,42.00,42.00
09/02/2024,17:00,[16:45-17:00[,S,F,F,C,C,42.00,42.00
09/02/2024,17:15,[17:00-17:15[,S,F,F,C,C,44.46,44.46
09/02/2024,17:30,[17:15-17:30[,S,F,F,C,C,44.46,44.46
09/02/2024,17:45,[17:30-17:45[,S,F,F,C,C,44.46,44.46
09/02/2024,18:00,[17:45-18:00[,S,F,F,C,C,44.46,44.46
09/02/2024,18:15,[18:00-18:15[,S,F,F,P,C,59.95,59.95
09/02/2024,18:30,[18:15-18:30[,S,F,F,P,C,59.95,59.95
09/02/2024,18:45,[18:30-18:45[,S,F,F,P,P,59.95,59.95
09/02/2024,19:00,[18:45-19:00[,S,F,F,P,P,59.95,59.95
09/02/2024,19:15,[19:00-19:15[,S,F,F,P,P,66.35,66.35
09/02/2024,19:30,[19:15-19:30[,S,F,F,P,P,66.35,66.35
09/02/2024,19:45,[19:30-19:45[,S,F,F,P,P,66.35,66.35
09/02/2024,20:00,[19:45-20:00[,S,F,F,P,P,66.35,66.35
09/02/2024,20:15,[20:00-20:15[,S,F,F,P,P,55.02,55.02
09/02/2024,20:30,[20:15-20:30[,S,F,F,P,P,55.02,55.02
09/02/2024,20:45,[20:30-20:45[,S,F,F,C,P,55.02,55.02
09/02/2024,21:00,[20:45-21:00[,S,F,F,C,P,55.02,55.02
09/02/2024,21:15,[21:00-21:15[,S,F,F,C,C,43.13,43.13
09/02/2024,21:30,[21:15-21:30[,S,F,F,C,C,43.13,43.13
09/02/2024,21:45,[21:30-21:45[,S,F,F,C,C,43.13,43.13
09/02/2024,22:00,[21:45-22:00[,S,F,F,C,C,43.13,43.13
09/02/2024,22:15,[22:00-22:15[,S,V,F,V,C,35.00,35.00
09/02/2024,22:30,[22:15-22:30[,S,V,F,V,C,35.00,35.00
09/02/2024,22:45,[22:30-22:45[,S,V,F,V,C,35.00,35.00
09/02/2024,23:00,[22:45-23:00[,S,V,F,V,C,35.00,35.00
09/02/2024,23:15,[23:00-23:15[,S,V,F,V,C,26.78,26.78
09/02/2024,23:30,[23:15-23:30[,S,V,F,V,C,26.78,26.78
09/02/2024,23:45,[23:30-23:45[,S,V,F,V,C,26.78,26.78
09/02/2024,23:59,[23:45-00:00[,S,V,F,V,C,26.78,26.78
10/02/2024,00:15,[00:00-00:15[,S,V,V,V,V,14.00,14.00
10/02/2024,00:30,[00:15-00:30[,S,V,V,V,V,14.00,14.00
10/02/2024,00:45,[00:30-00:45[,S,V,V,V,V,14.00,14.00
10/02/2024,01:00,[00:45-01:00[,S,V,V,V,V,14.00,14.00
10/02/2024,01:15,[01:00-01:15[,S,V,V,V,V,5.00,5.00
10/02/2024,01:30,[01:15-01:30[,S,V,V,V,V,5.00,5.00
10/02/2024,01:45,[01:30-01:45[,S,V,V,V,V,5.00,5.00
10/02/2024,02:00,[01:45-02:00[,S,V,V,V,V,5.00,5.00
10/02/2024,02:15,[02:00-02:15[,S,V,V,V,V,3.20,3.20
10/02/2024,02:30,[02:15-02:30[,S,V,V,V,V,3.20,3.20
10/02/2024,02:45,[02:30-02:45[,S,V,V,V,V,3.20,3.20
10/02/2024,03:00,[02:45-03:00[,S,V,V,V,V,3.20,3.20
10/02/2024,03:15,[03:00-03:15[,S,V,V,V,V,3.20,3.20
10/02/2024,03:30,[03:15-03:30[,S,V,V,V,V,3.20,3.20
10/02/2024,03:45,[03:30-03:45[,S,V,V,V,V,3.20,3.20
10/02/2024,04:00,[03:45-04:00[,S,V,V,V,V,3.20,3.20
10/02/2024,04:15,[04:00-04:15[,S,V,V,V,V,3.20,3.20
10/02/2024,04:30,[04:15-04:30[,S,V,V,V,V,3.20,3.20
10/02/2024,04:45,[04:30-04:45[,S,V,V,V,V,3.20,3.20
10/02/2024,05:00,[04:45-05:00[,S,V,V,V,V,3.20,3.20
10/02/2024,05:15,[05:00-05:15[,S,V,V,V,V,3.20,3.20
10/02/2024,05:30,[05:15-05:30[,S,V,V,V,V,3.20,3.20
10/02/2024,05:45,[05:30-05:45[,S,V,V,V,V,3.20,3.20
10/02/2024,06:00,[05:45-06:00[,S,V,V,V,V,3.20,3.20
10/02/2024,06:15,[06:00-06:15[,S,V,V,V,V,3.20,3.20
10/02/2024,06:30,[06:15-06:30[,S,V,V,V,V,3.20,3.20
10/02/2024,06:45,[06:30-06:45[,S,V,V,V,V,3.20,3.20
10/02/2024,07:00,[06:45-07:00[,S,V,V,V,V,3.20,3.20
10/02/2024,07:15,[07:00-07:15[,S,V,V,V,V,3.20,3.20
10/02/2024,07:30,[07:15-07:30[,S,V,V,V,V,3.20,3.20
10/02/2024,07:45,[07:30-07:45[,S,V,V,V,V,3.20,3.20
10/02/2024,08:00,[07:45-08:00[,S,V,V,V,V,3.20,3.20
10/02/2024,08:15,[08:00-08:15[,S,F,V,C,V,3.20,3.20
10/02/2024,08:30,[08:15-08:30[,S,F,V,C,V,3.20,3.20
10/02/2024,08:45,[08:30-08:45[,S,F,V,C,V,3.20,3.20
10/02/2024,09:00,[08:45-09:00[,S,F,V,C,V,3.20,3.20
10/02/2024,09:15,[09:00-09:15[,S,F,V,P,V,0.43,0.43
10/02/2024,09:30,[09:15-09:30[,S,F,V,P,V,0.43,0.43
10/02/2024,09:45,[09:30-09:45[,S,F,F,P,C,0.43,0.43
10/02/2024,10:00,[09:45-10:00[,S,F,F,P,C,0.43,0.43
10/02/2024,10:15,[10:00-10:15[,S,F,F,P,C,0.00,0.00
10/02/2024,10:30,[10:15-10:30[,S,F,F,P,C,0.00,0.00
10/02/2024,10:45,[10:30-10:45[,S,F,F,C,C,0.00,0.00
10/02/2024,11:00,[10:45-11:00[,S,F,F,C,C,0.00,0.00
10/02/2024,11:15,[11:00-11:15[,S,F,F,C,C,0.00,0.00
10/02/2024,11:30,[11:15-11:30[,S,F,F,C,C,0.00,0.00
10/02/2024,11:45,[11:30-11:45[,S,F,F,C,C,0.00,0.00
10/02/2024,12:00,[11:45-12:00[,S,F,F,C,C,0.00,0.00
10/02/2024,12:15,[12:00-12:15[,S,F,F,C,C,0.00,0.00
10/02/2024,12:30,[12:15-12:30[,S,F,F,C,C,0.00,0.00
10/02/2024,12:45,[12:30-12:45[,S,F,F,C,C,0.00,0.00
10/02/2024,13:00,[12:45-13:00[,S,F,F,C,C,0.00,0.00
10/02/2024,13:15,[13:00-13:15[,S,F,V,C,V,0.00,0.00
10/02/2024,13:30,[13:15-13:30[,S,F,V,C,V,0.00,0.00
10/02/2024,13:45,[13:30-13:45[,S,F,V,C,V,0.00,0.00
10/02/2024,14:00,[13:45-14:00[,S,F,V,C,V,0.00,0.00
10/02/2024,14:15,[14:00-14:15[,S,F,V,C,V,0.00,0.00
10/02/2024,14:30,[14:15-14:30[,S,F,V,C,V,0.00,0.00
10/02/2024,14:45,[14:30-14:45[,S,F,V,C,V,0.00,0.00
10/02/2024,15:00,[14:45-15:00[,S,F,V,C,V,0.00,0.00
10/02/2024,15:15,[15:00-15:15[,S,F,V,C,V,0.00,0.00
10/02/2024,15:30,[15:15-15:30[,S,F,V,C,V,0.00,0.00
10/02/2024,15:45,[15:30-15:45[,S,F,V,C,V,0.00,0.00
10/02/2024,16:00,[15:45-16:00[,S,F,V,C,V,0.00,0.00
10/02/2024,16:15,[16:00-16:15[,S,F,V,C,V,0.43,0.43
10/02/2024,16:30,[16:15-16:30[,S,F,V,C,V,0.43,0.43
10/02/2024,16:45,[16:30-16:45[,S,F,V,C,V,0.43,0.43
10/02/2024,17:00,[16:45-17:00[,S,F,V,C,V,0.43,0.43
10/02/2024,17:15,[17:00-17:15[,S,F,V,C,V,3.20,3.20
10/02/2024,17:30,[17:15-17:30[,S,F,V,C,V,3.20,3.20
10/02/2024,17:45,[17:30-17:45[,S,F,V,C,V,3.20,3.20
10/02/2024,18:00,[17:45-18:00[,S,F,V,C,V,3.20,3.20
10/02/2024,18:15,[18:00-18:15[,S,F,V,P,V,25.01,25.01
10/02/2024,18:30,[18:15-18:30[,S,F,V,P,V,25.01,25.01
10/02/2024,18:45,[18:30-18:45[,S,F,F,P,C,25.01,25.01
10/02/2024,19:00,[18:45-19:00[,S,F,F,P,C,25.01,25.01
10/02/2024,19:15,[19:00-19:15[,S,F,F,P,C,36.46,36.46
10/02/2024,19:30,[19:15-19:30[,S,F,F,P,C,36.46,36.46
10/02/2024,19:45,[19:30-19:45[,S,F,F,P,C,36.46,36.46
10/02/2024,20:00,[19:45-20:00[,S,F,F,P,C,36.46,36.46
10/02/2024,20:15,[20:00-20:15[,S,F,F,P,C,37.90,37.90
10/02/2024,20:30,[20:15-20:30[,S,F,F,P,C,37.90,37.90
10/02/2024,20:45,[20:30-20:45[,S,F,F,C,C,37.90,37.90
10/02/2024,21:00,[20:45-21:00[,S,F,F,C,C,37.90,37.90
10/02/2024,21:15,[21:00-21:15[,S,F,F,C,C,32.68,32.68
10/02/2024,21:30,[21:15-21:30[,S,F,F,C,C,32.68,32.68
10/02/2024,21:45,[21:30-21:45[,S,F,F,C,C,32.68,32.68
10/02/2024,22:00,[21:45-22:00[,S,F,F,C,C,32.68,32.68
10/02/2024,22:15,[22:00-22:15[,S,V,V,V,V,23.00,23.00
10/02/2024,22:30,[22:15-22:30[,S,V,V,V,V,23.00,23.00
10/02/2024,22:45,[22:30-22:45[,S,V,V,V,V,23.00,23.00
10/02/2024,23:00,[22:45-23:00[,S,V,V,V,V,23.00,23.00
10/02/2024,23:15,[23:00-23:15[,S,V,V,V,V,35.00,35.00
10/02/2024,23:30,[23:15-23:30[,S,V,V,V,V,35.00,35.00
10/02/2024,23:45,[23:30-23:45[,S,V,V,V,V,35.00,35.00
10/02/2024,23:59,[23:45-00:00[,S,V,V,V,V,35.00,35.00
11/02/2024,00:15,[00:00-00:15[,S,V,V,V,V,23.26,23.26
11/02/2024,00:30,[00:15-00:30[,S,V,V,V,V,23.26,23.26
11/02/2024,00:45,[00:30-00:45[,S,V,V,V,V,23.26,23.26
11/02/2024,01:00,[00:45-01:00[,S,V,V,V,V,23.26,23.26
11/02/2024,01:15,[01:00-01:15[,S,V,V,V,V,22.01,22.01
11/02/2024,01:30,[01:15-01:30[,S,V,V,V,V,22.01,22.01
11/02/2024,01:45,[01:30-01:45[,S,V,V,V,V,22.01,22.01
11/02/2024,02:00,[01:45-02:00[,S,V,V,V,V,22.01,22.01
11/02/2024,02:15,[02:00-02:15[,S,V,V,V,V,20.50,20.50
11/02/2024,02:30,[02:15-02:30[,S,V,V,V,V,20.50,20.50
11/02/2024,02:45,[02:30-02:45[,S,V,V,V,V,20.50,20.50
11/02/2024,03:00,[02:45-03:00[,S,V,V,V,V,20.50,20.50
11/02/2024,03:15,[03:00-03:15[,S,V,V,V,V,25.00,25.00
11/02/2024,03:30,[03:15-03:30[,S,V,V,V,V,25.00,25.00
11/02/2024,03:45,[03:30-03:45[,S,V,V,V,V,25.00,25.00
11/02/2024,04:00,[03:45-04:00[,S,V,V,V,V,25.00,25.00
11/02/2024,04:15,[04:00-04:15[,S,V,V,V,V,24.98,24.98
11/02/2024,04:30,[04:15-04:30[,S,V,V,V,V,24.98,24.98
11/02/2024,04:45,[04:30-04:45[,S,V,V,V,V,24.98,24.98
11/02/2024,05:00,[04:45-05:00[,S,V,V,V,V,24.98,24.98
11/02/2024,05:15,[05:00-05:15[,S,V,V,V,V,37.90,37.90
11/02/2024,05:30,[05:15-05:30[,S,V,V,V,V,37.90,37.90
11/02/2024,05:45,[05:30-05:45[,S,V,V,V,V,37.90,37.90
11/02/2024,06:00,[05:45-06:00[,S,V,V,V,V,37.90,37.90
11/02/2024,06:15,[06:00-06:15[,S,V,V,V,V,40.19,40.19
11/02/2024,06:30,[06:15-06:30[,S,V,V,V,V,40.19,40.19
11/02/2024,06:45,[06:30-06:45[,S,V,V,V,V,40.19,40.19
11/02/2024,07:00,[06:45-07:00[,S,V,V,V,V,40.19,40.19
11/02/2024,07:15,[07:00-07:15[,S,V,V,V,V,41.00,41.00
11/02/2024,07:30,[07:15-07:30[,S,V,V,V,V,41.00,41.00
11/02/2024,07:45,[07:30-07:45[,S,V,V,V,V,41.00,41.00
11/02/2024,08:00,[07:45-08:00[,S,V,V,V,V,41.00,41.00
11/02/2024,08:15,[08:00-08:15[,S,F,V,C,V,42.10,42.10
11/02/2024,08:30,[08:15-08:30[,S,F,V,C,V,42.10,42.10
11/02/2024,08:45,[08:30-08:45[,S,F,V,C,V,42.10,42.10
11/02/2024,09:00,[08:45-09:00[,S,F,V,C,V,42.10,42.10
11/02/2024,09:15,[09:00-09:15[,S,F,V,P,V,43.46,43.46
11/02/2024,09:30,[09:15-09:30[,S,F,V,P,V,43.46,43.46
11/02/2024,09:45,[09:30-09:45[,S,F,V,P,V,43.46,43.46
11/02/2024,10:00,[09:45-10:00[,S,F,V,P,V,43.46,43.46
11/02/2024,10:15,[10:00-10:15[,S,F,V,P,V,40.19,40.19
11/02/2024,10:30,[10:15-10:30[,S,F,V,P,V,40.19,40.19
11/02/2024,10:45,[10:30-10:45[,S,F,V,C,V,40.19,40.19
11/02/2024,11:00,[10:45-11:00[,S,F,V,C,V,40.19,40.19
11/02/2024,11:15,[11:00-11:15[,S,F,V,C,V,39.90,39.90
11/02/2024,11:30,[11:15-11:30[,S,F,V,C,V,39.90,39.90
11/02/2024,11:45,[11:30-11:45[,S,F,V,C,V,39.90,39.90
11/02/2024,12:00,[11:45-12:00[,S,F,V,C,V,39.90,39.90
11/02/2024,12:15,[12:00-12:15[,S,F,V,C,V,40.19,40.19
11/02/2024,12:30,[12:15-12:30[,S,F,V,C,V,40.19,40.19
11/02/2024,12:45,[12:30-12:45[,S,F,V,C,V,40.19,40.19
11/02/2024,13:00,[12:45-13:00[,S,F,V,C,V,40.19,40.19
11/02/2024,13:15,[13:00-13:15[,S,F,V,C,V,39.98,39.98
11/02/2024,13:30,[13:15-13:30[,S,F,V,C,V,39.98,39.98
11/02/2024,13:45,[13:30-13:45[,S,F,V,C,V,39.98,39.98
11/02/2024,14:00,[13:45-14:00[,S,F,V,C,V,39.98,39.98
11/02/2024,14:15,[14:00-14:15[,S,F,V,C,V,39.99,39.99
11/02/2024,14:30,[14:15-14:30[,S,F,V,C,V,39.99,39.99
11/02/2024,14:45,[14:30-14:45[,S,F,V,C,V,39.99,39.99
11/02/2024,15:00,[14:45-15:00[,S,F,V,C,V,39.99,39.99
11/02/2024,15:15,[15:00-15:15[,S,F,V,C,V,46.73,46.73
11/02/2024,15:30,[15:15-15:30[,S,F,V,C,V,46.73,46.73
11/02/2024,15:45,[15:30-15:45[,S,F,V,C,V,46.73,46.73
11/02/2024,16:00,[15:45-16:00[,S,F,V,C,V,46.73,46.73
11/02/2024,16:15,[16:00-16:15[,S,F,V,C,V,61.94,61.94
11/02/2024,16:30,[16:15-16:30[,S,F,V,C,V,61.94,61.94
11/02/2024,16:45,[16:30-16:45[,S,F,V,C,V,61.94,61.94
11/02/2024,17:00,[16:45-17:00[,S,F,V,C,V,61.94,61.94
11/02/2024,17:15,[17:00-17:15[,S,F,V,C,V,67.78,83.13
11/02/2024,17:30,[17:15-17:30[,S,F,V,C,V,67.78,83.13
11/02/2024,17:45,[17:30-17:45[,S,F,V,C,V,67.78,83.13
11/02/2024,18:00,[17:45-18:00[,S,F,V,C,V,67.78,83.13
11/02/2024,18:15,[18:00-18:15[,S,F,V,P,V,67.78,83.98
11/02/2024,18:30,[18:15-18:30[,S,F,V,P,V,67.78,83.98
11/02/2024,18:45,[18:30-18:45[,S,F,V,P,V,67.78,83.98
11/02/2024,19:00,[18:45-19:00[,S,F,V,P,V,67.78,83.98
11/02/2024,19:15,[19:00-19:15[,S,F,V,P,V,75.75,76.82
11/02/2024,19:30,[19:15-19:30[,S,F,V,P,V,75.75,76.82
11/02/2024,19:45,[19:30-19:45[,S,F,V,P,V,75.75,76.82
11/02/2024,20:00,[19:45-20:00[,S,F,V,P,V,75.75,76.82
11/02/2024,20:15,[20:00-20:15[,S,F,V,P,V,70.01,70.01
11/02/2024,20:30,[20:15-20:30[,S,F,V,P,V,70.01,70.01
11/02/2024,20:45,[20:30-20:45[,S,F,V,C,V,70.01,70.01
11/02/2024,21:00,[20:45-21:00[,S,F,V,C,V,70.01,70.01
11/02/2024,21:15,[21:00-21:15[,S,F,V,C,V,56.94,56.94
11/02/2024,21:30,[21:15-21:30[,S,F,V,C,V,56.94,56.94
11/02/2024,21:45,[21:30-21:45[,S,F,V,C,V,56.94,56.94
11/02/2024,22:00,[21:45-22:00[,S,F,V,C,V,56.94,56.94
11/02/2024,22:15,[22:00-22:15[,S,V,V,V,V,40.70,40.70
11/02/2024,22:30,[22:15-22:30[,S,V,V,V,V,40.70,40.70
11/02/2024,22:45,[22:30-22:45[,S,V,V,V,V,40.70,40.70
11/02/2024,23:00,[22:45-23:00[,S,V,V,V,V,40.70,40.70
11/02/2024,23:15,[23:00-23:15[,S,V,V,V,V,39.23,39.23
11/02/2024,23:30,[23:15-23:30[,S,V,V,V,V,39.23,39.23
11/02/2024,23:45,[23:30-23:45[,S,V,V,V,V,39.23,39.23
11/02/2024,23:59,[23:45-00:00[,S,V,V,V,V,39.23,39.23
12/02/2024,00:15,[00:00-00:15[,S,V,V,V,V,38.12,38.12
12/02/2024,00:30,[00:15-00:30[,S,V,V,V,V,38.12,38.12
12/02/2024,00:45,[00:30-00:45[,S,V,V,V,V,38.12,38.12
12/02/2024,01:00,[00:45-01:00[,S,V,V,V,V,38.12,38.12
12/02/2024,01:15,[01:00-01:15[,S,V,V,V,V,35.00,35.00
12/02/2024,01:30,[01:15-01:30[,S,V,V,V,V,35.00,35.00
12/02/2024,01:45,[01:30-01:45[,S,V,V,V,V,35.00,35.00
12/02/2024,02:00,[01:45-02:00[,S,V,V,V,V,35.00,35.00
12/02/2024,02:15,[02:00-02:15[,S,V,V,V,V,33.76,33.76
12/02/2024,02:30,[02:15-02:30[,S,V,V,V,V,33.76,33.76
12/02/2024,02:45,[02:30-02:45[,S,V,V,V,V,33.76,33.76
12/02/2024,03:00,[02:45-03:00[,S,V,V,V,V,33.76,33.76
12/02/2024,03:15,[03:00-03:15[,S,V,V,V,V,33.76,33.76
12/02/2024,03:30,[03:15-03:30[,S,V,V,V,V,33.76,33.76
12/02/2024,03:45,[03:30-03:45[,S,V,V,V,V,33.76,33.76
12/02/2024,04:00,[03:45-04:00[,S,V,V,V,V,33.76,33.76
12/02/2024,04:15,[04:00-04:15[,S,V,V,V,V,35.10,35.10
12/02/2024,04:30,[04:15-04:30[,S,V,V,V,V,35.10,35.10
12/02/2024,04:45,[04:30-04:45[,S,V,V,V,V,35.10,35.10
12/02/2024,05:00,[04:45-05:00[,S,V,V,V,V,35.10,35.10
12/02/2024,05:15,[05:00-05:15[,S,V,V,V,V,37.40,37.40
12/02/2024,05:30,[05:15-05:30[,S,V,V,V,V,37.40,37.40
12/02/2024,05:45,[05:30-05:45[,S,V,V,V,V,37.40,37.40
12/02/2024,06:00,[05:45-06:00[,S,V,V,V,V,37.40,37.40
12/02/2024,06:15,[06:00-06:15[,S,V,V,V,V,39.88,39.88
12/02/2024,06:30,[06:15-06:30[,S,V,V,V,V,39.88,39.88
12/02/2024,06:45,[06:30-06:45[,S,V,V,V,V,39.88,39.88
12/02/2024,07:00,[06:45-07:00[,S,V,V,V,V,39.88,39.88
12/02/2024,07:15,[07:00-07:15[,S,V,F,V,C,50.50,50.50
12/02/2024,07:30,[07:15-07:30[,S,V,F,V,C,50.50,50.50
12/02/2024,07:45,[07:30-07:45[,S,V,F,V,C,50.50,50.50
12/02/2024,08:00,[07:45-08:00[,S,V,F,V,C,50.50,50.50
12/02/2024,08:15,[08:00-08:15[,S,F,F,C,C,46.78,46.78
12/02/2024,08:30,[08:15-08:30[,S,F,F,C,C,46.78,46.78
12/02/2024,08:45,[08:30-08:45[,S,F,F,C,C,46.78,46.78
12/02/2024,09:00,[08:45-09:00[,S,F,F,C,C,46.78,46.78
12/02/2024,09:15,[09:00-09:15[,S,F,F,P,C,40.00,40.00
12/02/2024,09:30,[09:15-09:30[,S,F,F,P,C,40.00,40.00
12/02/2024,09:45,[09:30-09:45[,S,F,F,P,P,40.00,40.00
12/02/2024,10:00,[09:45-10:00[,S,F,F,P,P,40.00,40.00
12/02/2024,10:15,[10:00-10:15[,S,F,F,P,P,35.60,35.60
12/02/2024,10:30,[10:15-10:30[,S,F,F,P,P,35.60,35.60
12/02/2024,10:45,[10:30-10:45[,S,F,F,C,P,35.60,35.60
12/02/2024,11:00,[10:45-11:00[,S,F,F,C,P,35.60,35.60
12/02/2024,11:15,[11:00-11:15[,S,F,F,C,P,33.76,33.76
12/02/2024,11:30,[11:15-11:30[,S,F,F,C,P,33.76,33.76
12/02/2024,11:45,[11:30-11:45[,S,F,F,C,P,33.76,33.76
12/02/2024,12:00,[11:45-12:00[,S,F,F,C,P,33.76,33.76
12/02/2024,12:15,[12:00-12:15[,S,F,F,C,C,35.60,35.60
12/02/2024,12:30,[12:15-12:30[,S,F,F,C,C,35.60,35.60
12/02/2024,12:45,[12:30-12:45[,S,F,F,C,C,35.60,35.60
12/02/2024,13:00,[12:45-13:00[,S,F,F,C,C,35.60,35.60
12/02/2024,13:15,[13:00-13:15[,S,F,F,C,C,35.00,35.00
12/02/2024,13:30,[13:15-13:30[,S,F,F,C,C,35.00,35.00
12/02/2024,13:45,[13:30-13:45[,S,F,F,C,C,35.00,35.00
12/02/2024,14:00,[13:45-14:00[,S,F,F,C,C,35.00,35.00
12/02/2024,14:15,[14:00-14:15[,S,F,F,C,C,35.00,35.00
12/02/2024,14:30,[14:15-14:30[,S,F,F,C,C,35.00,35.00
12/02/2024,14:45,[14:30-14:45[,S,F,F,C,C,35.00,35.00
12/02/2024,15:00,[14:45-15:00[,S,F,F,C,C,35.00,35.00
12/02/2024,15:15,[15:00-15:15[,S,F,F,C,C,30.00,30.00
12/02/2024,15:30,[15:15-15:30[,S,F,F,C,C,30.00,30.00
12/02/2024,15:45,[15:30-15:45[,S,F,F,C,C,30.00,30.00
12/02/2024,16:00,[15:45-16:00[,S,F,F,C,C,30.00,30.00
12/02/2024,16:15,[16:00-16:15[,S,F,F,C,C,40.00,40.00
12/02/2024,16:30,[16:15-16:30[,S,F,F,C,C,40.00,40.00
12/02/2024,16:45,[16:30-16:45[,S,F,F,C,C,40.00,40.00
12/02/2024,17:00,[16:45-17:00[,S,F,F,C,C,40.00,40.00
12/02/2024,17:15,[17:00-17:15[,S,F,F,C,C,59.34,59.34
12/02/2024,17:30,[17:15-17:30[,S,F,F,C,C,59.34,59.34
12/02/2024,17:45,[17:30-17:45[,S,F,F,C,C,59.34,59.34
12/02/2024,18:00,[17:45-18:00[,S,F,F,C,C,59.34,59.34
12/02/2024,18:15,[18:00-18:15[,S,F,F,P,C,88.21,88.21
12/02/2024,18:30,[18:15-18:30[,S,F,F,P,C,88.21,88.21
12/02/2024,18:45,[18:30-18:45[,S,F,F,P,P,88.21,88.21
12/02/2024,19:00,[18:45-19:00[,S,F,F,P,P,88.21,88.21
12/02/2024,19:15,[19:00-19:15[,S,F,F,P,P,79.15,79.15
12/02/2024,19:30,[19:15-19:30[,S,F,F,P,P,79.15,79.15
12/02/2024,19:45,[19:30-19:45[,S,F,F,P,P,79.15,79.15
12/02/2024,20:00,[19:45-20:00[,S,F,F,P,P,79.15,79.15
12/02/2024,20:15,[20:00-20:15[,S,F,F,P,P,71.54,71.54
12/02/2024,20:30,[20:15-20:30[,S,F,F,P,P,71.54,71.54
12/02/2024,20:45,[20:30-20:45[,S,F,F,C,P,71.54,71.54
12/02/2024,21:00,[20:45-21:00[,S,F,F,C,P,71.54,71.54
12/02/2024,21:15,[21:00-21:15[,S,F,F,C,C,65.87,65.87
12/02/2024,21:30,[21:15-21:30[,S,F,F,C,C,65.87,65.87
12/02/2024,21:45,[21:30-21:45[,S,F,F,C,C,65.87,65.87
12/02/2024,22:00,[21:45-22:00[,S,F,F,C,C,65.87,65.87
12/02/2024,22:15,[22:00-22:15[,S,V,F,V,C,61.90,61.90
12/02/2024,22:30,[22:15-22:30[,S,V,F,V,C,61.90,61.90
12/02/2024,22:45,[22:30-22:45[,S,V,F,V,C,61.90,61.90
12/02/2024,23:00,[22:45-23:00[,S,V,F,V,C,61.90,61.90
12/02/2024,23:15,[23:00-23:15[,S,V,F,V,C,53.87,53.87
12/02/2024,23:30,[23:15-23:30[,S,V,F,V,C,53.87,53.87
12/02/2024,23:45,[23:30-23:45[,S,V,F,V,C,53.87,53.87
12/02/2024,23:59,[23:45-00:00[,S,V,F,V,C,53.87,53.87
13/02/2024,00:15,[00:00-00:15[,S,V,V,V,V,41.10,41.10
13/02/2024,00:30,[00:15-00:30[,S,V,V,V,V,41.10,41.10
13/02/2024,00:45,[00:30-00:45[,S,V,V,V,V,41.10,41.10
13/02/2024,01:00,[00:45-01:00[,S,V,V,V,V,41.10,41.10
13/02/2024,01:15,[01:00-01:15[,S,V,V,V,V,40.00,40.00
13/02/2024,01:30,[01:15-01:30[,S,V,V,V,V,40.00,40.00
13/02/2024,01:45,[01:30-01:45[,S,V,V,V,V,40.00,40.00
13/02/2024,02:00,[01:45-02:00[,S,V,V,V,V,40.00,40.00
13/02/2024,02:15,[02:00-02:15[,S,V,V,V,V,40.00,40.00
13/02/2024,02:30,[02:15-02:30[,S,V,V,V,V,40.00,40.00
13/02/2024,02:45,[02:30-02:45[,S,V,V,V,V,40.00,40.00
13/02/2024,03:00,[02:45-03:00[,S,V,V,V,V,40.00,40.00
13/02/2024,03:15,[03:00-03:15[,S,V,V,V,V,40.00,40.00
13/02/2024,03:30,[03:15-03:30[,S,V,V,V,V,40.00,40.00
13/02/2024,03:45,[03:30-03:45[,S,V,V,V,V,40.00,40.00
13/02/2024,04:00,[03:45-04:00[,S,V,V,V,V,40.00,40.00
13/02/2024,04:15,[04:00-04:15[,S,V,V,V,V,42.61,42.61
13/02/2024,04:30,[04:15-04:30[,S,V,V,V,V,42.61,42.61
13/02/2024,04:45,[04:30-04:45[,S,V,V,V,V,42.61,42.61
13/02/2024,05:00,[04:45-05:00[,S,V,V,V,V,42.61,42.61
13/02/2024,05:15,[05:00-05:15[,S,V,V,V,V,52.00,52.00
13/02/2024,05:30,[05:15-05:30[,S,V,V,V,V,52.00,52.00
13/02/2024,05:45,[05:30-05:45[,S,V,V,V,V,52.00,52.00
13/02/2024,06:00,[05:45-06:00[,S,V,V,V,V,52.00,52.00
13/02/2024,06:15,[06:00-06:15[,S,V,V,V,V,65.91,65.91
13/02/2024,06:30,[06:15-06:30[,S,V,V,V,V,65.91,65.91
13/02/2024,06:45,[06:30-06:45[,S,V,V,V,V,65.91,65.91
13/02/2024,07:00,[06:45-07:00[,S,V,V,V,V,65.91,65.91
13/02/2024,07:15,[07:00-07:15[,S,V,F,V,C,68.44,87.92
13/02/2024,07:30,[07:15-07:30[,S,V,F,V,C,68.44,87.92
13/02/2024,07:45,[07:30-07:45[,S,V,F,V,C,68.44,87.92
13/02/2024,08:00,[07:45-08:00[,S,V,F,V,C,68.44,87.92
13/02/2024,08:15,[08:00-08:15[,S,F,F,C,C,66.80,66.80
13/02/2024,08:30,[08:15-08:30[,S,F,F,C,C,66.80,66.80
13/02/2024,08:45,[08:30-08:45[,S,F,F,C,C,66.80,66.80
13/02/2024,09:00,[08:45-09:00[,S,F,F,C,C,66.80,66.80
13/02/2024,09:15,[09:00-09:15[,S,F,F,P,C,65.00,65.00
13/02/2024,09:30,[09:15-09:30[,S,F,F,P,C,65.00,65.00
13/02/2024,09:45,[09:30-09:45[,S,F,F,P,P,65.00,65.00
13/02/2024,10:00,[09:45-10:00[,S,F,F,P,P,65.00,65.00
13/02/2024,10:15,[10:00-10:15[,S,F,F,P,P,63.87,63.87
13/02/2024,10:30,[10:15-10:30[,S,F,F,P,P,63.87,63.87
13/02/2024,10:45,[10:30-10:45[,S,F,F,C,P,63.87,63.87
13/02/2024,11:00,[10:45-11:00[,S,F,F,C,P,63.87,63.87
13/02/2024,11:15,[11:00-11:15[,S,F,F,C,P,60.53,60.53
13/02/2024,11:30,[11:15-11:30[,S,F,F,C,P,60.53,60.53
13/02/2024,11:45,[11:30-11:45[,S,F,F,C,P,60.53,60.53
13/02/2024,12:00,[11:45-12:00[,S,F,F,C,P,60.53,60.53
13/02/2024,12:15,[12:00-12:15[,S,F,F,C,C,60.26,60.26
13/02/2024,12:30,[12:15-12:30[,S,F,F,C,C,60.26,60.26
13/02/2024,12:45,[12:30-12:45[,S,F,F,C,C,60.26,60.26
13/02/2024,13:00,[12:45-13:00[,S,F,F,C,C,60.26,60.26
13/02/2024,13:15,[13:00-13:15[,S,F,F,C,C,60.52,60.52
13/02/2024,13:30,[13:15-13:30[,S,F,F,C,C,60.52,60.52
13/02/2024,13:45,[13:30-13:45[,S,F,F,C,C,60.52,60.52
13/02/2024,14:00,[13:45-14:00[,S,F,F,C,C,60.52,60.52
13/02/2024,14:15,[14:00-14:15[,S,F,F,C,C,60.52,60.52
13/02/2024,14:30,[14:15-14:30[,S,F,F,C,C,60.52,60.52
13/02/2024,14:45,[14:30-14:45[,S,F,F,C,C,60.52,60.52
13/02/2024,15:00,[14:45-15:00[,S,F,F,C,C,60.52,60.52
13/02/2024,15:15,[15:00-15:15[,S,F,F,C,C,66.50,66.50
13/02/2024,15:30,[15:15-15:30[,S,F,F,C,C,66.50,66.50
13/02/2024,15:45,[15:30-15:45[,S,F,F,C,C,66.50,66.50
13/02/2024,16:00,[15:45-16:00[,S,F,F,C,C,66.50,66.50
13/02/2024,16:15,[16:00-16:15[,S,F,F,C,C,68.61,68.61
13/02/2024,16:30,[16:15-16:30[,S,F,F,C,C,68.61,68.61
13/02/2024,16:45,[16:30-16:45[,S,F,F,C,C,68.61,68.61
13/02/2024,17:00,[16:45-17:00[,S,F,F,C,C,68.61,68.61
13/02/2024,17:15,[17:00-17:15[,S,F,F,C,C,87.92,87.92
13/02/2024,17:30,[17:15-17:30[,S,F,F,C,C,87.92,87.92
13/02/2024,17:45,[17:30-17:45[,S,F,F,C,C,87.92,87.92
13/02/2024,18:00,[17:45-18:00[,S,F,F,C,C,87.92,87.92
13/02/2024,18:15,[18:00-18:15[,S,F,F,P,C,91.81,91.81
13/02/2024,18:30,[18:15-18:30[,S,F,F,P,C,91.81,91.81
13/02/2024,18:45,[18:30-18:45[,S,F,F,P,P,91.81,91.81
13/02/2024,19:00,[18:45-19:00[,S,F,F,P,P,91.81,91.81
13/02/2024,19:15,[19:00-19:15[,S,F,F,P,P,82.14,82.14
13/02/2024,19:30,[19:15-19:30[,S,F,F,P,P,82.14,82.14
13/02/2024,19:45,[19:30-19:45[,S,F,F,P,P,82.14,82.14
13/02/2024,20:00,[19:45-20:00[,S,F,F,P,P,82.14,82.14
13/02/2024,20:15,[20:00-20:15[,S,F,F,P,P,73.17,73.17
13/02/2024,20:30,[20:15-20:30[,S,F,F,P,P,73.17,73.17
13/02/2024,20:45,[20:30-20:45[,S,F,F,C,P,73.17,73.17
13/02/2024,21:00,[20:45-21:00[,S,F,F,C,P,73.17,73.17
13/02/2024,21:15,[21:00-21:15[,S,F,F,C,C,69.18,69.18
13/02/2024,21:30,[21:15-21:30[,S,F,F,C,C,69.18,69.18
13/02/2024,21:45,[21:30-21:45[,S,F,F,C,C,69.18,69.18
13/02/2024,22:00,[21:45-22:00[,S,F,F,C,C,69.18,69.18
13/02/2024,22:15,[22:00-22:15[,S,V,F,V,C,65.00,65.00
13/02/2024,22:30,[22:15-22:30[,S,V,F,V,C,65.00,65.00
13/02/2024,22:45,[22:30-22:45[,S,V,F,V,C,65.00,65.00
13/02/2024,23:00,[22:45-23:00[,S,V,F,V,C,65.00,65.00
13/02/2024,23:15,[23:00-23:15[,S,V,F,V,C,60.63,60.63
13/02/2024,23:30,[23:15-23:30[,S,V,F,V,C,60.63,60.63
13/02/2024,23:45,[23:30-23:45[,S,V,F,V,C,60.63,60.63
13/02/2024,23:59,[23:45-00:00[,S,V,F,V,C,60.63,60.63
14/02/2024,00:15,[00:00-00:15[,S,V,V,V,V,59.34,59.34
14/02/2024,00:30,[00:15-00:30[,S,V,V,V,V,59.34,59.34
14/02/2024,00:45,[00:30-00:45[,S,V,V,V,V,59.34,59.34
14/02/2024,01:00,[00:45-01:00[,S,V,V,V,V,59.34,59.34
14/02/2024,01:15,[01:00-01:15[,S,V,V,V,V,55.76,55.76
14/02/2024,01:30,[01:15-01:30[,S,V,V,V,V,55.76,55.76
14/02/2024,01:45,[01:30-01:45[,S,V,V,V,V,55.76,55.76
14/02/2024,02:00,[01:45-02:00[,S,V,V,V,V,55.76,55.76
14/02/2024,02:15,[02:00-02:15[,S,V,V,V,V,54.79,54.79
14/02/2024,02:30,[02:15-02:30[,S,V,V,V,V,54.79,54.79
14/02/2024,02:45,[02:30-02:45[,S,V,V,V,V,54.79,54.79
14/02/2024,03:00,[02:45-03:00[,S,V,V,V,V,54.79,54.79
14/02/2024,03:15,[03:00-03:15[,S,V,V,V,V,55.06,55.06
14/02/2024,03:30,[03:15-03:30[,S,V,V,V,V,55.06,55.06
14/02/2024,03:45,[03:30-03:45[,S,V,V,V,V,55.06,55.06
14/02/2024,04:00,[03:45-04:00[,S,V,V,V,V,55.06,55.06
14/02/2024,04:15,[04:00-04:15[,S,V,V,V,V,59.21,59.21
14/02/2024,04:30,[04:15-04:30[,S,V,V,V,V,59.21,59.21
14/02/2024,04:45,[04:30-04:45[,S,V,V,V,V,59.21,59.21
14/02/2024,05:00,[04:45-05:00[,S,V,V,V,V,59.21,59.21
14/02/2024,05:15,[05:00-05:15[,S,V,V,V,V,64.95,64.95
14/02/2024,05:30,[05:15-05:30[,S,V,V,V,V,64.95,64.95
14/02/2024,05:45,[05:30-05:45[,S,V,V,V,V,64.95,64.95
14/02/2024,06:00,[05:45-06:00[,S,V,V,V,V,64.95,64.95
14/02/2024,06:15,[06:00-06:15[,S,V,V,V,V,66.94,74.28
14/02/2024,06:30,[06:15-06:30[,S,V,V,V,V,66.94,74.28
14/02/2024,06:45,[06:30-06:45[,S,V,V,V,V,66.94,74.28
14/02/2024,07:00,[06:45-07:00[,S,V,V,V,V,66.94,74.28
14/02/2024,07:15,[07:00-07:15[,S,V,F,V,C,70.50,80.56
14/02/2024,07:30,[07:15-07:30[,S,V,F,V,C,70.50,80.56
14/02/2024,07:45,[07:30-07:45[,S,V,F,V,C,70.50,80.56
14/02/2024,08:00,[07:45-08:00[,S,V,F,V,C,70.50,80.56
14/02/2024,08:15,[08:00-08:15[,S,F,F,C,C,69.65,69.65
14/02/2024,08:30,[08:15-08:30[,S,F,F,C,C,69.65,69.65
14/02/2024,08:45,[08:30-08:45[,S,F,F,C,C,69.65,69.65
14/02/2024,09:00,[08:45-09:00[,S,F,F,C,C,69.65,69.65
14/02/2024,09:15,[09:00-09:15[,S,F,F,P,C,59.87,59.87
14/02/2024,09:30,[09:15-09:30[,S,F,F,P,C,59.87,59.87
14/02/2024,09:45,[09:30-09:45[,S,F,F,P,P,59.87,59.87
14/02/2024,10:00,[09:45-10:00[,S,F,F,P,P,59.87,59.87
14/02/2024,10:15,[10:00-10:15[,S,F,F,P,P,47.00,47.00
14/02/2024,10:30,[10:15-10:30[,S,F,F,P,P,47.00,47.00
14/02/2024,10:45,[10:30-10:45[,S,F,F,C,P,47.00,47.00
14/02/2024,11:00,[10:45-11:00[,S,F,F,C,P,47.00,47.00
14/02/2024,11:15,[11:00-11:15[,S,F,F,C,P,46.10,46.10
14/02/2024,11:30,[11:15-11:30[,S,F,F,C,P,46.10,46.10
14/02/2024,11:45,[11:30-11:45[,S,F,F,C,P,46.10,46.10
14/02/2024,12:00,[11:45-12:00[,S,F,F,C,P,46.10,46.10
14/02/2024,12:15,[12:00-12:15[,S,F,F,C,C,41.10,41.10
14/02/2024,12:30,[12:15-12:30[,S,F,F,C,C,41.10,41.10
14/02/2024,12:45,[12:30-12:45[,S,F,F,C,C,41.10,41.10
14/02/2024,13:00,[12:45-13:00[,S,F,F,C,C,41.10,41.10
14/02/2024,13:15,[13:00-13:15[,S,F,F,C,C,39.88,39.88
14/02/2024,13:30,[13:15-13:30[,S,F,F,C,C,39.88,39.88
14/02/2024,13:45,[13:30-13:45[,S,F,F,C,C,39.88,39.88
14/02/2024,14:00,[13:45-14:00[,S,F,F,C,C,39.88,39.88
14/02/2024,14:15,[14:00-14:15[,S,F,F,C,C,40.00,40.00
14/02/2024,14:30,[14:15-14:30[,S,F,F,C,C,40.00,40.00
14/02/2024,14:45,[14:30-14:45[,S,F,F,C,C,40.00,40.00
14/02/2024,15:00,[14:45-15:00[,S,F,F,C,C,40.00,40.00
14/02/2024,15:15,[15:00-15:15[,S,F,F,C,C,43.00,43.00
14/02/2024,15:30,[15:15-15:30[,S,F,F,C,C,43.00,43.00
14/02/2024,15:45,[15:30-15:45[,S,F,F,C,C,43.00,43.00
14/02/2024,16:00,[15:45-16:00[,S,F,F,C,C,43.00,43.00
14/02/2024,16:15,[16:00-16:15[,S,F,F,C,C,59.93,59.93
14/02/2024,16:30,[16:15-16:30[,S,F,F,C,C,59.93,59.93
14/02/2024,16:45,[16:30-16:45[,S,F,F,C,C,59.93,59.93
14/02/2024,17:00,[16:45-17:00[,S,F,F,C,C,59.93,59.93
14/02/2024,17:15,[17:00-17:15[,S,F,F,C,C,65.00,65.00
14/02/2024,17:30,[17:15-17:30[,S,F,F,C,C,65.00,65.00
14/02/2024,17:45,[17:30-17:45[,S,F,F,C,C,65.00,65.00
14/02/2024,18:00,[17:45-18:00[,S,F,F,C,C,65.00,65.00
14/02/2024,18:15,[18:00-18:15[,S,F,F,P,C,81.71,85.16
14/02/2024,18:30,[18:15-18:30[,S,F,F,P,C,81.71,85.16
14/02/2024,18:45,[18:30-18:45[,S,F,F,P,P,81.71,85.16
14/02/2024,19:00,[18:45-19:00[,S,F,F,P,P,81.71,85.16
14/02/2024,19:15,[19:00-19:15[,S,F,F,P,P,77.10,77.10
14/02/2024,19:30,[19:15-19:30[,S,F,F,P,P,77.10,77.10
14/02/2024,19:45,[19:30-19:45[,S,F,F,P,P,77.10,77.10
14/02/2024,20:00,[19:45-20:00[,S,F,F,P,P,77.10,77.10
14/02/2024,20:15,[20:00-20:15[,S,F,F,P,P,69.59,69.59
14/02/2024,20:30,[20:15-20:30[,S,F,F,P,P,69.59,69.59
14/02/2024,20:45,[20:30-20:45[,S,F,F,C,P,69.59,69.59
14/02/2024,21:00,[20:45-21:00[,S,F,F,C,P,69.59,69.59
14/02/2024,21:15,[21:00-21:15[,S,F,F,C,C,61.77,61.77
14/02/2024,21:30,[21:15-21:30[,S,F,F,C,C,61.77,61.77
14/02/2024,21:45,[21:30-21:45[,S,F,F,C,C,61.77,61.77
14/02/2024,22:00,[21:45-22:00[,S,F,F,C,C,61.77,61.77
14/02/2024,22:15,[22:00-22:15[,S,V,F,V,C,59.93,59.93
14/02/2024,22:30,[22:15-22:30[,S,V,F,V,C,59.93,59.93
14/02/2024,22:45,[22:30-22:45[,S,V,F,V,C,59.93,59.93
14/02/2024,23:00,[22:45-23:00[,S,V,F,V,C,59.93,59.93
14/02/2024,23:15,[23:00-23:15[,S,V,F,V,C,50.50,50.50
14/02/2024,23:30,[23:15-23:30[,S,V,F,V,C,50.50,50.50
14/02/2024,23:45,[23:30-23:45[,S,V,F,V,C,50.50,50.50
14/02/2024,23:59,[23:45-00:00[,S,V,F,V,C,50.50,50.50
15/02/2024,00:15,[00:00-00:15[,S,V,V,V,V,39.88,39.88
15/02/2024,00:30,[00:15-00:30[,S,V,V,V,V,39.88,39.88
15/02/2024,00:45,[00:30-00:45[,S,V,V,V,V,39.88,39.88
15/02/2024,01:00,[00:45-01:00[,S,V,V,V,V,39.88,39.88
15/02/2024,01:15,[01:00-01:15[,S,V,V,V,V,36.37,36.37
15/02/2024,01:30,[01:15-01:30[,S,V,V,V,V,36.37,36.37
15/02/2024,01:45,[01:30-01:45[,S,V,V,V,V,36.37,36.37
15/02/2024,02:00,[01:45-02:00[,S,V,V,V,V,36.37,36.37
15/02/2024,02:15,[02:00-02:15[,S,V,V,V,V,36.37,36.37
15/02/2024,02:30,[02:15-02:30[,S,V,V,V,V,36.37,36.37
15/02/2024,02:45,[02:30-02:45[,S,V,V,V,V,36.37,36.37
15/02/2024,03:00,[02:45-03:00[,S,V,V,V,V,36.37,36.37
15/02/2024,03:15,[03:00-03:15[,S,V,V,V,V,36.60,36.60
15/02/2024,03:30,[03:15-03:30[,S,V,V,V,V,36.60,36.60
15/02/2024,03:45,[03:30-03:45[,S,V,V,V,V,36.60,36.60
15/02/2024,04:00,[03:45-04:00[,S,V,V,V,V,36.60,36.60
15/02/2024,04:15,[04:00-04:15[,S,V,V,V,V,36.87,36.87
15/02/2024,04:30,[04:15-04:30[,S,V,V,V,V,36.87,36.87
15/02/2024,04:45,[04:30-04:45[,S,V,V,V,V,36.87,36.87
15/02/2024,05:00,[04:45-05:00[,S,V,V,V,V,36.87,36.87
15/02/2024,05:15,[05:00-05:15[,S,V,V,V,V,47.00,47.00
15/02/2024,05:30,[05:15-05:30[,S,V,V,V,V,47.00,47.00
15/02/2024,05:45,[05:30-05:45[,S,V,V,V,V,47.00,47.00
15/02/2024,06:00,[05:45-06:00[,S,V,V,V,V,47.00,47.00
15/02/2024,06:15,[06:00-06:15[,S,V,V,V,V,60.00,62.53
15/02/2024,06:30,[06:15-06:30[,S,V,V,V,V,60.00,62.53
15/02/2024,06:45,[06:30-06:45[,S,V,V,V,V,60.00,62.53
15/02/2024,07:00,[06:45-07:00[,S,V,V,V,V,60.00,62.53
15/02/2024,07:15,[07:00-07:15[,S,V,F,V,C,62.53,62.53
15/02/2024,07:30,[07:15-07:30[,S,V,F,V,C,62.53,62.53
15/02/2024,07:45,[07:30-07:45[,S,V,F,V,C,62.53,62.53
15/02/2024,08:00,[07:45-08:00[,S,V,F,V,C,62.53,62.53
15/02/2024,08:15,[08:00-08:15[,S,F,F,C,C,59.93,59.93
15/02/2024,08:30,[08:15-08:30[,S,F,F,C,C,59.93,59.93
15/02/2024,08:45,[08:30-08:45[,S,F,F,C,C,59.93,59.93
15/02/2024,09:00,[08:45-09:00[,S,F,F,C,C,59.93,59.93
15/02/2024,09:15,[09:00-09:15[,S,F,F,P,C,54.79,54.79
15/02/2024,09:30,[09:15-09:30[,S,F,F,P,C,54.79,54.79
15/02/2024,09:45,[09:30-09:45[,S,F,F,P,P,54.79,54.79
15/02/2024,10:00,[09:45-10:00[,S,F,F,P,P,54.79,54.79
15/02/2024,10:15,[10:00-10:15[,S,F,F,P,P,55.99,55.99
15/02/2024,10:30,[10:15-10:30[,S,F,F,P,P,55.99,55.99
15/02/2024,10:45,[10:30-10:45[,S,F,F,C,P,55.99,55.99
15/02/2024,11:00,[10:45-11:00[,S,F,F,C,P,55.99,55.99
15/02/2024,11:15,[11:00-11:15[,S,F,F,C,P,52.65,52.65
15/02/2024,11:30,[11:15-11:30[,S,F,F,C,P,52.65,52.65
15/02/2024,11:45,[11:30-11:45[,S,F,F,C,P,52.65,52.65
15/02/2024,12:00,[11:45-12:00[,S,F,F,C,P,52.65,52.65
15/02/2024,12:15,[12:00-12:15[,S,F,F,C,C,48.01,48.01
15/02/2024,12:30,[12:15-12:30[,S,F,F,C,C,48.01,48.01
15/02/2024,12:45,[12:30-12:45[,S,F,F,C,C,48.01,48.01
15/02/2024,13:00,[12:45-13:00[,S,F,F,C,C,48.01,48.01
15/02/2024,13:15,[13:00-13:15[,S,F,F,C,C,45.56,45.56
15/02/2024,13:30,[13:15-13:30[,S,F,F,C,C,45.56,45.56
15/02/2024,13:45,[13:30-13:45[,S,F,F,C,C,45.56,45.56
15/02/2024,14:00,[13:45-14:00[,S,F,F,C,C,45.56,45.56
15/02/2024,14:15,[14:00-14:15[,S,F,F,C,C,46.89,46.89
15/02/2024,14:30,[14:15-14:30[,S,F,F,C,C,46.89,46.89
15/02/2024,14:45,[14:30-14:45[,S,F,F,C,C,46.89,46.89
15/02/2024,15:00,[14:45-15:00[,S,F,F,C,C,46.89,46.89
15/02/2024,15:15,[15:00-15:15[,S,F,F,C,C,45.39,45.39
15/02/2024,15:30,[15:15-15:30[,S,F,F,C,C,45.39,45.39
15/02/2024,15:45,[15:30-15:45[,S,F,F,C,C,45.39,45.39
15/02/2024,16:00,[15:45-16:00[,S,F,F,C,C,45.39,45.39
15/02/2024,16:15,[16:00-16:15[,S,F,F,C,C,49.00,49.00
15/02/2024,16:30,[16:15-16:30[,S,F,F,C,C,49.00,49.00
15/02/2024,16:45,[16:30-16:45[,S,F,F,C,C,49.00,49.00
15/02/2024,17:00,[16:45-17:00[,S,F,F,C,C,49.00,49.00
15/02/2024,17:15,[17:00-17:15[,S,F,F,C,C,59.50,59.50
15/02/2024,17:30,[17:15-17:30[,S,F,F,C,C,59.50,59.50
15/02/2024,17:45,[17:30-17:45[,S,F,F,C,C,59.50,59.50
15/02/2024,18:00,[17:45-18:00[,S,F,F,C,C,59.50,59.50
15/02/2024,18:15,[18:00-18:15[,S,F,F,P,C,64.44,64.44
15/02/2024,18:30,[18:15-18:30[,S,F,F,P,C,64.44,64.44
15/02/2024,18:45,[18:30-18:45[,S,F,F,P,P,64.44,64.44
15/02/2024,19:00,[18:45-19:00[,S,F,F,P,P,64.44,64.44
15/02/2024,19:15,[19:00-19:15[,S,F,F,P,P,63.29,63.29
15/02/2024,19:30,[19:15-19:30[,S,F,F,P,P,63.29,63.29
15/02/2024,19:45,[19:30-19:45[,S,F,F,P,P,63.29,63.29
15/02/2024,20:00,[19:45-20:00[,S,F,F,P,P,63.29,63.29
15/02/2024,20:15,[20:00-20:15[,S,F,F,P,P,60.00,60.00
15/02/2024,20:30,[20:15-20:30[,S,F,F,P,P,60.00,60.00
15/02/2024,20:45,[20:30-20:45[,S,F,F,C,P,60.00,60.00
15/02/2024,21:00,[20:45-21:00[,S,F,F,C,P,60.00,60.00
15/02/2024,21:15,[21:00-21:15[,S,F,F,C,C,59.50,59.50
15/02/2024,21:30,[21:15-21:30[,S,F,F,C,C,59.50,59.50
15/02/2024,21:45,[21:30-21:45[,S,F,F,C,C,59.50,59.50
15/02/2024,22:00,[21:45-22:00[,S,F,F,C,C,59.50,59.50
15/02/2024,22:15,[22:00-22:15[,S,V,F,V,C,55.68,55.68
15/02/2024,22:30,[22:15-22:30[,S,V,F,V,C,55.68,55.68
15/02/2024,22:45,[22:30-22:45[,S,V,F,V,C,55.68,55.68
15/02/2024,23:00,[22:45-23:00[,S,V,F,V,C,55.68,55.68
15/02/2024,23:15,[23:00-23:15[,S,V,F,V,C,51.76,51.76
15/02/2024,23:30,[23:15-23:30[,S,V,F,V,C,51.76,51.76
15/02/2024,23:45,[23:30-23:45[,S,V,F,V,C,51.76,51.76
15/02/2024,23:59,[23:45-00:00[,S,V,F,V,C,51.76,51.76
16/02/2024,00:15,[00:00-00:15[,S,V,V,V,V,51.08,51.08
16/02/2024,00:30,[00:15-00:30[,S,V,V,V,V,51.08,51.08
16/02/2024,00:45,[00:30-00:45[,S,V,V,V,V,51.08,51.08
16/02/2024,01:00,[00:45-01:00[,S,V,V,V,V,51.08,51.08
16/02/2024,01:15,[01:00-01:15[,S,V,V,V,V,49.92,49.92
16/02/2024,01:30,[01:15-01:30[,S,V,V,V,V,49.92,49.92
16/02/2024,01:45,[01:30-01:45[,S,V,V,V,V,49.92,49.92
16/02/2024,02:00,[01:45-02:00[,S,V,V,V,V,49.92,49.92
16/02/2024,02:15,[02:00-02:15[,S,V,V,V,V,47.06,47.06
16/02/2024,02:30,[02:15-02:30[,S,V,V,V,V,47.06,47.06
16/02/2024,02:45,[02:30-02:45[,S,V,V,V,V,47.06,47.06
16/02/2024,03:00,[02:45-03:00[,S,V,V,V,V,47.06,47.06
16/02/2024,03:15,[03:00-03:15[,S,V,V,V,V,42.00,42.00
16/02/2024,03:30,[03:15-03:30[,S,V,V,V,V,42.00,42.00
16/02/2024,03:45,[03:30-03:45[,S,V,V,V,V,42.00,42.00
16/02/2024,04:00,[03:45-04:00[,S,V,V,V,V,42.00,42.00
16/02/2024,04:15,[04:00-04:15[,S,V,V,V,V,46.00,46.00
16/02/2024,04:30,[04:15-04:30[,S,V,V,V,V,46.00,46.00
16/02/2024,04:45,[04:30-04:45[,S,V,V,V,V,46.00,46.00
16/02/2024,05:00,[04:45-05:00[,S,V,V,V,V,46.00,46.00
16/02/2024,05:15,[05:00-05:15[,S,V,V,V,V,51.57,51.57
16/02/2024,05:30,[05:15-05:30[,S,V,V,V,V,51.57,51.57
16/02/2024,05:45,[05:30-05:45[,S,V,V,V,V,51.57,51.57
16/02/2024,06:00,[05:45-06:00[,S,V,V,V,V,51.57,51.57
16/02/2024,06:15,[06:00-06:15[,S,V,V,V,V,60.50,60.50
16/02/2024,06:30,[06:15-06:30[,S,V,V,V,V,60.50,60.50
16/02/2024,06:45,[06:30-06:45[,S,V,V,V,V,60.50,60.50
16/02/2024,07:00,[06:45-07:00[,S,V,V,V,V,60.50,60.50
16/02/2024,07:15,[07:00-07:15[,S,V,F,V,C,65.94,66.06
16/02/2024,07:30,[07:15-07:30[,S,V,F,V,C,65.94,66.06
16/02/2024,07:45,[07:30-07:45[,S,V,F,V,C,65.94,66.06
16/02/2024,08:00,[07:45-08:00[,S,V,F,V,C,65.94,66.06
16/02/2024,08:15,[08:00-08:15[,S,F,F,C,C,59.00,59.00
16/02/2024,08:30,[08:15-08:30[,S,F,F,C,C,59.00,59.00
16/02/2024,08:45,[08:30-08:45[,S,F,F,C,C,59.00,59.00
16/02/2024,09:00,[08:45-09:00[,S,F,F,C,C,59.00,59.00
16/02/2024,09:15,[09:00-09:15[,S,F,F,P,C,48.73,48.73
16/02/2024,09:30,[09:15-09:30[,S,F,F,P,C,48.73,48.73
16/02/2024,09:45,[09:30-09:45[,S,F,F,P,P,48.73,48.73
16/02/2024,10:00,[09:45-10:00[,S,F,F,P,P,48.73,48.73
16/02/2024,10:15,[10:00-10:15[,S,F,F,P,P,47.06,47.06
16/02/2024,10:30,[10:15-10:30[,S,F,F,P,P,47.06,47.06
16/02/2024,10:45,[10:30-10:45[,S,F,F,C,P,47.06,47.06
16/02/2024,11:00,[10:45-11:00[,S,F,F,C,P,47.06,47.06
16/02/2024,11:15,[11:00-11:15[,S,F,F,C,P,42.10,42.10
16/02/2024,11:30,[11:15-11:30[,S,F,F,C,P,42.10,42.10
16/02/2024,11:45,[11:30-11:45[,S,F,F,C,P,42.10,42.10
16/02/2024,12:00,[11:45-12:00[,S,F,F,C,P,42.10,42.10
16/02/2024,12:15,[12:00-12:15[,S,F,F,C,C,44.20,44.20
16/02/2024,12:30,[12:15-12:30[,S,F,F,C,C,44.20,44.20
16/02/2024,12:45,[12:30-12:45[,S,F,F,C,C,44.20,44.20
16/02/2024,13:00,[12:45-13:00[,S,F,F,C,C,44.20,44.20
16/02/2024,13:15,[13:00-13:15[,S,F,F,C,C,42.10,42.10
16/02/2024,13:30,[13:15-13:30[,S,F,F,C,C,42.10,42.10
16/02/2024,13:45,[13:30-13:45[,S,F,F,C,C,42.10,42.10
16/02/2024,14:00,[13:45-14:00[,S,F,F,C,C,42.10,42.10
16/02/2024,14:15,[14:00-14:15[,S,F,F,C,C,42.10,42.10
16/02/2024,14:30,[14:15-14:30[,S,F,F,C,C,42.10,42.10
16/02/2024,14:45,[14:30-14:45[,S,F,F,C,C,42.10,42.10
16/02/2024,15:00,[14:45-15:00[,S,F,F,C,C,42.10,42.10
16/02/2024,15:15,[15:00-15:15[,S,F,F,C,C,47.06,47.06
16/02/2024,15:30,[15:15-15:30[,S,F,F,C,C,47.06,47.06
16/02/2024,15:45,[15:30-15:45[,S,F,F,C,C,47.06,47.06
16/02/2024,16:00,[15:45-16:00[,S,F,F,C,C,47.06,47.06
16/02/2024,16:15,[16:00-16:15[,S,F,F,C,C,52.08,52.08
16/02/2024,16:30,[16:15-16:30[,S,F,F,C,C,52.08,52.08
16/02/2024,16:45,[16:30-16:45[,S,F,F,C,C,52.08,52.08
16/02/2024,17:00,[16:45-17:00[,S,F,F,C,C,52.08,52.08
16/02/2024,17:15,[17:00-17:15[,S,F,F,C,C,63.22,63.22
16/02/2024,17:30,[17:15-17:30[,S,F,F,C,C,63.22,63.22
16/02/2024,17:45,[17:30-17:45[,S,F,F,C,C,63.22,63.22
16/02/2024,18:00,[17:45-18:00[,S,F,F,C,C,63.22,63.22
16/02/2024,18:15,[18:00-18:15[,S,F,F,P,C,77.93,77.93
16/02/2024,18:30,[18:15-18:30[,S,F,F,P,C,77.93,77.93
16/02/2024,18:45,[18:30-18:45[,S,F,F,P,P,77.93,77.93
16/02/2024,19:00,[18:45-19:00[,S,F,F,P,P,77.93,77.93
16/02/2024,19:15,[19:00-19:15[,S,F,F,P,P,73.09,73.09
16/02/2024,19:30,[19:15-19:30[,S,F,F,P,P,73.09,73.09
16/02/2024,19:45,[19:30-19:45[,S,F,F,P,P,73.09,73.09
16/02/2024,20:00,[19:45-20:00[,S,F,F,P,P,73.09,73.09
16/02/2024,20:15,[20:00-20:15[,S,F,F,P,P,69.66,69.66
16/02/2024,20:30,[20:15-20:30[,S,F,F,P,P,69.66,69.66
16/02/2024,20:45,[20:30-20:45[,S,F,F,C,P,69.66,69.66
16/02/2024,21:00,[20:45-21:00[,S,F,F,C,P,69.66,69.66
16/02/2024,21:15,[21:00-21:15[,S,F,F,C,C,65.94,65.94
16/02/2024,21:30,[21:15-21:30[,S,F,F,C,C,65.94,65.94
16/02/2024,21:45,[21:30-21:45[,S,F,F,C,C,65.94,65.94
16/02/2024,22:00,[21:45-22:00[,S,F,F,C,C,65.94,65.94
16/02/2024,22:15,[22:00-22:15[,S,V,F,V,C,61.60,61.60
16/02/2024,22:30,[22:15-22:30[,S,V,F,V,C,61.60,61.60
16/02/2024,22:45,[22:30-22:45[,S,V,F,V,C,61.60,61.60
16/02/2024,23:00,[22:45-23:00[,S,V,F,V,C,61.60,61.60
16/02/2024,23:15,[23:00-23:15[,S,V,F,V,C,46.80,46.80
16/02/2024,23:30,[23:15-23:30[,S,V,F,V,C,46.80,46.80
16/02/2024,23:45,[23:30-23:45[,S,V,F,V,C,46.80,46.80
16/02/2024,23:59,[23:45-00:00[,S,V,F,V,C,46.80,46.80
17/02/2024,00:15,[00:00-00:15[,S,V,V,V,V,46.00,46.00
17/02/2024,00:30,[00:15-00:30[,S,V,V,V,V,46.00,46.00
17/02/2024,00:45,[00:30-00:45[,S,V,V,V,V,46.00,46.00
17/02/2024,01:00,[00:45-01:00[,S,V,V,V,V,46.00,46.00
17/02/2024,01:15,[01:00-01:15[,S,V,V,V,V,46.00,46.00
17/02/2024,01:30,[01:15-01:30[,S,V,V,V,V,46.00,46.00
17/02/2024,01:45,[01:30-01:45[,S,V,V,V,V,46.00,46.00
17/02/2024,02:00,[01:45-02:00[,S,V,V,V,V,46.00,46.00
17/02/2024,02:15,[02:00-02:15[,S,V,V,V,V,45.00,45.00
17/02/2024,02:30,[02:15-02:30[,S,V,V,V,V,45.00,45.00
17/02/2024,02:45,[02:30-02:45[,S,V,V,V,V,45.00,45.00
17/02/2024,03:00,[02:45-03:00[,S,V,V,V,V,45.00,45.00
17/02/2024,03:15,[03:00-03:15[,S,V,V,V,V,45.00,45.00
17/02/2024,03:30,[03:15-03:30[,S,V,V,V,V,45.00,45.00
17/02/2024,03:45,[03:30-03:45[,S,V,V,V,V,45.00,45.00
17/02/2024,04:00,[03:45-04:00[,S,V,V,V,V,45.00,45.00
17/02/2024,04:15,[04:00-04:15[,S,V,V,V,V,44.23,44.23
17/02/2024,04:30,[04:15-04:30[,S,V,V,V,V,44.23,44.23
17/02/2024,04:45,[04:30-04:45[,S,V,V,V,V,44.23,44.23
17/02/2024,05:00,[04:45-05:00[,S,V,V,V,V,44.23,44.23
17/02/2024,05:15,[05:00-05:15[,S,V,V,V,V,44.23,44.23
17/02/2024,05:30,[05:15-05:30[,S,V,V,V,V,44.23,44.23
17/02/2024,05:45,[05:30-05:45[,S,V,V,V,V,44.23,44.23
17/02/2024,06:00,[05:45-06:00[,S,V,V,V,V,44.23,44.23
17/02/2024,06:15,[06:00-06:15[,S,V,V,V,V,45.27,45.27
17/02/2024,06:30,[06:15-06:30[,S,V,V,V,V,45.27,45.27
17/02/2024,06:45,[06:30-06:45[,S,V,V,V,V,45.27,45.27
17/02/2024,07:00,[06:45-07:00[,S,V,V,V,V,45.27,45.27
17/02/2024,07:15,[07:00-07:15[,S,V,V,V,V,46.34,46.34
17/02/2024,07:30,[07:15-07:30[,S,V,V,V,V,46.34,46.34
17/02/2024,07:45,[07:30-07:45[,S,V,V,V,V,46.34,46.34
17/02/2024,08:00,[07:45-08:00[,S,V,V,V,V,46.34,46.34
17/02/2024,08:15,[08:00-08:15[,S,F,V,C,V,44.50,44.50
17/02/2024,08:30,[08:15-08:30[,S,F,V,C,V,44.50,44.50
17/02/2024,08:45,[08:30-08:45[,S,F,V,C,V,44.50,44.50
17/02/2024,09:00,[08:45-09:00[,S,F,V,C,V,44.50,44.50
17/02/2024,09:15,[09:00-09:15[,S,F,V,P,V,40.00,40.00
17/02/2024,09:30,[09:15-09:30[,S,F,V,P,V,40.00,40.00
17/02/2024,09:45,[09:30-09:45[,S,F,F,P,C,40.00,40.00
17/02/2024,10:00,[09:45-10:00[,S,F,F,P,C,40.00,40.00
17/02/2024,10:15,[10:00-10:15[,S,F,F,P,C,35.00,35.00
17/02/2024,10:30,[10:15-10:30[,S,F,F,P,C,35.00,35.00
17/02/2024,10:45,[10:30-10:45[,S,F,F,C,C,35.00,35.00
17/02/2024,11:00,[10:45-11:00[,S,F,F,C,C,35.00,35.00
17/02/2024,11:15,[11:00-11:15[,S,F,F,C,C,33.20,33.20
17/02/2024,11:30,[11:15-11:30[,S,F,F,C,C,33.20,33.20
17/02/2024,11:45,[11:30-11:45[,S,F,F,C,C,33.20,33.20
17/02/2024,12:00,[11:45-12:00[,S,F,F,C,C,33.20,33.20
17/02/2024,12:15,[12:00-12:15[,S,F,F,C,C,33.50,33.50
17/02/2024,12:30,[12:15-12:30[,S,F,F,C,C,33.50,33.50
17/02/2024,12:45,[12:30-12:45[,S,F,F,C,C,33.50,33.50
17/02/2024,13:00,[12:45-13:00[,S,F,F,C,C,33.50,33.50
17/02/2024,13:15,[13:00-13:15[,S,F,V,C,V,32.40,32.40
17/02/2024,13:30,[13:15-13:30[,S,F,V,C,V,32.40,32.40
17/02/2024,13:45,[13:30-13:45[,S,F,V,C,V,32.40,32.40
17/02/2024,14:00,[13:45-14:00[,S,F,V,C,V,32.40,32.40
17/02/2024,14:15,[14:00-14:15[,S,F,V,C,V,30.70,30.70
17/02/2024,14:30,[14:15-14:30[,S,F,V,C,V,30.70,30.70
17/02/2024,14:45,[14:30-14:45[,S,F,V,C,V,30.70,30.70
17/02/2024,15:00,[14:45-15:00[,S,F,V,C,V,30.70,30.70
17/02/2024,15:15,[15:00-15:15[,S,F,V,C,V,33.50,33.50
17/02/2024,15:30,[15:15-15:30[,S,F,V,C,V,33.50,33.50
17/02/2024,15:45,[15:30-15:45[,S,F,V,C,V,33.50,33.50
17/02/2024,16:00,[15:45-16:00[,S,F,V,C,V,33.50,33.50
17/02/2024,16:15,[16:00-16:15[,S,F,V,C,V,45.27,45.27
17/02/2024,16:30,[16:15-16:30[,S,F,V,C,V,45.27,45.27
17/02/2024,16:45,[16:30-16:45[,S,F,V,C,V,45.27,45.27
17/02/2024,17:00,[16:45-17:00[,S,F,V,C,V,45.27,45.27
17/02/2024,17:15,[17:00-17:15[,S,F,V,C,V,65.68,65.68
17/02/2024,17:30,[17:15-17:30[,S,F,V,C,V,65.68,65.68
17/02/2024,17:45,[17:30-17:45[,S,F,V,C,V,65.68,65.68
17/02/2024,18:00,[17:45-18:00[,S,F,V,C,V,65.68,65.68
17/02/2024,18:15,[18:00-18:15[,S,F,V,P,V,82.93,82.93
17/02/2024,18:30,[18:15-18:30[,S,F,V,P,V,82.93,82.93
17/02/2024,18:45,[18:30-18:45[,S,F,F,P,C,82.93,82.93
17/02/2024,19:00,[18:45-19:00[,S,F,F,P,C,82.93,82.93
17/02/2024,19:15,[19:00-19:15[,S,F,F,P,C,75.03,75.03
17/02/2024,19:30,[19:15-19:30[,S,F,F,P,C,75.03,75.03
17/02/2024,19:45,[19:30-19:45[,S,F,F,P,C,75.03,75.03
17/02/2024,20:00,[19:45-20:00[,S,F,F,P,C,75.03,75.03
17/02/2024,20:15,[20:00-20:15[,S,F,F,P,C,70.75,70.75
17/02/2024,20:30,[20:15-20:30[,S,F,F,P,C,70.75,70.75
17/02/2024,20:45,[20:30-20:45[,S,F,F,C,C,70.75,70.75
17/02/2024,21:00,[20:45-21:00[,S,F,F,C,C,70.75,70.75
17/02/2024,21:15,[21:00-21:15[,S,F,F,C,C,68.20,68.20
17/02/2024,21:30,[21:15-21:30[,S,F,F,C,C,68.20,68.20
17/02/2024,21:45,[21:30-21:45[,S,F,F,C,C,68.20,68.20
17/02/2024,22:00,[21:45-22:00[,S,F,F,C,C,68.20,68.20
17/02/2024,22:15,[22:00-22:15[,S,V,V,V,V,69.11,69.11
17/02/2024,22:30,[22:15-22:30[,S,V,V,V,V,69.11,69.11
17/02/2024,22:45,[22:30-22:45[,S,V,V,V,V,69.11,69.11
17/02/2024,23:00,[22:45-23:00[,S,V,V,V,V,69.11,69.11
17/02/2024,23:15,[23:00-23:15[,S,V,V,V,V,59.98,59.98
17/02/2024,23:30,[23:15-23:30[,S,V,V,V,V,59.98,59.98
17/02/2024,23:45,[23:30-23:45[,S,V,V,V,V,59.98,59.98
17/02/2024,23:59,[23:45-00:00[,S,V,V,V,V,59.98,59.98
18/02/2024,00:15,[00:00-00:15[,S,V,V,V,V,54.81,54.81
18/02/2024,00:30,[00:15-00:30[,S,V,V,V,V,54.81,54.81
18/02/2024,00:45,[00:30-00:45[,S,V,V,V,V,54.81,54.81
18/02/2024,01:00,[00:45-01:00[,S,V,V,V,V,54.81,54.81
18/02/2024,01:15,[01:00-01:15[,S,V,V,V,V,51.05,51.05
18/02/2024,01:30,[01:15-01:30[,S,V,V,V,V,51.05,51.05
18/02/2024,01:45,[01:30-01:45[,S,V,V,V,V,51.05,51.05
18/02/2024,02:00,[01:45-02:00[,S,V,V,V,V,51.05,51.05
18/02/2024,02:15,[02:00-02:15[,S,V,V,V,V,49.16,49.16
18/02/2024,02:30,[02:15-02:30[,S,V,V,V,V,49.16,49.16
18/02/2024,02:45,[02:30-02:45[,S,V,V,V,V,49.16,49.16
18/02/2024,03:00,[02:45-03:00[,S,V,V,V,V,49.16,49.16
18/02/2024,03:15,[03:00-03:15[,S,V,V,V,V,47.72,47.72
18/02/2024,03:30,[03:15-03:30[,S,V,V,V,V,47.72,47.72
18/02/2024,03:45,[03:30-03:45[,S,V,V,V,V,47.72,47.72
18/02/2024,04:00,[03:45-04:00[,S,V,V,V,V,47.72,47.72
18/02/2024,04:15,[04:00-04:15[,S,V,V,V,V,48.47,48.47
18/02/2024,04:30,[04:15-04:30[,S,V,V,V,V,48.47,48.47
18/02/2024,04:45,[04:30-04:45[,S,V,V,V,V,48.47,48.47
18/02/2024,05:00,[04:45-05:00[,S,V,V,V,V,48.47,48.47
18/02/2024,05:15,[05:00-05:15[,S,V,V,V,V,46.02,46.02
18/02/2024,05:30,[05:15-05:30[,S,V,V,V,V,46.02,46.02
18/02/2024,05:45,[05:30-05:45[,S,V,V,V,V,46.02,46.02
18/02/2024,06:00,[05:45-06:00[,S,V,V,V,V,46.02,46.02
18/02/2024,06:15,[06:00-06:15[,S,V,V,V,V,48.97,48.97
18/02/2024,06:30,[06:15-06:30[,S,V,V,V,V,48.97,48.97
18/02/2024,06:45,[06:30-06:45[,S,V,V,V,V,48.97,48.97
18/02/2024,07:00,[06:45-07:00[,S,V,V,V,V,48.97,48.97
18/02/2024,07:15,[07:00-07:15[,S,V,V,V,V,47.28,47.28
18/02/2024,07:30,[07:15-07:30[,S,V,V,V,V,47.28,47.28
18/02/2024,07:45,[07:30-07:45[,S,V,V,V,V,47.28,47.28
18/02/2024,08:00,[07:45-08:00[,S,V,V,V,V,47.28,47.28
18/02/2024,08:15,[08:00-08:15[,S,F,V,C,V,43.03,43.03
18/02/2024,08:30,[08:15-08:30[,S,F,V,C,V,43.03,43.03
18/02/2024,08:45,[08:30-08:45[,S,F,V,C,V,43.03,43.03
18/02/2024,09:00,[08:45-09:00[,S,F,V,C,V,43.03,43.03
18/02/2024,09:15,[09:00-09:15[,S,F,V,P,V,40.00,40.00
18/02/2024,09:30,[09:15-09:30[,S,F,V,P,V,40.00,40.00
18/02/2024,09:45,[09:30-09:45[,S,F,V,P,V,40.00,40.00
18/02/2024,10:00,[09:45-10:00[,S,F,V,P,V,40.00,40.00
18/02/2024,10:15,[10:00-10:15[,S,F,V,P,V,35.60,35.60
18/02/2024,10:30,[10:15-10:30[,S,F,V,P,V,35.60,35.60
18/02/2024,10:45,[10:30-10:45[,S,F,V,C,V,35.60,35.60
18/02/2024,11:00,[10:45-11:00[,S,F,V,C,V,35.60,35.60
18/02/2024,11:15,[11:00-11:15[,S,F,V,C,V,34.80,34.80
18/02/2024,11:30,[11:15-11:30[,S,F,V,C,V,34.80,34.80
18/02/2024,11:45,[11:30-11:45[,S,F,V,C,V,34.80,34.80
18/02/2024,12:00,[11:45-12:00[,S,F,V,C,V,34.80,34.80
18/02/2024,12:15,[12:00-12:15[,S,F,V,C,V,33.50,33.50
18/02/2024,12:30,[12:15-12:30[,S,F,V,C,V,33.50,33.50
18/02/2024,12:45,[12:30-12:45[,S,F,V,C,V,33.50,33.50
18/02/2024,13:00,[12:45-13:00[,S,F,V,C,V,33.50,33.50
18/02/2024,13:15,[13:00-13:15[,S,F,V,C,V,33.20,33.20
18/02/2024,13:30,[13:15-13:30[,S,F,V,C,V,33.20,33.20
18/02/2024,13:45,[13:30-13:45[,S,F,V,C,V,33.20,33.20
18/02/2024,14:00,[13:45-14:00[,S,F,V,C,V,33.20,33.20
18/02/2024,14:15,[14:00-14:15[,S,F,V,C,V,30.18,30.18
18/02/2024,14:30,[14:15-14:30[,S,F,V,C,V,30.18,30.18
18/02/2024,14:45,[14:30-14:45[,S,F,V,C,V,30.18,30.18
18/02/2024,15:00,[14:45-15:00[,S,F,V,C,V,30.18,30.18
18/02/2024,15:15,[15:00-15:15[,S,F,V,C,V,32.20,32.20
18/02/2024,15:30,[15:15-15:30[,S,F,V,C,V,32.20,32.20
18/02/2024,15:45,[15:30-15:45[,S,F,V,C,V,32.20,32.20
18/02/2024,16:00,[15:45-16:00[,S,F,V,C,V,32.20,32.20
18/02/2024,16:15,[16:00-16:15[,S,F,V,C,V,41.20,41.20
18/02/2024,16:30,[16:15-16:30[,S,F,V,C,V,41.20,41.20
18/02/2024,16:45,[16:30-16:45[,S,F,V,C,V,41.20,41.20
18/02/2024,17:00,[16:45-17:00[,S,F,V,C,V,41.20,41.20
18/02/2024,17:15,[17:00-17:15[,S,F,V,C,V,51.96,51.96
18/02/2024,17:30,[17:15-17:30[,S,F,V,C,V,51.96,51.96
18/02/2024,17:45,[17:30-17:45[,S,F,V,C,V,51.96,51.96
18/02/2024,18:00,[17:45-18:00[,S,F,V,C,V,51.96,51.96
18/02/2024,18:15,[18:00-18:15[,S,F,V,P,V,63.91,63.91
18/02/2024,18:30,[18:15-18:30[,S,F,V,P,V,63.91,63.91
18/02/2024,18:45,[18:30-18:45[,S,F,V,P,V,63.91,63.91
18/02/2024,19:00,[18:45-19:00[,S,F,V,P,V,63.91,63.91
18/02/2024,19:15,[19:00-19:15[,S,F,V,P,V,64.71,64.71
18/02/2024,19:30,[19:15-19:30[,S,F,V,P,V,64.71,64.71
18/02/2024,19:45,[19:30-19:45[,S,F,V,P,V,64.71,64.71
18/02/2024,20:00,[19:45-20:00[,S,F,V,P,V,64.71,64.71
18/02/2024,20:15,[20:00-20:15[,S,F,V,P,V,59.83,59.83
18/02/2024,20:30,[20:15-20:30[,S,F,V,P,V,59.83,59.83
18/02/2024,20:45,[20:30-20:45[,S,F,V,C,V,59.83,59.83
18/02/2024,21:00,[20:45-21:00[,S,F,V,C,V,59.83,59.83
18/02/2024,21:15,[21:00-21:15[,S,F,V,C,V,57.33,57.33
18/02/2024,21:30,[21:15-21:30[,S,F,V,C,V,57.33,57.33
18/02/2024,21:45,[21:30-21:45[,S,F,V,C,V,57.33,57.33
18/02/2024,22:00,[21:45-22:00[,S,F,V,C,V,57.33,57.33
18/02/2024,22:15,[22:00-22:15[,S,V,V,V,V,53.94,53.94
18/02/2024,22:30,[22:15-22:30[,S,V,V,V,V,53.94,53.94
18/02/2024,22:45,[22:30-22:45[,S,V,V,V,V,53.94,53.94
18/02/2024,23:00,[22:45-23:00[,S,V,V,V,V,53.94,53.94
18/02/2024,23:15,[23:00-23:15[,S,V,V,V,V,44.00,44.00
18/02/2024,23:30,[23:15-23:30[,S,V,V,V,V,44.00,44.00
18/02/2024,23:45,[23:30-23:45[,S,V,V,V,V,44.00,44.00
18/02/2024,23:59,[23:45-00:00[,S,V,V,V,V,44.00,44.00
19/02/2024,00:15,[00:00-00:15[,S,V,V,V,V,44.33,44.33
19/02/2024,00:30,[00:15-00:30[,S,V,V,V,V,44.33,44.33
19/02/2024,00:45,[00:30-00:45[,S,V,V,V,V,44.33,44.33
19/02/2024,01:00,[00:45-01:00[,S,V,V,V,V,44.33,44.33
19/02/2024,01:15,[01:00-01:15[,S,V,V,V,V,44.63,44.63
19/02/2024,01:30,[01:15-01:30[,S,V,V,V,V,44.63,44.63
19/02/2024,01:45,[01:30-01:45[,S,V,V,V,V,44.63,44.63
19/02/2024,02:00,[01:45-02:00[,S,V,V,V,V,44.63,44.63
19/02/2024,02:15,[02:00-02:15[,S,V,V,V,V,43.91,43.91
19/02/2024,02:30,[02:15-02:30[,S,V,V,V,V,43.91,43.91
19/02/2024,02:45,[02:30-02:45[,S,V,V,V,V,43.91,43.91
19/02/2024,03:00,[02:45-03:00[,S,V,V,V,V,43.91,43.91
19/02/2024,03:15,[03:00-03:15[,S,V,V,V,V,43.67,43.67
19/02/2024,03:30,[03:15-03:30[,S,V,V,V,V,43.67,43.67
19/02/2024,03:45,[03:30-03:45[,S,V,V,V,V,43.67,43.67
19/02/2024,04:00,[03:45-04:00[,S,V,V,V,V,43.67,43.67
19/02/2024,04:15,[04:00-04:15[,S,V,V,V,V,41.50,41.50
19/02/2024,04:30,[04:15-04:30[,S,V,V,V,V,41.50,41.50
19/02/2024,04:45,[04:30-04:45[,S,V,V,V,V,41.50,41.50
19/02/2024,05:00,[04:45-05:00[,S,V,V,V,V,41.50,41.50
19/02/2024,05:15,[05:00-05:15[,S,V,V,V,V,44.00,44.00
19/02/2024,05:30,[05:15-05:30[,S,V,V,V,V,44.00,44.00
19/02/2024,05:45,[05:30-05:45[,S,V,V,V,V,44.00,44.00
19/02/2024,06:00,[05:45-06:00[,S,V,V,V,V,44.00,44.00
19/02/2024,06:15,[06:00-06:15[,S,V,V,V,V,55.00,55.00
19/02/2024,06:30,[06:15-06:30[,S,V,V,V,V,55.00,55.00
19/02/2024,06:45,[06:30-06:45[,S,V,V,V,V,55.00,55.00
19/02/2024,07:00,[06:45-07:00[,S,V,V,V,V,55.00,55.00
19/02/2024,07:15,[07:00-07:15[,S,V,F,V,C,59.04,59.04
19/02/2024,07:30,[07:15-07:30[,S,V,F,V,C,59.04,59.04
19/02/2024,07:45,[07:30-07:45[,S,V,F,V,C,59.04,59.04
19/02/2024,08:00,[07:45-08:00[,S,V,F,V,C,59.04,59.04
19/02/2024,08:15,[08:00-08:15[,S,F,F,C,C,44.00,44.00
19/02/2024,08:30,[08:15-08:30[,S,F,F,C,C,44.00,44.00
19/02/2024,08:45,[08:30-08:45[,S,F,F,C,C,44.00,44.00
19/02/2024,09:00,[08:45-09:00[,S,F,F,C,C,44.00,44.00
19/02/2024,09:15,[09:00-09:15[,S,F,F,P,C,39.50,39.50
19/02/2024,09:30,[09:15-09:30[,S,F,F,P,C,39.50,39.50
19/02/2024,09:45,[09:30-09:45[,S,F,F,P,P,39.50,39.50
19/02/2024,10:00,[09:45-10:00[,S,F,F,P,P,39.50,39.50
19/02/2024,10:15,[10:00-10:15[,S,F,F,P,P,31.23,31.23
19/02/2024,10:30,[10:15-10:30[,S,F,F,P,P,31.23,31.23
19/02/2024,10:45,[10:30-10:45[,S,F,F,C,P,31.23,31.23
19/02/2024,11:00,[10:45-11:00[,S,F,F,C,P,31.23,31.23
19/02/2024,11:15,[11:00-11:15[,S,F,F,C,P,30.60,30.60
19/02/2024,11:30,[11:15-11:30[,S,F,F,C,P,30.60,30.60
19/02/2024,11:45,[11:30-11:45[,S,F,F,C,P,30.60,30.60
19/02/2024,12:00,[11:45-12:00[,S,F,F,C,P,30.60,30.60
19/02/2024,12:15,[12:00-12:15[,S,F,F,C,C,30.60,30.60
19/02/2024,12:30,[12:15-12:30[,S,F,F,C,C,30.60,30.60
19/02/2024,12:45,[12:30-12:45[,S,F,F,C,C,30.60,30.60
19/02/2024,13:00,[12:45-13:00[,S,F,F,C,C,30.60,30.60
19/02/2024,13:15,[13:00-13:15[,S,F,F,C,C,30.00,30.00
19/02/2024,13:30,[13:15-13:30[,S,F,F,C,C,30.00,30.00
19/02/2024,13:45,[13:30-13:45[,S,F,F,C,C,30.00,30.00
19/02/2024,14:00,[13:45-14:00[,S,F,F,C,C,30.00,30.00
19/02/2024,14:15,[14:00-14:15[,S,F,F,C,C,27.79,27.79
19/02/2024,14:30,[14:15-14:30[,S,F,F,C,C,27.79,27.79
19/02/2024,14:45,[14:30-14:45[,S,F,F,C,C,27.79,27.79
19/02/2024,15:00,[14:45-15:00[,S,F,F,C,C,27.79,27.79
19/02/2024,15:15,[15:00-15:15[,S,F,F,C,C,31.23,31.23
19/02/2024,15:30,[15:15-15:30[,S,F,F,C,C,31.23,31.23
19/02/2024,15:45,[15:30-15:45[,S,F,F,C,C,31.23,31.23
19/02/2024,16:00,[15:45-16:00[,S,F,F,C,C,31.23,31.23
19/02/2024,16:15,[16:00-16:15[,S,F,F,C,C,43.22,43.22
19/02/2024,16:30,[16:15-16:30[,S,F,F,C,C,43.22,43.22
19/02/2024,16:45,[16:30-16:45[,S,F,F,C,C,43.22,43.22
19/02/2024,17:00,[16:45-17:00[,S,F,F,C,C,43.22,43.22
19/02/2024,17:15,[17:00-17:15[,S,F,F,C,C,53.52,53.52
19/02/2024,17:30,[17:15-17:30[,S,F,F,C,C,53.52,53.52
19/02/2024,17:45,[17:30-17:45[,S,F,F,C,C,53.52,53.52
19/02/2024,18:00,[17:45-18:00[,S,F,F,C,C,53.52,53.52
19/02/2024,18:15,[18:00-18:15[,S,F,F,P,C,66.28,66.28
19/02/2024,18:30,[18:15-18:30[,S,F,F,P,C,66.28,66.28
19/02/2024,18:45,[18:30-18:45[,S,F,F,P,P,66.28,66.28
19/02/2024,19:00,[18:45-19:00[,S,F,F,P,P,66.28,66.28
19/02/2024,19:15,[19:00-19:15[,S,F,F,P,P,72.26,72.26
19/02/2024,19:30,[19:15-19:30[,S,F,F,P,P,72.26,72.26
19/02/2024,19:45,[19:30-19:45[,S,F,F,P,P,72.26,72.26
19/02/2024,20:00,[19:45-20:00[,S,F,F,P,P,72.26,72.26
19/02/2024,20:15,[20:00-20:15[,S,F,F,P,P,65.22,65.22
19/02/2024,20:30,[20:15-20:30[,S,F,F,P,P,65.22,65.22
19/02/2024,20:45,[20:30-20:45[,S,F,F,C,P,65.22,65.22
19/02/2024,21:00,[20:45-21:00[,S,F,F,C,P,65.22,65.22
19/02/2024,21:15,[21:00-21:15[,S,F,F,C,C,54.10,54.10
19/02/2024,21:30,[21:15-21:30[,S,F,F,C,C,54.10,54.10
19/02/2024,21:45,[21:30-21:45[,S,F,F,C,C,54.10,54.10
19/02/2024,22:00,[21:45-22:00[,S,F,F,C,C,54.10,54.10
19/02/2024,22:15,[22:00-22:15[,S,V,F,V,C,53.52,53.52
19/02/2024,22:30,[22:15-22:30[,S,V,F,V,C,53.52,53.52
19/02/2024,22:45,[22:30-22:45[,S,V,F,V,C,53.52,53.52
19/02/2024,23:00,[22:45-23:00[,S,V,F,V,C,53.52,53.52
19/02/2024,23:15,[23:00-23:15[,S,V,F,V,C,43.74,43.74
19/02/2024,23:30,[23:15-23:30[,S,V,F,V,C,43.74,43.74
19/02/2024,23:45,[23:30-23:45[,S,V,F,V,C,43.74,43.74
19/02/2024,23:59,[23:45-00:00[,S,V,F,V,C,43.74,43.74
20/02/2024,00:15,[00:00-00:15[,S,V,V,V,V,41.43,41.43
20/02/2024,00:30,[00:15-00:30[,S,V,V,V,V,41.43,41.43
20/02/2024,00:45,[00:30-00:45[,S,V,V,V,V,41.43,41.43
20/02/2024,01:00,[00:45-01:00[,S,V,V,V,V,41.43,41.43
20/02/2024,01:15,[01:00-01:15[,S,V,V,V,V,37.88,37.88
20/02/2024,01:30,[01:15-01:30[,S,V,V,V,V,37.88,37.88
20/02/2024,01:45,[01:30-01:45[,S,V,V,V,V,37.88,37.88
20/02/2024,02:00,[01:45-02:00[,S,V,V,V,V,37.88,37.88
20/02/2024,02:15,[02:00-02:15[,S,V,V,V,V,37.00,37.00
20/02/2024,02:30,[02:15-02:30[,S,V,V,V,V,37.00,37.00
20/02/2024,02:45,[02:30-02:45[,S,V,V,V,V,37.00,37.00
20/02/2024,03:00,[02:45-03:00[,S,V,V,V,V,37.00,37.00
20/02/2024,03:15,[03:00-03:15[,S,V,V,V,V,38.00,38.00
20/02/2024,03:30,[03:15-03:30[,S,V,V,V,V,38.00,38.00
20/02/2024,03:45,[03:30-03:45[,S,V,V,V,V,38.00,38.00
20/02/2024,04:00,[03:45-04:00[,S,V,V,V,V,38.00,38.00
20/02/2024,04:15,[04:00-04:15[,S,V,V,V,V,41.00,41.00
20/02/2024,04:30,[04:15-04:30[,S,V,V,V,V,41.00,41.00
20/02/2024,04:45,[04:30-04:45[,S,V,V,V,V,41.00,41.00
20/02/2024,05:00,[04:45-05:00[,S,V,V,V,V,41.00,41.00
20/02/2024,05:15,[05:00-05:15[,S,V,V,V,V,47.96,47.96
20/02/2024,05:30,[05:15-05:30[,S,V,V,V,V,47.96,47.96
20/02/2024,05:45,[05:30-05:45[,S,V,V,V,V,47.96,47.96
20/02/2024,06:00,[05:45-06:00[,S,V,V,V,V,47.96,47.96
20/02/2024,06:15,[06:00-06:15[,S,V,V,V,V,55.00,61.00
20/02/2024,06:30,[06:15-06:30[,S,V,V,V,V,55.00,61.00
20/02/2024,06:45,[06:30-06:45[,S,V,V,V,V,55.00,61.00
20/02/2024,07:00,[06:45-07:00[,S,V,V,V,V,55.00,61.00
20/02/2024,07:15,[07:00-07:15[,S,V,F,V,C,56.28,56.28
20/02/2024,07:30,[07:15-07:30[,S,V,F,V,C,56.28,56.28
20/02/2024,07:45,[07:30-07:45[,S,V,F,V,C,56.28,56.28
20/02/2024,08:00,[07:45-08:00[,S,V,F,V,C,56.28,56.28
20/02/2024,08:15,[08:00-08:15[,S,F,F,C,C,47.67,47.67
20/02/2024,08:30,[08:15-08:30[,S,F,F,C,C,47.67,47.67
20/02/2024,08:45,[08:30-08:45[,S,F,F,C,C,47.67,47.67
20/02/2024,09:00,[08:45-09:00[,S,F,F,C,C,47.67,47.67
20/02/2024,09:15,[09:00-09:15[,S,F,F,P,C,32.20,32.20
20/02/2024,09:30,[09:15-09:30[,S,F,F,P,C,32.20,32.20
20/02/2024,09:45,[09:30-09:45[,S,F,F,P,P,32.20,32.20
20/02/2024,10:00,[09:45-10:00[,S,F,F,P,P,32.20,32.20
20/02/2024,10:15,[10:00-10:15[,S,F,F,P,P,28.60,28.60
20/02/2024,10:30,[10:15-10:30[,S,F,F,P,P,28.60,28.60
20/02/2024,10:45,[10:30-10:45[,S,F,F,C,P,28.60,28.60
20/02/2024,11:00,[10:45-11:00[,S,F,F,C,P,28.60,28.60
20/02/2024,11:15,[11:00-11:15[,S,F,F,C,P,28.76,28.76
20/02/2024,11:30,[11:15-11:30[,S,F,F,C,P,28.76,28.76
20/02/2024,11:45,[11:30-11:45[,S,F,F,C,P,28.76,28.76
20/02/2024,12:00,[11:45-12:00[,S,F,F,C,P,28.76,28.76
20/02/2024,12:15,[12:00-12:15[,S,F,F,C,C,28.76,28.76
20/02/2024,12:30,[12:15-12:30[,S,F,F,C,C,28.76,28.76
20/02/2024,12:45,[12:30-12:45[,S,F,F,C,C,28.76,28.76
20/02/2024,13:00,[12:45-13:00[,S,F,F,C,C,28.76,28.76
20/02/2024,13:15,[13:00-13:15[,S,F,F,C,C,28.60,28.60
20/02/2024,13:30,[13:15-13:30[,S,F,F,C,C,28.60,28.60
20/02/2024,13:45,[13:30-13:45[,S,F,F,C,C,28.60,28.60
20/02/2024,14:00,[13:45-14:00[,S,F,F,C,C,28.60,28.60
20/02/2024,14:15,[14:00-14:15[,S,F,F,C,C,29.68,29.68
20/02/2024,14:30,[14:15-14:30[,S,F,F,C,C,29.68,29.68
20/02/2024,14:45,[14:30-14:45[,S,F,F,C,C,29.68,29.68
20/02/2024,15:00,[14:45-15:00[,S,F,F,C,C,29.68,29.68
20/02/2024,15:15,[15:00-15:15[,S,F,F,C,C,30.62,30.62
20/02/2024,15:30,[15:15-15:30[,S,F,F,C,C,30.62,30.62
20/02/2024,15:45,[15:30-15:45[,S,F,F,C,C,30.62,30.62
20/02/2024,16:00,[15:45-16:00[,S,F,F,C,C,30.62,30.62
20/02/2024,16:15,[16:00-16:15[,S,F,F,C,C,43.06,43.06
20/02/2024,16:30,[16:15-16:30[,S,F,F,C,C,43.06,43.06
20/02/2024,16:45,[16:30-16:45[,S,F,F,C,C,43.06,43.06
20/02/2024,17:00,[16:45-17:00[,S,F,F,C,C,43.06,43.06
20/02/2024,17:15,[17:00-17:15[,S,F,F,C,C,72.64,72.64
20/02/2024,17:30,[17:15-17:30[,S,F,F,C,C,72.64,72.64
20/02/2024,17:45,[17:30-17:45[,S,F,F,C,C,72.64,72.64
20/02/2024,18:00,[17:45-18:00[,S,F,F,C,C,72.64,72.64
20/02/2024,18:15,[18:00-18:15[,S,F,F,P,C,75.44,75.44
20/02/2024,18:30,[18:15-18:30[,S,F,F,P,C,75.44,75.44
20/02/2024,18:45,[18:30-18:45[,S,F,F,P,P,75.44,75.44
20/02/2024,19:00,[18:45-19:00[,S,F,F,P,P,75.44,75.44
20/02/2024,19:15,[19:00-19:15[,S,F,F,P,P,181.00,181.00
20/02/2024,19:30,[19:15-19:30[,S,F,F,P,P,181.00,181.00
20/02/2024,19:45,[19:30-19:45[,S,F,F,P,P,181.00,181.00
20/02/2024,20:00,[19:45-20:00[,S,F,F,P,P,181.00,181.00
20/02/2024,20:15,[20:00-20:15[,S,F,F,P,P,119.47,119.47
20/02/2024,20:30,[20:15-20:30[,S,F,F,P,P,119.47,119.47
20/02/2024,20:45,[20:30-20:45[,S,F,F,C,P,119.47,119.47
20/02/2024,21:00,[20:45-21:00[,S,F,F,C,P,119.47,119.47
20/02/2024,21:15,[21:00-21:15[,S,F,F,C,C,63.16,63.16
20/02/2024,21:30,[21:15-21:30[,S,F,F,C,C,63.16,63.16
20/02/2024,21:45,[21:30-21:45[,S,F,F,C,C,63.16,63.16
20/02/2024,22:00,[21:45-22:00[,S,F,F,C,C,63.16,63.16
20/02/2024,22:15,[22:00-22:15[,S,V,F,V,C,54.76,54.76
20/02/2024,22:30,[22:15-22:30[,S,V,F,V,C,54.76,54.76
20/02/2024,22:45,[22:30-22:45[,S,V,F,V,C,54.76,54.76
20/02/2024,23:00,[22:45-23:00[,S,V,F,V,C,54.76,54.76
20/02/2024,23:15,[23:00-23:15[,S,V,F,V,C,52.84,52.84
20/02/2024,23:30,[23:15-23:30[,S,V,F,V,C,52.84,52.84
20/02/2024,23:45,[23:30-23:45[,S,V,F,V,C,52.84,52.84
20/02/2024,23:59,[23:45-00:00[,S,V,F,V,C,52.84,52.84
21/02/2024,00:15,[00:00-00:15[,S,V,V,V,V,49.50,49.50
21/02/2024,00:30,[00:15-00:30[,S,V,V,V,V,49.50,49.50
21/02/2024,00:45,[00:30-00:45[,S,V,V,V,V,49.50,49.50
21/02/2024,01:00,[00:45-01:00[,S,V,V,V,V,49.50,49.50
21/02/2024,01:15,[01:00-01:15[,S,V,V,V,V,46.99,46.99
21/02/2024,01:30,[01:15-01:30[,S,V,V,V,V,46.99,46.99
21/02/2024,01:45,[01:30-01:45[,S,V,V,V,V,46.99,46.99
21/02/2024,02:00,[01:45-02:00[,S,V,V,V,V,46.99,46.99
21/02/2024,02:15,[02:00-02:15[,S,V,V,V,V,44.95,44.95
21/02/2024,02:30,[02:15-02:30[,S,V,V,V,V,44.95,44.95
21/02/2024,02:45,[02:30-02:45[,S,V,V,V,V,44.95,44.95
21/02/2024,03:00,[02:45-03:00[,S,V,V,V,V,44.95,44.95
21/02/2024,03:15,[03:00-03:15[,S,V,V,V,V,45.68,45.68
21/02/2024,03:30,[03:15-03:30[,S,V,V,V,V,45.68,45.68
21/02/2024,03:45,[03:30-03:45[,S,V,V,V,V,45.68,45.68
21/02/2024,04:00,[03:45-04:00[,S,V,V,V,V,45.68,45.68
21/02/2024,04:15,[04:00-04:15[,S,V,V,V,V,50.35,50.35
21/02/2024,04:30,[04:15-04:30[,S,V,V,V,V,50.35,50.35
21/02/2024,04:45,[04:30-04:45[,S,V,V,V,V,50.35,50.35
21/02/2024,05:00,[04:45-05:00[,S,V,V,V,V,50.35,50.35
21/02/2024,05:15,[05:00-05:15[,S,V,V,V,V,50.98,50.98
21/02/2024,05:30,[05:15-05:30[,S,V,V,V,V,50.98,50.98
21/02/2024,05:45,[05:30-05:45[,S,V,V,V,V,50.98,50.98
21/02/2024,06:00,[05:45-06:00[,S,V,V,V,V,50.98,50.98
21/02/2024,06:15,[06:00-06:15[,S,V,V,V,V,60.82,69.60
21/02/2024,06:30,[06:15-06:30[,S,V,V,V,V,60.82,69.60
21/02/2024,06:45,[06:30-06:45[,S,V,V,V,V,60.82,69.60
21/02/2024,07:00,[06:45-07:00[,S,V,V,V,V,60.82,69.60
21/02/2024,07:15,[07:00-07:15[,S,V,F,V,C,76.70,76.70
21/02/2024,07:30,[07:15-07:30[,S,V,F,V,C,76.70,76.70
21/02/2024,07:45,[07:30-07:45[,S,V,F,V,C,76.70,76.70
21/02/2024,08:00,[07:45-08:00[,S,V,F,V,C,76.70,76.70
21/02/2024,08:15,[08:00-08:15[,S,F,F,C,C,48.77,48.77
21/02/2024,08:30,[08:15-08:30[,S,F,F,C,C,48.77,48.77
21/02/2024,08:45,[08:30-08:45[,S,F,F,C,C,48.77,48.77
21/02/2024,09:00,[08:45-09:00[,S,F,F,C,C,48.77,48.77
21/02/2024,09:15,[09:00-09:15[,S,F,F,P,C,35.00,35.00
21/02/2024,09:30,[09:15-09:30[,S,F,F,P,C,35.00,35.00
21/02/2024,09:45,[09:30-09:45[,S,F,F,P,P,35.00,35.00
21/02/2024,10:00,[09:45-10:00[,S,F,F,P,P,35.00,35.00
21/02/2024,10:15,[10:00-10:15[,S,F,F,P,P,32.72,32.72
21/02/2024,10:30,[10:15-10:30[,S,F,F,P,P,32.72,32.72
21/02/2024,10:45,[10:30-10:45[,S,F,F,C,P,32.72,32.72
21/02/2024,11:00,[10:45-11:00[,S,F,F,C,P,32.72,32.72
21/02/2024,11:15,[11:00-11:15[,S,F,F,C,P,33.20,33.20
21/02/2024,11:30,[11:15-11:30[,S,F,F,C,P,33.20,33.20
21/02/2024,11:45,[11:30-11:45[,S,F,F,C,P,33.20,33.20
21/02/2024,12:00,[11:45-12:00[,S,F,F,C,P,33.20,33.20
21/02/2024,12:15,[12:00-12:15[,S,F,F,C,C,30.00,30.00
21/02/2024,12:30,[12:15-12:30[,S,F,F,C,C,30.00,30.00
21/02/2024,12:45,[12:30-12:45[,S,F,F,C,C,30.00,30.00
21/02/2024,13:00,[12:45-13:00[,S,F,F,C,C,30.00,30.00
21/02/2024,13:15,[13:00-13:15[,S,F,F,C,C,28.60,28.60
21/02/2024,13:30,[13:15-13:30[,S,F,F,C,C,28.60,28.60
21/02/2024,13:45,[13:30-13:45[,S,F,F,C,C,28.60,28.60
21/02/2024,14:00,[13:45-14:00[,S,F,F,C,C,28.60,28.60
21/02/2024,14:15,[14:00-14:15[,S,F,F,C,C,28.60,28.60
21/02/2024,14:30,[14:15-14:30[,S,F,F,C,C,28.60,28.60
21/02/2024,14:45,[14:30-14:45[,S,F,F,C,C,28.60,28.60
21/02/2024,15:00,[14:45-15:00[,S,F,F,C,C,28.60,28.60
21/02/2024,15:15,[15:00-15:15[,S,F,F,C,C,32.00,32.00
21/02/2024,15:30,[15:15-15:30[,S,F,F,C,C,32.00,32.00
21/02/2024,15:45,[15:30-15:45[,S,F,F,C,C,32.00,32.00
21/02/2024,16:00,[15:45-16:00[,S,F,F,C,C,32.00,32.00
21/02/2024,16:15,[16:00-16:15[,S,F,F,C,C,36.00,36.00
21/02/2024,16:30,[16:15-16:30[,S,F,F,C,C,36.00,36.00
21/02/2024,16:45,[16:30-16:45[,S,F,F,C,C,36.00,36.00
21/02/2024,17:00,[16:45-17:00[,S,F,F,C,C,36.00,36.00
21/02/2024,17:15,[17:00-17:15[,S,F,F,C,C,47.67,47.67
21/02/2024,17:30,[17:15-17:30[,S,F,F,C,C,47.67,47.67
21/02/2024,17:45,[17:30-17:45[,S,F,F,C,C,47.67,47.67
21/02/2024,18:00,[17:45-18:00[,S,F,F,C,C,47.67,47.67
21/02/2024,18:15,[18:00-18:15[,S,F,F,P,C,63.47,63.47
21/02/2024,18:30,[18:15-18:30[,S,F,F,P,C,63.47,63.47
21/02/2024,18:45,[18:30-18:45[,S,F,F,P,P,63.47,63.47
21/02/2024,19:00,[18:45-19:00[,S,F,F,P,P,63.47,63.47
21/02/2024,19:15,[19:00-19:15[,S,F,F,P,P,54.76,54.76
21/02/2024,19:30,[19:15-19:30[,S,F,F,P,P,54.76,54.76
21/02/2024,19:45,[19:30-19:45[,S,F,F,P,P,54.76,54.76
21/02/2024,20:00,[19:45-20:00[,S,F,F,P,P,54.76,54.76
21/02/2024,20:15,[20:00-20:15[,S,F,F,P,P,47.91,47.91
21/02/2024,20:30,[20:15-20:30[,S,F,F,P,P,47.91,47.91
21/02/2024,20:45,[20:30-20:45[,S,F,F,C,P,47.91,47.91
21/02/2024,21:00,[20:45-21:00[,S,F,F,C,P,47.91,47.91
21/02/2024,21:15,[21:00-21:15[,S,F,F,C,C,43.76,43.76
21/02/2024,21:30,[21:15-21:30[,S,F,F,C,C,43.76,43.76
21/02/2024,21:45,[21:30-21:45[,S,F,F,C,C,43.76,43.76
21/02/2024,22:00,[21:45-22:00[,S,F,F,C,C,43.76,43.76
21/02/2024,22:15,[22:00-22:15[,S,V,F,V,C,37.14,37.14
21/02/2024,22:30,[22:15-22:30[,S,V,F,V,C,37.14,37.14
21/02/2024,22:45,[22:30-22:45[,S,V,F,V,C,37.14,37.14
21/02/2024,23:00,[22:45-23:00[,S,V,F,V,C,37.14,37.14
21/02/2024,23:15,[23:00-23:15[,S,V,F,V,C,22.73,22.73
21/02/2024,23:30,[23:15-23:30[,S,V,F,V,C,22.73,22.73
21/02/2024,23:45,[23:30-23:45[,S,V,F,V,C,22.73,22.73
21/02/2024,23:59,[23:45-00:00[,S,V,F,V,C,22.73,22.73
22/02/2024,00:15,[00:00-00:15[,S,V,V,V,V,16.29,16.29
22/02/2024,00:30,[00:15-00:30[,S,V,V,V,V,16.29,16.29
22/02/2024,00:45,[00:30-00:45[,S,V,V,V,V,16.29,16.29
22/02/2024,01:00,[00:45-01:00[,S,V,V,V,V,16.29,16.29
22/02/2024,01:15,[01:00-01:15[,S,V,V,V,V,14.00,14.00
22/02/2024,01:30,[01:15-01:30[,S,V,V,V,V,14.00,14.00
22/02/2024,01:45,[01:30-01:45[,S,V,V,V,V,14.00,14.00
22/02/2024,02:00,[01:45-02:00[,S,V,V,V,V,14.00,14.00
22/02/2024,02:15,[02:00-02:15[,S,V,V,V,V,14.00,14.00
22/02/2024,02:30,[02:15-02:30[,S,V,V,V,V,14.00,14.00
22/02/2024,02:45,[02:30-02:45[,S,V,V,V,V,14.00,14.00
22/02/2024,03:00,[02:45-03:00[,S,V,V,V,V,14.00,14.00
22/02/2024,03:15,[03:00-03:15[,S,V,V,V,V,11.27,11.27
22/02/2024,03:30,[03:15-03:30[,S,V,V,V,V,11.27,11.27
22/02/2024,03:45,[03:30-03:45[,S,V,V,V,V,11.27,11.27
22/02/2024,04:00,[03:45-04:00[,S,V,V,V,V,11.27,11.27
22/02/2024,04:15,[04:00-04:15[,S,V,V,V,V,11.27,11.27
22/02/2024,04:30,[04:15-04:30[,S,V,V,V,V,11.27,11.27
22/02/2024,04:45,[04:30-04:45[,S,V,V,V,V,11.27,11.27
22/02/2024,05:00,[04:45-05:00[,S,V,V,V,V,11.27,11.27
22/02/2024,05:15,[05:00-05:15[,S,V,V,V,V,16.17,16.17
22/02/2024,05:30,[05:15-05:30[,S,V,V,V,V,16.17,16.17
22/02/2024,05:45,[05:30-05:45[,S,V,V,V,V,16.17,16.17
22/02/2024,06:00,[05:45-06:00[,S,V,V,V,V,16.17,16.17
22/02/2024,06:15,[06:00-06:15[,S,V,V,V,V,14.69,14.69
22/02/2024,06:30,[06:15-06:30[,S,V,V,V,V,14.69,14.69
22/02/2024,06:45,[06:30-06:45[,S,V,V,V,V,14.69,14.69
22/02/2024,07:00,[06:45-07:00[,S,V,V,V,V,14.69,14.69
22/02/2024,07:15,[07:00-07:15[,S,V,F,V,C,16.20,16.20
22/02/2024,07:30,[07:15-07:30[,S,V,F,V,C,16.20,16.20
22/02/2024,07:45,[07:30-07:45[,S,V,F,V,C,16.20,16.20
22/02/2024,08:00,[07:45-08:00[,S,V,F,V,C,16.20,16.20
22/02/2024,08:15,[08:00-08:15[,S,F,F,C,C,13.75,13.75
22/02/2024,08:30,[08:15-08:30[,S,F,F,C,C,13.75,13.75
22/02/2024,08:45,[08:30-08:45[,S,F,F,C,C,13.75,13.75
22/02/2024,09:00,[08:45-09:00[,S,F,F,C,C,13.75,13.75
22/02/2024,09:15,[09:00-09:15[,S,F,F,P,C,10.07,10.07
22/02/2024,09:30,[09:15-09:30[,S,F,F,P,C,10.07,10.07
22/02/2024,09:45,[09:30-09:45[,S,F,F,P,P,10.07,10.07
22/02/2024,10:00,[09:45-10:00[,S,F,F,P,P,10.07,10.07
22/02/2024,10:15,[10:00-10:15[,S,F,F,P,P,8.87,8.87
22/02/2024,10:30,[10:15-10:30[,S,F,F,P,P,8.87,8.87
22/02/2024,10:45,[10:30-10:45[,S,F,F,C,P,8.87,8.87
22/02/2024,11:00,[10:45-11:00[,S,F,F,C,P,8.87,8.87
22/02/2024,11:15,[11:00-11:15[,S,F,F,C,P,3.50,3.50
22/02/2024,11:30,[11:15-11:30[,S,F,F,C,P,3.50,3.50
22/02/2024,11:45,[11:30-11:45[,S,F,F,C,P,3.50,3.50
22/02/2024,12:00,[11:45-12:00[,S,F,F,C,P,3.50,3.50
22/02/2024,12:15,[12:00-12:15[,S,F,F,C,C,3.20,3.20
22/02/2024,12:30,[12:15-12:30[,S,F,F,C,C,3.20,3.20
22/02/2024,12:45,[12:30-12:45[,S,F,F,C,C,3.20,3.20
22/02/2024,13:00,[12:45-13:00[,S,F,F,C,C,3.20,3.20
22/02/2024,13:15,[13:00-13:15[,S,F,F,C,C,3.20,3.20
22/02/2024,13:30,[13:15-13:30[,S,F,F,C,C,3.20,3.20
22/02/2024,13:45,[13:30-13:45[,S,F,F,C,C,3.20,3.20
22/02/2024,14:00,[13:45-14:00[,S,F,F,C,C,3.20,3.20
22/02/2024,14:15,[14:00-14:15[,S,F,F,C,C,3.20,3.20
22/02/2024,14:30,[14:15-14:30[,S,F,F,C,C,3.20,3.20
22/02/2024,14:45,[14:30-14:45[,S,F,F,C,C,3.20,3.20
22/02/2024,15:00,[14:45-15:00[,S,F,F,C,C,3.20,3.20
22/02/2024,15:15,[15:00-15:15[,S,F,F,C,C,5.00,5.00
22/02/2024,15:30,[15:15-15:30[,S,F,F,C,C,5.00,5.00
22/02/2024,15:45,[15:30-15:45[,S,F,F,C,C,5.00,5.00
22/02/2024,16:00,[15:45-16:00[,S,F,F,C,C,5.00,5.00
22/02/2024,16:15,[16:00-16:15[,S,F,F,C,C,9.00,9.00
22/02/2024,16:30,[16:15-16:30[,S,F,F,C,C,9.00,9.00
22/02/2024,16:45,[16:30-16:45[,S,F,F,C,C,9.00,9.00
22/02/2024,17:00,[16:45-17:00[,S,F,F,C,C,9.00,9.00
22/02/2024,17:15,[17:00-17:15[,S,F,F,C,C,10.07,10.07
22/02/2024,17:30,[17:15-17:30[,S,F,F,C,C,10.07,10.07
22/02/2024,17:45,[17:30-17:45[,S,F,F,C,C,10.07,10.07
22/02/2024,18:00,[17:45-18:00[,S,F,F,C,C,10.07,10.07
22/02/2024,18:15,[18:00-18:15[,S,F,F,P,C,9.99,9.99
22/02/2024,18:30,[18:15-18:30[,S,F,F,P,C,9.99,9.99
22/02/2024,18:45,[18:30-18:45[,S,F,F,P,P,9.99,9.99
22/02/2024,19:00,[18:45-19:00[,S,F,F,P,P,9.99,9.99
22/02/2024,19:15,[19:00-19:15[,S,F,F,P,P,11.80,11.80
22/02/2024,19:30,[19:15-19:30[,S,F,F,P,P,11.80,11.80
22/02/2024,19:45,[19:30-19:45[,S,F,F,P,P,11.80,11.80
22/02/2024,20:00,[19:45-20:00[,S,F,F,P,P,11.80,11.80
22/02/2024,20:15,[20:00-20:15[,S,F,F,P,P,13.00,13.00
22/02/2024,20:30,[20:15-20:30[,S,F,F,P,P,13.00,13.00
22/02/2024,20:45,[20:30-20:45[,S,F,F,C,P,13.00,13.00
22/02/2024,21:00,[20:45-21:00[,S,F,F,C,P,13.00,13.00
22/02/2024,21:15,[21:00-21:15[,S,F,F,C,C,10.07,10.07
22/02/2024,21:30,[21:15-21:30[,S,F,F,C,C,10.07,10.07
22/02/2024,21:45,[21:30-21:45[,S,F,F,C,C,10.07,10.07
22/02/2024,22:00,[21:45-22:00[,S,F,F,C,C,10.07,10.07
22/02/2024,22:15,[22:00-22:15[,S,V,F,V,C,5.67,5.67
22/02/2024,22:30,[22:15-22:30[,S,V,F,V,C,5.67,5.67
22/02/2024,22:45,[22:30-22:45[,S,V,F,V,C,5.67,5.67
22/02/2024,23:00,[22:45-23:00[,S,V,F,V,C,5.67,5.67
22/02/2024,23:15,[23:00-23:15[,S,V,F,V,C,9.57,9.57
22/02/2024,23:30,[23:15-23:30[,S,V,F,V,C,9.57,9.57
22/02/2024,23:45,[23:30-23:45[,S,V,F,V,C,9.57,9.57
22/02/2024,23:59,[23:45-00:00[,S,V,F,V,C,9.57,9.57
23/02/2024,00:15,[00:00-00:15[,S,V,V,V,V,4.09,4.09
23/02/2024,00:30,[00:15-00:30[,S,V,V,V,V,4.09,4.09
23/02/2024,00:45,[00:30-00:45[,S,V,V,V,V,4.09,4.09
23/02/2024,01:00,[00:45-01:00[,S,V,V,V,V,4.09,4.09
23/02/2024,01:15,[01:00-01:15[,S,V,V,V,V,3.20,3.20
23/02/2024,01:30,[01:15-01:30[,S,V,V,V,V,3.20,3.20
23/02/2024,01:45,[01:30-01:45[,S,V,V,V,V,3.20,3.20
23/02/2024,02:00,[01:45-02:00[,S,V,V,V,V,3.20,3.20
23/02/2024,02:15,[02:00-02:15[,S,V,V,V,V,1.83,1.83
23/02/2024,02:30,[02:15-02:30[,S,V,V,V,V,1.83,1.83
23/02/2024,02:45,[02:30-02:45[,S,V,V,V,V,1.83,1.83
23/02/2024,03:00,[02:45-03:00[,S,V,V,V,V,1.83,1.83
23/02/2024,03:15,[03:00-03:15[,S,V,V,V,V,2.58,2.58
23/02/2024,03:30,[03:15-03:30[,S,V,V,V,V,2.58,2.58
23/02/2024,03:45,[03:30-03:45[,S,V,V,V,V,2.58,2.58
23/02/2024,04:00,[03:45-04:00[,S,V,V,V,V,2.58,2.58
23/02/2024,04:15,[04:00-04:15[,S,V,V,V,V,3.20,3.20
23/02/2024,04:30,[04:15-04:30[,S,V,V,V,V,3.20,3.20
23/02/2024,04:45,[04:30-04:45[,S,V,V,V,V,3.20,3.20
23/02/2024,05:00,[04:45-05:00[,S,V,V,V,V,3.20,3.20
23/02/2024,05:15,[05:00-05:15[,S,V,V,V,V,6.80,6.80
23/02/2024,05:30,[05:15-05:30[,S,V,V,V,V,6.80,6.80
23/02/2024,05:45,[05:30-05:45[,S,V,V,V,V,6.80,6.80
23/02/2024,06:00,[05:45-06:00[,S,V,V,V,V,6.80,6.80
23/02/2024,06:15,[06:00-06:15[,S,V,V,V,V,11.00,11.00
23/02/2024,06:30,[06:15-06:30[,S,V,V,V,V,11.00,11.00
23/02/2024,06:45,[06:30-06:45[,S,V,V,V,V,11.00,11.00
23/02/2024,07:00,[06:45-07:00[,S,V,V,V,V,11.00,11.00
23/02/2024,07:15,[07:00-07:15[,S,V,F,V,C,11.22,11.22
23/02/2024,07:30,[07:15-07:30[,S,V,F,V,C,11.22,11.22
23/02/2024,07:45,[07:30-07:45[,S,V,F,V,C,11.22,11.22
23/02/2024,08:00,[07:45-08:00[,S,V,F,V,C,11.22,11.22
23/02/2024,08:15,[08:00-08:15[,S,F,F,C,C,6.80,6.80
23/02/2024,08:30,[08:15-08:30[,S,F,F,C,C,6.80,6.80
23/02/2024,08:45,[08:30-08:45[,S,F,F,C,C,6.80,6.80
23/02/2024,09:00,[08:45-09:00[,S,F,F,C,C,6.80,6.80
23/02/2024,09:15,[09:00-09:15[,S,F,F,P,C,3.20,3.20
23/02/2024,09:30,[09:15-09:30[,S,F,F,P,C,3.20,3.20
23/02/2024,09:45,[09:30-09:45[,S,F,F,P,P,3.20,3.20
23/02/2024,10:00,[09:45-10:00[,S,F,F,P,P,3.20,3.20
23/02/2024,10:15,[10:00-10:15[,S,F,F,P,P,3.20,3.20
23/02/2024,10:30,[10:15-10:30[,S,F,F,P,P,3.20,3.20
23/02/2024,10:45,[10:30-10:45[,S,F,F,C,P,3.20,3.20
23/02/2024,11:00,[10:45-11:00[,S,F,F,C,P,3.20,3.20
23/02/2024,11:15,[11:00-11:15[,S,F,F,C,P,3.00,3.00
23/02/2024,11:30,[11:15-11:30[,S,F,F,C,P,3.00,3.00
23/02/2024,11:45,[11:30-11:45[,S,F,F,C,P,3.00,3.00
23/02/2024,12:00,[11:45-12:00[,S,F,F,C,P,3.00,3.00
23/02/2024,12:15,[12:00-12:15[,S,F,F,C,C,0.43,0.43
23/02/2024,12:30,[12:15-12:30[,S,F,F,C,C,0.43,0.43
23/02/2024,12:45,[12:30-12:45[,S,F,F,C,C,0.43,0.43
23/02/2024,13:00,[12:45-13:00[,S,F,F,C,C,0.43,0.43
23/02/2024,13:15,[13:00-13:15[,S,F,F,C,C,0.01,0.01
23/02/2024,13:30,[13:15-13:30[,S,F,F,C,C,0.01,0.01
23/02/2024,13:45,[13:30-13:45[,S,F,F,C,C,0.01,0.01
23/02/2024,14:00,[13:45-14:00[,S,F,F,C,C,0.01,0.01
23/02/2024,14:15,[14:00-14:15[,S,F,F,C,C,0.01,0.01
23/02/2024,14:30,[14:15-14:30[,S,F,F,C,C,0.01,0.01
23/02/2024,14:45,[14:30-14:45[,S,F,F,C,C,0.01,0.01
23/02/2024,15:00,[14:45-15:00[,S,F,F,C,C,0.01,0.01
23/02/2024,15:15,[15:00-15:15[,S,F,F,C,C,0.43,0.43
23/02/2024,15:30,[15:15-15:30[,S,F,F,C,C,0.43,0.43
23/02/2024,15:45,[15:30-15:45[,S,F,F,C,C,0.43,0.43
23/02/2024,16:00,[15:45-16:00[,S,F,F,C,C,0.43,0.43
23/02/2024,16:15,[16:00-16:15[,S,F,F,C,C,3.20,3.20
23/02/2024,16:30,[16:15-16:30[,S,F,F,C,C,3.20,3.20
23/02/2024,16:45,[16:30-16:45[,S,F,F,C,C,3.20,3.20
23/02/2024,17:00,[16:45-17:00[,S,F,F,C,C,3.20,3.20
23/02/2024,17:15,[17:00-17:15[,S,F,F,C,C,11.17,11.17
23/02/2024,17:30,[17:15-17:30[,S,F,F,C,C,11.17,11.17
23/02/2024,17:45,[17:30-17:45[,S,F,F,C,C,11.17,11.17
23/02/2024,18:00,[17:45-18:00[,S,F,F,C,C,11.17,11.17
23/02/2024,18:15,[18:00-18:15[,S,F,F,P,C,15.10,15.10
23/02/2024,18:30,[18:15-18:30[,S,F,F,P,C,15.10,15.10
23/02/2024,18:45,[18:30-18:45[,S,F,F,P,P,15.10,15.10
23/02/2024,19:00,[18:45-19:00[,S,F,F,P,P,15.10,15.10
23/02/2024,19:15,[19:00-19:15[,S,F,F,P,P,17.15,17.15
23/02/2024,19:30,[19:15-19:30[,S,F,F,P,P,17.15,17.15
23/02/2024,19:45,[19:30-19:45[,S,F,F,P,P,17.15,17.15
23/02/2024,20:00,[19:45-20:00[,S,F,F,P,P,17.15,17.15
23/02/2024,20:15,[20:00-20:15[,S,F,F,P,P,18.36,18.36
23/02/2024,20:30,[20:15-20:30[,S,F,F,P,P,18.36,18.36
23/02/2024,20:45,[20:30-20:45[,S,F,F,C,P,18.36,18.36
23/02/2024,21:00,[20:45-21:00[,S,F,F,C,P,18.36,18.36
23/02/2024,21:15,[21:00-21:15[,S,F,F,C,C,13.94,13.94
23/02/2024,21:30,[21:15-21:30[,S,F,F,C,C,13.94,13.94
23/02/2024,21:45,[21:30-21:45[,S,F,F,C,C,13.94,13.94
23/02/2024,22:00,[21:45-22:00[,S,F,F,C,C,13.94,13.94
23/02/2024,22:15,[22:00-22:15[,S,V,F,V,C,11.69,11.69
23/02/2024,22:30,[22:15-22:30[,S,V,F,V,C,11.69,11.69
23/02/2024,22:45,[22:30-22:45[,S,V,F,V,C,11.69,11.69
23/02/2024,23:00,[22:45-23:00[,S,V,F,V,C,11.69,11.69
23/02/2024,23:15,[23:00-23:15[,S,V,F,V,C,7.41,7.41
23/02/2024,23:30,[23:15-23:30[,S,V,F,V,C,7.41,7.41
23/02/2024,23:45,[23:30-23:45[,S,V,F,V,C,7.41,7.41
23/02/2024,23:59,[23:45-00:00[,S,V,F,V,C,7.41,7.41
24/02/2024,00:15,[00:00-00:15[,S,V,V,V,V,5.00,5.00
24/02/2024,00:30,[00:15-00:30[,S,V,V,V,V,5.00,5.00
24/02/2024,00:45,[00:30-00:45[,S,V,V,V,V,5.00,5.00
24/02/2024,01:00,[00:45-01:00[,S,V,V,V,V,5.00,5.00
24/02/2024,01:15,[01:00-01:15[,S,V,V,V,V,3.20,3.20
24/02/2024,01:30,[01:15-01:30[,S,V,V,V,V,3.20,3.20
24/02/2024,01:45,[01:30-01:45[,S,V,V,V,V,3.20,3.20
24/02/2024,02:00,[01:45-02:00[,S,V,V,V,V,3.20,3.20
24/02/2024,02:15,[02:00-02:15[,S,V,V,V,V,4.20,4.20
24/02/2024,02:30,[02:15-02:30[,S,V,V,V,V,4.20,4.20
24/02/2024,02:45,[02:30-02:45[,S,V,V,V,V,4.20,4.20
24/02/2024,03:00,[02:45-03:00[,S,V,V,V,V,4.20,4.20
24/02/2024,03:15,[03:00-03:15[,S,V,V,V,V,5.00,5.00
24/02/2024,03:30,[03:15-03:30[,S,V,V,V,V,5.00,5.00
24/02/2024,03:45,[03:30-03:45[,S,V,V,V,V,5.00,5.00
24/02/2024,04:00,[03:45-04:00[,S,V,V,V,V,5.00,5.00
24/02/2024,04:15,[04:00-04:15[,S,V,V,V,V,5.00,5.00
24/02/2024,04:30,[04:15-04:30[,S,V,V,V,V,5.00,5.00
24/02/2024,04:45,[04:30-04:45[,S,V,V,V,V,5.00,5.00
24/02/2024,05:00,[04:45-05:00[,S,V,V,V,V,5.00,5.00
24/02/2024,05:15,[05:00-05:15[,S,V,V,V,V,6.20,6.20
24/02/2024,05:30,[05:15-05:30[,S,V,V,V,V,6.20,6.20
24/02/2024,05:45,[05:30-05:45[,S,V,V,V,V,6.20,6.20
24/02/2024,06:00,[05:45-06:00[,S,V,V,V,V,6.20,6.20
24/02/2024,06:15,[06:00-06:15[,S,V,V,V,V,8.18,8.18
24/02/2024,06:30,[06:15-06:30[,S,V,V,V,V,8.18,8.18
24/02/2024,06:45,[06:30-06:45[,S,V,V,V,V,8.18,8.18
24/02/2024,07:00,[06:45-07:00[,S,V,V,V,V,8.18,8.18
24/02/2024,07:15,[07:00-07:15[,S,V,V,V,V,7.41,7.41
24/02/2024,07:30,[07:15-07:30[,S,V,V,V,V,7.41,7.41
24/02/2024,07:45,[07:30-07:45[,S,V,V,V,V,7.41,7.41
24/02/2024,08:00,[07:45-08:00[,S,V,V,V,V,7.41,7.41
24/02/2024,08:15,[08:00-08:15[,S,F,V,C,V,3.70,3.70
24/02/2024,08:30,[08:15-08:30[,S,F,V,C,V,3.70,3.70
24/02/2024,08:45,[08:30-08:45[,S,F,V,C,V,3.70,3.70
24/02/2024,09:00,[08:45-09:00[,S,F,V,C,V,3.70,3.70
24/02/2024,09:15,[09:00-09:15[,S,F,V,P,V,3.20,3.20
24/02/2024,09:30,[09:15-09:30[,S,F,V,P,V,3.20,3.20
24/02/2024,09:45,[09:30-09:45[,S,F,F,P,C,3.20,3.20
24/02/2024,10:00,[09:45-10:00[,S,F,F,P,C,3.20,3.20
24/02/2024,10:15,[10:00-10:15[,S,F,F,P,C,0.00,0.00
24/02/2024,10:30,[10:15-10:30[,S,F,F,P,C,0.00,0.00
24/02/2024,10:45,[10:30-10:45[,S,F,F,C,C,0.00,0.00
24/02/2024,11:00,[10:45-11:00[,S,F,F,C,C,0.00,0.00
24/02/2024,11:15,[11:00-11:15[,S,F,F,C,C,0.00,0.00
24/02/2024,11:30,[11:15-11:30[,S,F,F,C,C,0.00,0.00
24/02/2024,11:45,[11:30-11:45[,S,F,F,C,C,0.00,0.00
24/02/2024,12:00,[11:45-12:00[,S,F,F,C,C,0.00,0.00
24/02/2024,12:15,[12:00-12:15[,S,F,F,C,C,0.00,0.00
24/02/2024,12:30,[12:15-12:30[,S,F,F,C,C,0.00,0.00
24/02/2024,12:45,[12:30-12:45[,S,F,F,C,C,0.00,0.00
24/02/2024,13:00,[12:45-13:00[,S,F,F,C,C,0.00,0.00
24/02/2024,13:15,[13:00-13:15[,S,F,V,C,V,0.00,0.00
24/02/2024,13:30,[13:15-13:30[,S,F,V,C,V,0.00,0.00
24/02/2024,13:45,[13:30-13:45[,S,F,V,C,V,0.00,0.00
24/02/2024,14:00,[13:45-14:00[,S,F,V,C,V,0.00,0.00
24/02/2024,14:15,[14:00-14:15[,S,F,V,C,V,0.00,0.00
24/02/2024,14:30,[14:15-14:30[,S,F,V,C,V,0.00,0.00
24/02/2024,14:45,[14:30-14:45[,S,F,V,C,V,0.00,0.00
24/02/2024,15:00,[14:45-15:00[,S,F,V,C,V,0.00,0.00
24/02/2024,15:15,[15:00-15:15[,S,F,V,C,V,0.00,0.00
24/02/2024,15:30,[15:15-15:30[,S,F,V,C,V,0.00,0.00
24/02/2024,15:45,[15:30-15:45[,S,F,V,C,V,0.00,0.00
24/02/2024,16:00,[15:45-16:00[,S,F,V,C,V,0.00,0.00
24/02/2024,16:15,[16:00-16:15[,S,F,V,C,V,3.20,3.20
24/02/2024,16:30,[16:15-16:30[,S,F,V,C,V,3.20,3.20
24/02/2024,16:45,[16:30-16:45[,S,F,V,C,V,3.20,3.20
24/02/2024,17:00,[16:45-17:00[,S,F,V,C,V,3.20,3.20
24/02/2024,17:15,[17:00-17:15[,S,F,V,C,V,8.22,8.22
24/02/2024,17:30,[17:15-17:30[,S,F,V,C,V,8.22,8.22
24/02/2024,17:45,[17:30-17:45[,S,F,V,C,V,8.22,8.22
24/02/2024,18:00,[17:45-18:00[,S,F,V,C,V,8.22,8.22
24/02/2024,18:15,[18:00-18:15[,S,F,V,P,V,15.83,15.83
24/02/2024,18:30,[18:15-18:30[,S,F,V,P,V,15.83,15.83
24/02/2024,18:45,[18:30-18:45[,S,F,F,P,C,15.83,15.83
24/02/2024,19:00,[18:45-19:00[,S,F,F,P,C,15.83,15.83
24/02/2024,19:15,[19:00-19:15[,S,F,F,P,C,32.37,32.37
24/02/2024,19:30,[19:15-19:30[,S,F,F,P,C,32.37,32.37
24/02/2024,19:45,[19:30-19:45[,S,F,F,P,C,32.37,32.37
24/02/2024,20:00,[19:45-20:00[,S,F,F,P,C,32.37,32.37
24/02/2024,20:15,[20:00-20:15[,S,F,F,P,C,25.00,25.00
24/02/2024,20:30,[20:15-20:30[,S,F,F,P,C,25.00,25.00
24/02/2024,20:45,[20:30-20:45[,S,F,F,C,C,25.00,25.00
24/02/2024,21:00,[20:45-21:00[,S,F,F,C,C,25.00,25.00
24/02/2024,21:15,[21:00-21:15[,S,F,F,C,C,14.00,14.00
24/02/2024,21:30,[21:15-21:30[,S,F,F,C,C,14.00,14.00
24/02/2024,21:45,[21:30-21:45[,S,F,F,C,C,14.00,14.00
24/02/2024,22:00,[21:45-22:00[,S,F,F,C,C,14.00,14.00
24/02/2024,22:15,[22:00-22:15[,S,V,V,V,V,9.48,9.48
24/02/2024,22:30,[22:15-22:30[,S,V,V,V,V,9.48,9.48
24/02/2024,22:45,[22:30-22:45[,S,V,V,V,V,9.48,9.48
24/02/2024,23:00,[22:45-23:00[,S,V,V,V,V,9.48,9.48
24/02/2024,23:15,[23:00-23:15[,S,V,V,V,V,4.30,4.30
24/02/2024,23:30,[23:15-23:30[,S,V,V,V,V,4.30,4.30
24/02/2024,23:45,[23:30-23:45[,S,V,V,V,V,4.30,4.30
24/02/2024,23:59,[23:45-00:00[,S,V,V,V,V,4.30,4.30
25/02/2024,00:15,[00:00-00:15[,S,V,V,V,V,3.20,3.20
25/02/2024,00:30,[00:15-00:30[,S,V,V,V,V,3.20,3.20
25/02/2024,00:45,[00:30-00:45[,S,V,V,V,V,3.20,3.20
25/02/2024,01:00,[00:45-01:00[,S,V,V,V,V,3.20,3.20
25/02/2024,01:15,[01:00-01:15[,S,V,V,V,V,3.20,3.20
25/02/2024,01:30,[01:15-01:30[,S,V,V,V,V,3.20,3.20
25/02/2024,01:45,[01:30-01:45[,S,V,V,V,V,3.20,3.20
25/02/2024,02:00,[01:45-02:00[,S,V,V,V,V,3.20,3.20
25/02/2024,02:15,[02:00-02:15[,S,V,V,V,V,3.20,3.20
25/02/2024,02:30,[02:15-02:30[,S,V,V,V,V,3.20,3.20
25/02/2024,02:45,[02:30-02:45[,S,V,V,V,V,3.20,3.20
25/02/2024,03:00,[02:45-03:00[,S,V,V,V,V,3.20,3.20
25/02/2024,03:15,[03:00-03:15[,S,V,V,V,V,3.20,3.20
25/02/2024,03:30,[03:15-03:30[,S,V,V,V,V,3.20,3.20
25/02/2024,03:45,[03:30-03:45[,S,V,V,V,V,3.20,3.20
25/02/2024,04:00,[03:45-04:00[,S,V,V,V,V,3.20,3.20
25/02/2024,04:15,[04:00-04:15[,S,V,V,V,V,3.00,3.00
25/02/2024,04:30,[04:15-04:30[,S,V,V,V,V,3.00,3.00
25/02/2024,04:45,[04:30-04:45[,S,V,V,V,V,3.00,3.00
25/02/2024,05:00,[04:45-05:00[,S,V,V,V,V,3.00,3.00
25/02/2024,05:15,[05:00-05:15[,S,V,V,V,V,3.20,3.20
25/02/2024,05:30,[05:15-05:30[,S,V,V,V,V,3.20,3.20
25/02/2024,05:45,[05:30-05:45[,S,V,V,V,V,3.20,3.20
25/02/2024,06:00,[05:45-06:00[,S,V,V,V,V,3.20,3.20
25/02/2024,06:15,[06:00-06:15[,S,V,V,V,V,3.20,3.20
25/02/2024,06:30,[06:15-06:30[,S,V,V,V,V,3.20,3.20
25/02/2024,06:45,[06:30-06:45[,S,V,V,V,V,3.20,3.20
25/02/2024,07:00,[06:45-07:00[,S,V,V,V,V,3.20,3.20
25/02/2024,07:15,[07:00-07:15[,S,V,V,V,V,3.20,3.20
25/02/2024,07:30,[07:15-07:30[,S,V,V,V,V,3.20,3.20
25/02/2024,07:45,[07:30-07:45[,S,V,V,V,V,3.20,3.20
25/02/2024,08:00,[07:45-08:00[,S,V,V,V,V,3.20,3.20
25/02/2024,08:15,[08:00-08:15[,S,F,V,C,V,3.20,3.20
25/02/2024,08:30,[08:15-08:30[,S,F,V,C,V,3.20,3.20
25/02/2024,08:45,[08:30-08:45[,S,F,V,C,V,3.20,3.20
25/02/2024,09:00,[08:45-09:00[,S,F,V,C,V,3.20,3.20
25/02/2024,09:15,[09:00-09:15[,S,F,V,P,V,3.20,3.20
25/02/2024,09:30,[09:15-09:30[,S,F,V,P,V,3.20,3.20
25/02/2024,09:45,[09:30-09:45[,S,F,V,P,V,3.20,3.20
25/02/2024,10:00,[09:45-10:00[,S,F,V,P,V,3.20,3.20
25/02/2024,10:15,[10:00-10:15[,S,F,V,P,V,3.20,3.20
25/02/2024,10:30,[10:15-10:30[,S,F,V,P,V,3.20,3.20
25/02/2024,10:45,[10:30-10:45[,S,F,V,C,V,3.20,3.20
25/02/2024,11:00,[10:45-11:00[,S,F,V,C,V,3.20,3.20
25/02/2024,11:15,[11:00-11:15[,S,F,V,C,V,0.43,0.43
25/02/2024,11:30,[11:15-11:30[,S,F,V,C,V,0.43,0.43
25/02/2024,11:45,[11:30-11:45[,S,F,V,C,V,0.43,0.43
25/02/2024,12:00,[11:45-12:00[,S,F,V,C,V,0.43,0.43
25/02/2024,12:15,[12:00-12:15[,S,F,V,C,V,0.43,0.43
25/02/2024,12:30,[12:15-12:30[,S,F,V,C,V,0.43,0.43
25/02/2024,12:45,[12:30-12:45[,S,F,V,C,V,0.43,0.43
25/02/2024,13:00,[12:45-13:00[,S,F,V,C,V,0.43,0.43
25/02/2024,13:15,[13:00-13:15[,S,F,V,C,V,0.43,0.43
25/02/2024,13:30,[13:15-13:30[,S,F,V,C,V,0.43,0.43
25/02/2024,13:45,[13:30-13:45[,S,F,V,C,V,0.43,0.43
25/02/2024,14:00,[13:45-14:00[,S,F,V,C,V,0.43,0.43
25/02/2024,14:15,[14:00-14:15[,S,F,V,C,V,0.00,0.00
25/02/2024,14:30,[14:15-14:30[,S,F,V,C,V,0.00,0.00
25/02/2024,14:45,[14:30-14:45[,S,F,V,C,V,0.00,0.00
25/02/2024,15:00,[14:45-15:00[,S,F,V,C,V,0.00,0.00
25/02/2024,15:15,[15:00-15:15[,S,F,V,C,V,0.01,0.01
25/02/2024,15:30,[15:15-15:30[,S,F,V,C,V,0.01,0.01
25/02/2024,15:45,[15:30-15:45[,S,F,V,C,V,0.01,0.01
25/02/2024,16:00,[15:45-16:00[,S,F,V,C,V,0.01,0.01
25/02/2024,16:15,[16:00-16:15[,S,F,V,C,V,2.33,2.33
25/02/2024,16:30,[16:15-16:30[,S,F,V,C,V,2.33,2.33
25/02/2024,16:45,[16:30-16:45[,S,F,V,C,V,2.33,2.33
25/02/2024,17:00,[16:45-17:00[,S,F,V,C,V,2.33,2.33
25/02/2024,17:15,[17:00-17:15[,S,F,V,C,V,3.30,3.30
25/02/2024,17:30,[17:15-17:30[,S,F,V,C,V,3.30,3.30
25/02/2024,17:45,[17:30-17:45[,S,F,V,C,V,3.30,3.30
25/02/2024,18:00,[17:45-18:00[,S,F,V,C,V,3.30,3.30
25/02/2024,18:15,[18:00-18:15[,S,F,V,P,V,4.82,4.82
25/02/2024,18:30,[18:15-18:30[,S,F,V,P,V,4.82,4.82
25/02/2024,18:45,[18:30-18:45[,S,F,V,P,V,4.82,4.82
25/02/2024,19:00,[18:45-19:00[,S,F,V,P,V,4.82,4.82
25/02/2024,19:15,[19:00-19:15[,S,F,V,P,V,7.00,7.00
25/02/2024,19:30,[19:15-19:30[,S,F,V,P,V,7.00,7.00
25/02/2024,19:45,[19:30-19:45[,S,F,V,P,V,7.00,7.00
25/02/2024,20:00,[19:45-20:00[,S,F,V,P,V,7.00,7.00
25/02/2024,20:15,[20:00-20:15[,S,F,V,P,V,7.20,7.20
25/02/2024,20:30,[20:15-20:30[,S,F,V,P,V,7.20,7.20
25/02/2024,20:45,[20:30-20:45[,S,F,V,C,V,7.20,7.20
25/02/2024,21:00,[20:45-21:00[,S,F,V,C,V,7.20,7.20
25/02/2024,21:15,[21:00-21:15[,S,F,V,C,V,5.00,5.00
25/02/2024,21:30,[21:15-21:30[,S,F,V,C,V,5.00,5.00
25/02/2024,21:45,[21:30-21:45[,S,F,V,C,V,5.00,5.00
25/02/2024,22:00,[21:45-22:00[,S,F,V,C,V,5.00,5.00
25/02/2024,22:15,[22:00-22:15[,S,V,V,V,V,3.20,3.20
25/02/2024,22:30,[22:15-22:30[,S,V,V,V,V,3.20,3.20
25/02/2024,22:45,[22:30-22:45[,S,V,V,V,V,3.20,3.20
25/02/2024,23:00,[22:45-23:00[,S,V,V,V,V,3.20,3.20
25/02/2024,23:15,[23:00-23:15[,S,V,V,V,V,3.20,3.20
25/02/2024,23:30,[23:15-23:30[,S,V,V,V,V,3.20,3.20
25/02/2024,23:45,[23:30-23:45[,S,V,V,V,V,3.20,3.20
25/02/2024,23:59,[23:45-00:00[,S,V,V,V,V,3.20,3.20
26/02/2024,00:15,[00:00-00:15[,S,V,V,V,V,3.20,3.20
26/02/2024,00:30,[00:15-00:30[,S,V,V,V,V,3.20,3.20
26/02/2024,00:45,[00:30-00:45[,S,V,V,V,V,3.20,3.20
26/02/2024,01:00,[00:45-01:00[,S,V,V,V,V,3.20,3.20
26/02/2024,01:15,[01:00-01:15[,S,V,V,V,V,0.10,0.10
26/02/2024,01:30,[01:15-01:30[,S,V,V,V,V,0.10,0.10
26/02/2024,01:45,[01:30-01:45[,S,V,V,V,V,0.10,0.10
26/02/2024,02:00,[01:45-02:00[,S,V,V,V,V,0.10,0.10
26/02/2024,02:15,[02:00-02:15[,S,V,V,V,V,0.10,0.10
26/02/2024,02:30,[02:15-02:30[,S,V,V,V,V,0.10,0.10
26/02/2024,02:45,[02:30-02:45[,S,V,V,V,V,0.10,0.10
26/02/2024,03:00,[02:45-03:00[,S,V,V,V,V,0.10,0.10
26/02/2024,03:15,[03:00-03:15[,S,V,V,V,V,0.10,0.10
26/02/2024,03:30,[03:15-03:30[,S,V,V,V,V,0.10,0.10
26/02/2024,03:45,[03:30-03:45[,S,V,V,V,V,0.10,0.10
26/02/2024,04:00,[03:45-04:00[,S,V,V,V,V,0.10,0.10
26/02/2024,04:15,[04:00-04:15[,S,V,V,V,V,3.00,3.00
26/02/2024,04:30,[04:15-04:30[,S,V,V,V,V,3.00,3.00
26/02/2024,04:45,[04:30-04:45[,S,V,V,V,V,3.00,3.00
26/02/2024,05:00,[04:45-05:00[,S,V,V,V,V,3.00,3.00
26/02/2024,05:15,[05:00-05:15[,S,V,V,V,V,3.20,3.20
26/02/2024,05:30,[05:15-05:30[,S,V,V,V,V,3.20,3.20
26/02/2024,05:45,[05:30-05:45[,S,V,V,V,V,3.20,3.20
26/02/2024,06:00,[05:45-06:00[,S,V,V,V,V,3.20,3.20
26/02/2024,06:15,[06:00-06:15[,S,V,V,V,V,11.24,11.24
26/02/2024,06:30,[06:15-06:30[,S,V,V,V,V,11.24,11.24
26/02/2024,06:45,[06:30-06:45[,S,V,V,V,V,11.24,11.24
26/02/2024,07:00,[06:45-07:00[,S,V,V,V,V,11.24,11.24
26/02/2024,07:15,[07:00-07:15[,S,V,F,V,C,10.50,10.50
26/02/2024,07:30,[07:15-07:30[,S,V,F,V,C,10.50,10.50
26/02/2024,07:45,[07:30-07:45[,S,V,F,V,C,10.50,10.50
26/02/2024,08:00,[07:45-08:00[,S,V,F,V,C,10.50,10.50
26/02/2024,08:15,[08:00-08:15[,S,F,F,C,C,3.35,3.35
26/02/2024,08:30,[08:15-08:30[,S,F,F,C,C,3.35,3.35
26/02/2024,08:45,[08:30-08:45[,S,F,F,C,C,3.35,3.35
26/02/2024,09:00,[08:45-09:00[,S,F,F,C,C,3.35,3.35
26/02/2024,09:15,[09:00-09:15[,S,F,F,P,C,3.20,3.20
26/02/2024,09:30,[09:15-09:30[,S,F,F,P,C,3.20,3.20
26/02/2024,09:45,[09:30-09:45[,S,F,F,P,P,3.20,3.20
26/02/2024,10:00,[09:45-10:00[,S,F,F,P,P,3.20,3.20
26/02/2024,10:15,[10:00-10:15[,S,F,F,P,P,3.20,3.20
26/02/2024,10:30,[10:15-10:30[,S,F,F,P,P,3.20,3.20
26/02/2024,10:45,[10:30-10:45[,S,F,F,C,P,3.20,3.20
26/02/2024,11:00,[10:45-11:00[,S,F,F,C,P,3.20,3.20
26/02/2024,11:15,[11:00-11:15[,S,F,F,C,P,0.43,0.43
26/02/2024,11:30,[11:15-11:30[,S,F,F,C,P,0.43,0.43
26/02/2024,11:45,[11:30-11:45[,S,F,F,C,P,0.43,0.43
26/02/2024,12:00,[11:45-12:00[,S,F,F,C,P,0.43,0.43
26/02/2024,12:15,[12:00-12:15[,S,F,F,C,C,0.43,0.43
26/02/2024,12:30,[12:15-12:30[,S,F,F,C,C,0.43,0.43
26/02/2024,12:45,[12:30-12:45[,S,F,F,C,C,0.43,0.43
26/02/2024,13:00,[12:45-13:00[,S,F,F,C,C,0.43,0.43
26/02/2024,13:15,[13:00-13:15[,S,F,F,C,C,0.01,0.01
26/02/2024,13:30,[13:15-13:30[,S,F,F,C,C,0.01,0.01
26/02/2024,13:45,[13:30-13:45[,S,F,F,C,C,0.01,0.01
26/02/2024,14:00,[13:45-14:00[,S,F,F,C,C,0.01,0.01
26/02/2024,14:15,[14:00-14:15[,S,F,F,C,C,0.00,0.00
26/02/2024,14:30,[14:15-14:30[,S,F,F,C,C,0.00,0.00
26/02/2024,14:45,[14:30-14:45[,S,F,F,C,C,0.00,0.00
26/02/2024,15:00,[14:45-15:00[,S,F,F,C,C,0.00,0.00
26/02/2024,15:15,[15:00-15:15[,S,F,F,C,C,0.20,0.20
26/02/2024,15:30,[15:15-15:30[,S,F,F,C,C,0.20,0.20
26/02/2024,15:45,[15:30-15:45[,S,F,F,C,C,0.20,0.20
26/02/2024,16:00,[15:45-16:00[,S,F,F,C,C,0.20,0.20
26/02/2024,16:15,[16:00-16:15[,S,F,F,C,C,3.20,3.20
26/02/2024,16:30,[16:15-16:30[,S,F,F,C,C,3.20,3.20
26/02/2024,16:45,[16:30-16:45[,S,F,F,C,C,3.20,3.20
26/02/2024,17:00,[16:45-17:00[,S,F,F,C,C,3.20,3.20
26/02/2024,17:15,[17:00-17:15[,S,F,F,C,C,3.21,3.21
26/02/2024,17:30,[17:15-17:30[,S,F,F,C,C,3.21,3.21
26/02/2024,17:45,[17:30-17:45[,S,F,F,C,C,3.21,3.21
26/02/2024,18:00,[17:45-18:00[,S,F,F,C,C,3.21,3.21
26/02/2024,18:15,[18:00-18:15[,S,F,F,P,C,10.00,10.00
26/02/2024,18:30,[18:15-18:30[,S,F,F,P,C,10.00,10.00
26/02/2024,18:45,[18:30-18:45[,S,F,F,P,P,10.00,10.00
26/02/2024,19:00,[18:45-19:00[,S,F,F,P,P,10.00,10.00
26/02/2024,19:15,[19:00-19:15[,S,F,F,P,P,11.75,11.75
26/02/2024,19:30,[19:15-19:30[,S,F,F,P,P,11.75,11.75
26/02/2024,19:45,[19:30-19:45[,S,F,F,P,P,11.75,11.75
26/02/2024,20:00,[19:45-20:00[,S,F,F,P,P,11.75,11.75
26/02/2024,20:15,[20:00-20:15[,S,F,F,P,P,10.00,10.00
26/02/2024,20:30,[20:15-20:30[,S,F,F,P,P,10.00,10.00
26/02/2024,20:45,[20:30-20:45[,S,F,F,C,P,10.00,10.00
26/02/2024,21:00,[20:45-21:00[,S,F,F,C,P,10.00,10.00
26/02/2024,21:15,[21:00-21:15[,S,F,F,C,C,4.70,4.70
26/02/2024,21:30,[21:15-21:30[,S,F,F,C,C,4.70,4.70
26/02/2024,21:45,[21:30-21:45[,S,F,F,C,C,4.70,4.70
26/02/2024,22:00,[21:45-22:00[,S,F,F,C,C,4.70,4.70
26/02/2024,22:15,[22:00-22:15[,S,V,F,V,C,3.30,3.30
26/02/2024,22:30,[22:15-22:30[,S,V,F,V,C,3.30,3.30
26/02/2024,22:45,[22:30-22:45[,S,V,F,V,C,3.30,3.30
26/02/2024,23:00,[22:45-23:00[,S,V,F,V,C,3.30,3.30
26/02/2024,23:15,[23:00-23:15[,S,V,F,V,C,2.58,2.58
26/02/2024,23:30,[23:15-23:30[,S,V,F,V,C,2.58,2.58
26/02/2024,23:45,[23:30-23:45[,S,V,F,V,C,2.58,2.58
26/02/2024,23:59,[23:45-00:00[,S,V,F,V,C,2.58,2.58
27/02/2024,00:15,[00:00-00:15[,S,V,V,V,V,1.00,1.00
27/02/2024,00:30,[00:15-00:30[,S,V,V,V,V,1.00,1.00
27/02/2024,00:45,[00:30-00:45[,S,V,V,V,V,1.00,1.00
27/02/2024,01:00,[00:45-01:00[,S,V,V,V,V,1.00,1.00
27/02/2024,01:15,[01:00-01:15[,S,V,V,V,V,0.00,0.00
27/02/2024,01:30,[01:15-01:30[,S,V,V,V,V,0.00,0.00
27/02/2024,01:45,[01:30-01:45[,S,V,V,V,V,0.00,0.00
27/02/2024,02:00,[01:45-02:00[,S,V,V,V,V,0.00,0.00
27/02/2024,02:15,[02:00-02:15[,S,V,V,V,V,0.00,0.00
27/02/2024,02:30,[02:15-02:30[,S,V,V,V,V,0.00,0.00
27/02/2024,02:45,[02:30-02:45[,S,V,V,V,V,0.00,0.00
27/02/2024,03:00,[02:45-03:00[,S,V,V,V,V,0.00,0.00
27/02/2024,03:15,[03:00-03:15[,S,V,V,V,V,0.00,0.00
27/02/2024,03:30,[03:15-03:30[,S,V,V,V,V,0.00,0.00
27/02/2024,03:45,[03:30-03:45[,S,V,V,V,V,0.00,0.00
27/02/2024,04:00,[03:45-04:00[,S,V,V,V,V,0.00,0.00
27/02/2024,04:15,[04:00-04:15[,S,V,V,V,V,0.00,0.00
27/02/2024,04:30,[04:15-04:30[,S,V,V,V,V,0.00,0.00
27/02/2024,04:45,[04:30-04:45[,S,V,V,V,V,0.00,0.00
27/02/2024,05:00,[04:45-05:00[,S,V,V,V,V,0.00,0.00
27/02/2024,05:15,[05:00-05:15[,S,V,V,V,V,3.20,3.20
27/02/2024,05:30,[05:15-05:30[,S,V,V,V,V,3.20,3.20
27/02/2024,05:45,[05:30-05:45[,S,V,V,V,V,3.20,3.20
27/02/2024,06:00,[05:45-06:00[,S,V,V,V,V,3.20,3.20
27/02/2024,06:15,[06:00-06:15[,S,V,V,V,V,4.38,4.38
27/02/2024,06:30,[06:15-06:30[,S,V,V,V,V,4.38,4.38
27/02/2024,06:45,[06:30-06:45[,S,V,V,V,V,4.38,4.38
27/02/2024,07:00,[06:45-07:00[,S,V,V,V,V,4.38,4.38
27/02/2024,07:15,[07:00-07:15[,S,V,F,V,C,4.80,4.80
27/02/2024,07:30,[07:15-07:30[,S,V,F,V,C,4.80,4.80
27/02/2024,07:45,[07:30-07:45[,S,V,F,V,C,4.80,4.80
27/02/2024,08:00,[07:45-08:00[,S,V,F,V,C,4.80,4.80
27/02/2024,08:15,[08:00-08:15[,S,F,F,C,C,3.20,3.20
27/02/2024,08:30,[08:15-08:30[,S,F,F,C,C,3.20,3.20
27/02/2024,08:45,[08:30-08:45[,S,F,F,C,C,3.20,3.20
27/02/2024,09:00,[08:45-09:00[,S,F,F,C,C,3.20,3.20
27/02/2024,09:15,[09:00-09:15[,S,F,F,P,C,0.43,0.43
27/02/2024,09:30,[09:15-09:30[,S,F,F,P,C,0.43,0.43
27/02/2024,09:45,[09:30-09:45[,S,F,F,P,P,0.43,0.43
27/02/2024,10:00,[09:45-10:00[,S,F,F,P,P,0.43,0.43
27/02/2024,10:15,[10:00-10:15[,S,F,F,P,P,0.00,0.00
27/02/2024,10:30,[10:15-10:30[,S,F,F,P,P,0.00,0.00
27/02/2024,10:45,[10:30-10:45[,S,F,F,C,P,0.00,0.00
27/02/2024,11:00,[10:45-11:00[,S,F,F,C,P,0.00,0.00
27/02/2024,11:15,[11:00-11:15[,S,F,F,C,P,0.00,0.00
27/02/2024,11:30,[11:15-11:30[,S,F,F,C,P,0.00,0.00
27/02/2024,11:45,[11:30-11:45[,S,F,F,C,P,0.00,0.00
27/02/2024,12:00,[11:45-12:00[,S,F,F,C,P,0.00,0.00
27/02/2024,12:15,[12:00-12:15[,S,F,F,C,C,0.00,0.00
27/02/2024,12:30,[12:15-12:30[,S,F,F,C,C,0.00,0.00
27/02/2024,12:45,[12:30-12:45[,S,F,F,C,C,0.00,0.00
27/02/2024,13:00,[12:45-13:00[,S,F,F,C,C,0.00,0.00
27/02/2024,13:15,[13:00-13:15[,S,F,F,C,C,0.00,0.00
27/02/2024,13:30,[13:15-13:30[,S,F,F,C,C,0.00,0.00
27/02/2024,13:45,[13:30-13:45[,S,F,F,C,C,0.00,0.00
27/02/2024,14:00,[13:45-14:00[,S,F,F,C,C,0.00,0.00
27/02/2024,14:15,[14:00-14:15[,S,F,F,C,C,0.00,0.00
27/02/2024,14:30,[14:15-14:30[,S,F,F,C,C,0.00,0.00
27/02/2024,14:45,[14:30-14:45[,S,F,F,C,C,0.00,0.00
27/02/2024,15:00,[14:45-15:00[,S,F,F,C,C,0.00,0.00
27/02/2024,15:15,[15:00-15:15[,S,F,F,C,C,0.43,0.43
27/02/2024,15:30,[15:15-15:30[,S,F,F,C,C,0.43,0.43
27/02/2024,15:45,[15:30-15:45[,S,F,F,C,C,0.43,0.43
27/02/2024,16:00,[15:45-16:00[,S,F,F,C,C,0.43,0.43
27/02/2024,16:15,[16:00-16:15[,S,F,F,C,C,1.80,1.80
27/02/2024,16:30,[16:15-16:30[,S,F,F,C,C,1.80,1.80
27/02/2024,16:45,[16:30-16:45[,S,F,F,C,C,1.80,1.80
27/02/2024,17:00,[16:45-17:00[,S,F,F,C,C,1.80,1.80
27/02/2024,17:15,[17:00-17:15[,S,F,F,C,C,4.51,4.51
27/02/2024,17:30,[17:15-17:30[,S,F,F,C,C,4.51,4.51
27/02/2024,17:45,[17:30-17:45[,S,F,F,C,C,4.51,4.51
27/02/2024,18:00,[17:45-18:00[,S,F,F,C,C,4.51,4.51
27/02/2024,18:15,[18:00-18:15[,S,F,F,P,C,10.00,10.00
27/02/2024,18:30,[18:15-18:30[,S,F,F,P,C,10.00,10.00
27/02/2024,18:45,[18:30-18:45[,S,F,F,P,P,10.00,10.00
27/02/2024,19:00,[18:45-19:00[,S,F,F,P,P,10.00,10.00
27/02/2024,19:15,[19:00-19:15[,S,F,F,P,P,25.00,25.00
27/02/2024,19:30,[19:15-19:30[,S,F,F,P,P,25.00,25.00
27/02/2024,19:45,[19:30-19:45[,S,F,F,P,P,25.00,25.00
27/02/2024,20:00,[19:45-20:00[,S,F,F,P,P,25.00,25.00
27/02/2024,20:15,[20:00-20:15[,S,F,F,P,P,14.00,14.00
27/02/2024,20:30,[20:15-20:30[,S,F,F,P,P,14.00,14.00
27/02/2024,20:45,[20:30-20:45[,S,F,F,C,P,14.00,14.00
27/02/2024,21:00,[20:45-21:00[,S,F,F,C,P,14.00,14.00
27/02/2024,21:15,[21:00-21:15[,S,F,F,C,C,6.56,6.56
27/02/2024,21:30,[21:15-21:30[,S,F,F,C,C,6.56,6.56
27/02/2024,21:45,[21:30-21:45[,S,F,F,C,C,6.56,6.56
27/02/2024,22:00,[21:45-22:00[,S,F,F,C,C,6.56,6.56
27/02/2024,22:15,[22:00-22:15[,S,V,F,V,C,5.83,5.83
27/02/2024,22:30,[22:15-22:30[,S,V,F,V,C,5.83,5.83
27/02/2024,22:45,[22:30-22:45[,S,V,F,V,C,5.83,5.83
27/02/2024,23:00,[22:45-23:00[,S,V,F,V,C,5.83,5.83
27/02/2024,23:15,[23:00-23:15[,S,V,F,V,C,3.20,3.20
27/02/2024,23:30,[23:15-23:30[,S,V,F,V,C,3.20,3.20
27/02/2024,23:45,[23:30-23:45[,S,V,F,V,C,3.20,3.20
27/02/2024,23:59,[23:45-00:00[,S,V,F,V,C,3.20,3.20
28/02/2024,00:15,[00:00-00:15[,S,V,V,V,V,3.20,3.20
28/02/2024,00:30,[00:15-00:30[,S,V,V,V,V,3.20,3.20
28/02/2024,00:45,[00:30-00:45[,S,V,V,V,V,3.20,3.20
28/02/2024,01:00,[00:45-01:00[,S,V,V,V,V,3.20,3.20
28/02/2024,01:15,[01:00-01:15[,S,V,V,V,V,3.20,3.20
28/02/2024,01:30,[01:15-01:30[,S,V,V,V,V,3.20,3.20
28/02/2024,01:45,[01:30-01:45[,S,V,V,V,V,3.20,3.20
28/02/2024,02:00,[01:45-02:00[,S,V,V,V,V,3.20,3.20
28/02/2024,02:15,[02:00-02:15[,S,V,V,V,V,3.20,3.20
28/02/2024,02:30,[02:15-02:30[,S,V,V,V,V,3.20,3.20
28/02/2024,02:45,[02:30-02:45[,S,V,V,V,V,3.20,3.20
28/02/2024,03:00,[02:45-03:00[,S,V,V,V,V,3.20,3.20
28/02/2024,03:15,[03:00-03:15[,S,V,V,V,V,3.20,3.20
28/02/2024,03:30,[03:15-03:30[,S,V,V,V,V,3.20,3.20
28/02/2024,03:45,[03:30-03:45[,S,V,V,V,V,3.20,3.20
28/02/2024,04:00,[03:45-04:00[,S,V,V,V,V,3.20,3.20
28/02/2024,04:15,[04:00-04:15[,S,V,V,V,V,3.20,3.20
28/02/2024,04:30,[04:15-04:30[,S,V,V,V,V,3.20,3.20
28/02/2024,04:45,[04:30-04:45[,S,V,V,V,V,3.20,3.20
28/02/2024,05:00,[04:45-05:00[,S,V,V,V,V,3.20,3.20
28/02/2024,05:15,[05:00-05:15[,S,V,V,V,V,3.20,3.20
28/02/2024,05:30,[05:15-05:30[,S,V,V,V,V,3.20,3.20
28/02/2024,05:45,[05:30-05:45[,S,V,V,V,V,3.20,3.20
28/02/2024,06:00,[05:45-06:00[,S,V,V,V,V,3.20,3.20
28/02/2024,06:15,[06:00-06:15[,S,V,V,V,V,5.68,5.68
28/02/2024,06:30,[06:15-06:30[,S,V,V,V,V,5.68,5.68
28/02/2024,06:45,[06:30-06:45[,S,V,V,V,V,5.68,5.68
28/02/2024,07:00,[06:45-07:00[,S,V,V,V,V,5.68,5.68
28/02/2024,07:15,[07:00-07:15[,S,V,F,V,C,5.90,5.90
28/02/2024,07:30,[07:15-07:30[,S,V,F,V,C,5.90,5.90
28/02/2024,07:45,[07:30-07:45[,S,V,F,V,C,5.90,5.90
28/02/2024,08:00,[07:45-08:00[,S,V,F,V,C,5.90,5.90
28/02/2024,08:15,[08:00-08:15[,S,F,F,C,C,3.20,3.20
28/02/2024,08:30,[08:15-08:30[,S,F,F,C,C,3.20,3.20
28/02/2024,08:45,[08:30-08:45[,S,F,F,C,C,3.20,3.20
28/02/2024,09:00,[08:45-09:00[,S,F,F,C,C,3.20,3.20
28/02/2024,09:15,[09:00-09:15[,S,F,F,P,C,0.43,0.43
28/02/2024,09:30,[09:15-09:30[,S,F,F,P,C,0.43,0.43
28/02/2024,09:45,[09:30-09:45[,S,F,F,P,P,0.43,0.43
28/02/2024,10:00,[09:45-10:00[,S,F,F,P,P,0.43,0.43
28/02/2024,10:15,[10:00-10:15[,S,F,F,P,P,0.00,0.00
28/02/2024,10:30,[10:15-10:30[,S,F,F,P,P,0.00,0.00
28/02/2024,10:45,[10:30-10:45[,S,F,F,C,P,0.00,0.00
28/02/2024,11:00,[10:45-11:00[,S,F,F,C,P,0.00,0.00
28/02/2024,11:15,[11:00-11:15[,S,F,F,C,P,0.00,0.00
28/02/2024,11:30,[11:15-11:30[,S,F,F,C,P,0.00,0.00
28/02/2024,11:45,[11:30-11:45[,S,F,F,C,P,0.00,0.00
28/02/2024,12:00,[11:45-12:00[,S,F,F,C,P,0.00,0.00
28/02/2024,12:15,[12:00-12:15[,S,F,F,C,C,0.00,0.00
28/02/2024,12:30,[12:15-12:30[,S,F,F,C,C,0.00,0.00
28/02/2024,12:45,[12:30-12:45[,S,F,F,C,C,0.00,0.00
28/02/2024,13:00,[12:45-13:00[,S,F,F,C,C,0.00,0.00
28/02/2024,13:15,[13:00-13:15[,S,F,F,C,C,0.00,0.00
28/02/2024,13:30,[13:15-13:30[,S,F,F,C,C,0.00,0.00
28/02/2024,13:45,[13:30-13:45[,S,F,F,C,C,0.00,0.00
28/02/2024,14:00,[13:45-14:00[,S,F,F,C,C,0.00,0.00
28/02/2024,14:15,[14:00-14:15[,S,F,F,C,C,0.00,0.00
28/02/2024,14:30,[14:15-14:30[,S,F,F,C,C,0.00,0.00
28/02/2024,14:45,[14:30-14:45[,S,F,F,C,C,0.00,0.00
28/02/2024,15:00,[14:45-15:00[,S,F,F,C,C,0.00,0.00
28/02/2024,15:15,[15:00-15:15[,S,F,F,C,C,0.00,0.00
28/02/2024,15:30,[15:15-15:30[,S,F,F,C,C,0.00,0.00
28/02/2024,15:45,[15:30-15:45[,S,F,F,C,C,0.00,0.00
28/02/2024,16:00,[15:45-16:00[,S,F,F,C,C,0.00,0.00
28/02/2024,16:15,[16:00-16:15[,S,F,F,C,C,3.20,3.20
28/02/2024,16:30,[16:15-16:30[,S,F,F,C,C,3.20,3.20
28/02/2024,16:45,[16:30-16:45[,S,F,F,C,C,3.20,3.20
28/02/2024,17:00,[16:45-17:00[,S,F,F,C,C,3.20,3.20
28/02/2024,17:15,[17:00-17:15[,S,F,F,C,C,10.54,10.54
28/02/2024,17:30,[17:15-17:30[,S,F,F,C,C,10.54,10.54
28/02/2024,17:45,[17:30-17:45[,S,F,F,C,C,10.54,10.54
28/02/2024,18:00,[17:45-18:00[,S,F,F,C,C,10.54,10.54
28/02/2024,18:15,[18:00-18:15[,S,F,F,P,C,25.00,25.00
28/02/2024,18:30,[18:15-18:30[,S,F,F,P,C,25.00,25.00
28/02/2024,18:45,[18:30-18:45[,S,F,F,P,P,25.00,25.00
28/02/2024,19:00,[18:45-19:00[,S,F,F,P,P,25.00,25.00
28/02/2024,19:15,[19:00-19:15[,S,F,F,P,P,66.96,66.96
28/02/2024,19:30,[19:15-19:30[,S,F,F,P,P,66.96,66.96
28/02/2024,19:45,[19:30-19:45[,S,F,F,P,P,66.96,66.96
28/02/2024,20:00,[19:45-20:00[,S,F,F,P,P,66.96,66.96
28/02/2024,20:15,[20:00-20:15[,S,F,F,P,P,50.00,50.00
28/02/2024,20:30,[20:15-20:30[,S,F,F,P,P,50.00,50.00
28/02/2024,20:45,[20:30-20:45[,S,F,F,C,P,50.00,50.00
28/02/2024,21:00,[20:45-21:00[,S,F,F,C,P,50.00,50.00
28/02/2024,21:15,[21:00-21:15[,S,F,F,C,C,19.71,19.71
28/02/2024,21:30,[21:15-21:30[,S,F,F,C,C,19.71,19.71
28/02/2024,21:45,[21:30-21:45[,S,F,F,C,C,19.71,19.71
28/02/2024,22:00,[21:45-22:00[,S,F,F,C,C,19.71,19.71
28/02/2024,22:15,[22:00-22:15[,S,V,F,V,C,11.29,11.29
28/02/2024,22:30,[22:15-22:30[,S,V,F,V,C,11.29,11.29
28/02/2024,22:45,[22:30-22:45[,S,V,F,V,C,11.29,11.29
28/02/2024,23:00,[22:45-23:00[,S,V,F,V,C,11.29,11.29
28/02/2024,23:15,[23:00-23:15[,S,V,F,V,C,14.67,14.67
28/02/2024,23:30,[23:15-23:30[,S,V,F,V,C,14.67,14.67
28/02/2024,23:45,[23:30-23:45[,S,V,F,V,C,14.67,14.67
28/02/2024,23:59,[23:45-00:00[,S,V,F,V,C,14.67,14.67
29/02/2024,00:15,[00:00-00:15[,S,V,V,V,V,10.00,10.00
29/02/2024,00:30,[00:15-00:30[,S,V,V,V,V,10.00,10.00
29/02/2024,00:45,[00:30-00:45[,S,V,V,V,V,10.00,10.00
29/02/2024,01:00,[00:45-01:00[,S,V,V,V,V,10.00,10.00
29/02/2024,01:15,[01:00-01:15[,S,V,V,V,V,6.48,6.48
29/02/2024,01:30,[01:15-01:30[,S,V,V,V,V,6.48,6.48
29/02/2024,01:45,[01:30-01:45[,S,V,V,V,V,6.48,6.48
29/02/2024,02:00,[01:45-02:00[,S,V,V,V,V,6.48,6.48
29/02/2024,02:15,[02:00-02:15[,S,V,V,V,V,6.00,6.00
29/02/2024,02:30,[02:15-02:30[,S,V,V,V,V,6.00,6.00
29/02/2024,02:45,[02:30-02:45[,S,V,V,V,V,6.00,6.00
29/02/2024,03:00,[02:45-03:00[,S,V,V,V,V,6.00,6.00
29/02/2024,03:15,[03:00-03:15[,S,V,V,V,V,5.68,5.68
29/02/2024,03:30,[03:15-03:30[,S,V,V,V,V,5.68,5.68
29/02/2024,03:45,[03:30-03:45[,S,V,V,V,V,5.68,5.68
29/02/2024,04:00,[03:45-04:00[,S,V,V,V,V,5.68,5.68
29/02/2024,04:15,[04:00-04:15[,S,V,V,V,V,5.83,5.83
29/02/2024,04:30,[04:15-04:30[,S,V,V,V,V,5.83,5.83
29/02/2024,04:45,[04:30-04:45[,S,V,V,V,V,5.83,5.83
29/02/2024,05:00,[04:45-05:00[,S,V,V,V,V,5.83,5.83
29/02/2024,05:15,[05:00-05:15[,S,V,V,V,V,5.60,5.60
29/02/2024,05:30,[05:15-05:30[,S,V,V,V,V,5.60,5.60
29/02/2024,05:45,[05:30-05:45[,S,V,V,V,V,5.60,5.60
29/02/2024,06:00,[05:45-06:00[,S,V,V,V,V,5.60,5.60
29/02/2024,06:15,[06:00-06:15[,S,V,V,V,V,10.67,10.67
29/02/2024,06:30,[06:15-06:30[,S,V,V,V,V,10.67,10.67
29/02/2024,06:45,[06:30-06:45[,S,V,V,V,V,10.67,10.67
29/02/2024,07:00,[06:45-07:00[,S,V,V,V,V,10.67,10.67
29/02/2024,07:15,[07:00-07:15[,S,V,F,V,C,10.00,10.00
29/02/2024,07:30,[07:15-07:30[,S,V,F,V,C,10.00,10.00
29/02/2024,07:45,[07:30-07:45[,S,V,F,V,C,10.00,10.00
29/02/2024,08:00,[07:45-08:00[,S,V,F,V,C,10.00,10.00
29/02/2024,08:15,[08:00-08:15[,S,F,F,C,C,5.90,5.90
29/02/2024,08:30,[08:15-08:30[,S,F,F,C,C,5.90,5.90
29/02/2024,08:45,[08:30-08:45[,S,F,F,C,C,5.90,5.90
29/02/2024,09:00,[08:45-09:00[,S,F,F,C,C,5.90,5.90
29/02/2024,09:15,[09:00-09:15[,S,F,F,P,C,3.20,3.20
29/02/2024,09:30,[09:15-09:30[,S,F,F,P,C,3.20,3.20
29/02/2024,09:45,[09:30-09:45[,S,F,F,P,P,3.20,3.20
29/02/2024,10:00,[09:45-10:00[,S,F,F,P,P,3.20,3.20
29/02/2024,10:15,[10:00-10:15[,S,F,F,P,P,0.10,0.10
29/02/2024,10:30,[10:15-10:30[,S,F,F,P,P,0.10,0.10
29/02/2024,10:45,[10:30-10:45[,S,F,F,C,P,0.10,0.10
29/02/2024,11:00,[10:45-11:00[,S,F,F,C,P,0.10,0.10
29/02/2024,11:15,[11:00-11:15[,S,F,F,C,P,0.00,0.00
29/02/2024,11:30,[11:15-11:30[,S,F,F,C,P,0.00,0.00
29/02/2024,11:45,[11:30-11:45[,S,F,F,C,P,0.00,0.00
29/02/2024,12:00,[11:45-12:00[,S,F,F,C,P,0.00,0.00
29/02/2024,12:15,[12:00-12:15[,S,F,F,C,C,0.00,0.00
29/02/2024,12:30,[12:15-12:30[,S,F,F,C,C,0.00,0.00
29/02/2024,12:45,[12:30-12:45[,S,F,F,C,C,0.00,0.00
29/02/2024,13:00,[12:45-13:00[,S,F,F,C,C,0.00,0.00
29/02/2024,13:15,[13:00-13:15[,S,F,F,C,C,0.00,0.00
29/02/2024,13:30,[13:15-13:30[,S,F,F,C,C,0.00,0.00
29/02/2024,13:45,[13:30-13:45[,S,F,F,C,C,0.00,0.00
29/02/2024,14:00,[13:45-14:00[,S,F,F,C,C,0.00,0.00
29/02/2024,14:15,[14:00-14:15[,S,F,F,C,C,0.00,0.00
29/02/2024,14:30,[14:15-14:30[,S,F,F,C,C,0.00,0.00
29/02/2024,14:45,[14:30-14:45[,S,F,F,C,C,0.00,0.00
29/02/2024,15:00,[14:45-15:00[,S,F,F,C,C,0.00,0.00
29/02/2024,15:15,[15:00-15:15[,S,F,F,C,C,0.00,0.00
29/02/2024,15:30,[15:15-15:30[,S,F,F,C,C,0.00,0.00
29/02/2024,15:45,[15:30-15:45[,S,F,F,C,C,0.00,0.00
29/02/2024,16:00,[15:45-16:00[,S,F,F,C,C,0.00,0.00
29/02/2024,16:15,[16:00-16:15[,S,F,F,C,C,0.01,0.01
29/02/2024,16:30,[16:15-16:30[,S,F,F,C,C,0.01,0.01
29/02/2024,16:45,[16:30-16:45[,S,F,F,C,C,0.01,0.01
29/02/2024,17:00,[16:45-17:00[,S,F,F,C,C,0.01,0.01
29/02/2024,17:15,[17:00-17:15[,S,F,F,C,C,3.28,3.28
29/02/2024,17:30,[17:15-17:30[,S,F,F,C,C,3.28,3.28
29/02/2024,17:45,[17:30-17:45[,S,F,F,C,C,3.28,3.28
29/02/2024,18:00,[17:45-18:00[,S,F,F,C,C,3.28,3.28
29/02/2024,18:15,[18:00-18:15[,S,F,F,P,C,5.00,5.00
29/02/2024,18:30,[18:15-18:30[,S,F,F,P,C,5.00,5.00
29/02/2024,18:45,[18:30-18:45[,S,F,F,P,P,5.00,5.00
29/02/2024,19:00,[18:45-19:00[,S,F,F,P,P,5.00,5.00
29/02/2024,19:15,[19:00-19:15[,S,F,F,P,P,7.97,7.97
29/02/2024,19:30,[19:15-19:30[,S,F,F,P,P,7.97,7.97
29/02/2024,19:45,[19:30-19:45[,S,F,F,P,P,7.97,7.97
29/02/2024,20:00,[19:45-20:00[,S,F,F,P,P,7.97,7.97
29/02/2024,20:15,[20:00-20:15[,S,F,F,P,P,6.33,6.33
29/02/2024,20:30,[20:15-20:30[,S,F,F,P,P,6.33,6.33
29/02/2024,20:45,[20:30-20:45[,S,F,F,C,P,6.33,6.33
29/02/2024,21:00,[20:45-21:00[,S,F,F,C,P,6.33,6.33
29/02/2024,21:15,[21:00-21:15[,S,F,F,C,C,5.00,5.00
29/02/2024,21:30,[21:15-21:30[,S,F,F,C,C,5.00,5.00
29/02/2024,21:45,[21:30-21:45[,S,F,F,C,C,5.00,5.00
29/02/2024,22:00,[21:45-22:00[,S,F,F,C,C,5.00,5.00
29/02/2024,22:15,[22:00-22:15[,S,V,F,V,C,3.40,3.40
29/02/2024,22:30,[22:15-22:30[,S,V,F,V,C,3.40,3.40
29/02/2024,22:45,[22:30-22:45[,S,V,F,V,C,3.40,3.40
29/02/2024,23:00,[22:45-23:00[,S,V,F,V,C,3.40,3.40
29/02/2024,23:15,[23:00-23:15[,S,V,F,V,C,2.17,2.17
29/02/2024,23:30,[23:15-23:30[,S,V,F,V,C,2.17,2.17
29/02/2024,23:45,[23:30-23:45[,S,V,F,V,C,2.17,2.17
29/02/2024,23:59,[23:45-00:00[,S,V,F,V,C,2.17,2.17
01/03/2024,00:15,[00:00-00:15[,S,V,V,V,V,0.50,0.50
01/03/2024,00:30,[00:15-00:30[,S,V,V,V,V,0.50,0.50
01/03/2024,00:45,[00:30-00:45[,S,V,V,V,V,0.50,0.50
01/03/2024,01:00,[00:45-01:00[,S,V,V,V,V,0.50,0.50
01/03/2024,01:15,[01:00-01:15[,S,V,V,V,V,0.20,0.20
01/03/2024,01:30,[01:15-01:30[,S,V,V,V,V,0.20,0.20
01/03/2024,01:45,[01:30-01:45[,S,V,V,V,V,0.20,0.20
01/03/2024,02:00,[01:45-02:00[,S,V,V,V,V,0.20,0.20
01/03/2024,02:15,[02:00-02:15[,S,V,V,V,V,0.10,0.10
01/03/2024,02:30,[02:15-02:30[,S,V,V,V,V,0.10,0.10
01/03/2024,02:45,[02:30-02:45[,S,V,V,V,V,0.10,0.10
01/03/2024,03:00,[02:45-03:00[,S,V,V,V,V,0.10,0.10
01/03/2024,03:15,[03:00-03:15[,S,V,V,V,V,0.01,0.01
01/03/2024,03:30,[03:15-03:30[,S,V,V,V,V,0.01,0.01
01/03/2024,03:45,[03:30-03:45[,S,V,V,V,V,0.01,0.01
01/03/2024,04:00,[03:45-04:00[,S,V,V,V,V,0.01,0.01
01/03/2024,04:15,[04:00-04:15[,S,V,V,V,V,0.50,0.50
01/03/2024,04:30,[04:15-04:30[,S,V,V,V,V,0.50,0.50
01/03/2024,04:45,[04:30-04:45[,S,V,V,V,V,0.50,0.50
01/03/2024,05:00,[04:45-05:00[,S,V,V,V,V,0.50,0.50
01/03/2024,05:15,[05:00-05:15[,S,V,V,V,V,3.00,3.00
01/03/2024,05:30,[05:15-05:30[,S,V,V,V,V,3.00,3.00
01/03/2024,05:45,[05:30-05:45[,S,V,V,V,V,3.00,3.00
01/03/2024,06:00,[05:45-06:00[,S,V,V,V,V,3.00,3.00
01/03/2024,06:15,[06:00-06:15[,S,V,V,V,V,3.25,3.25
01/03/2024,06:30,[06:15-06:30[,S,V,V,V,V,3.25,3.25
01/03/2024,06:45,[06:30-06:45[,S,V,V,V,V,3.25,3.25
01/03/2024,07:00,[06:45-07:00[,S,V,V,V,V,3.25,3.25
01/03/2024,07:15,[07:00-07:15[,S,V,F,V,C,3.25,3.25
01/03/2024,07:30,[07:15-07:30[,S,V,F,V,C,3.25,3.25
01/03/2024,07:45,[07:30-07:45[,S,V,F,V,C,3.25,3.25
01/03/2024,08:00,[07:45-08:00[,S,V,F,V,C,3.25,3.25
01/03/2024,08:15,[08:00-08:15[,S,F,F,C,C,3.20,3.20
01/03/2024,08:30,[08:15-08:30[,S,F,F,C,C,3.20,3.20
01/03/2024,08:45,[08:30-08:45[,S,F,F,C,C,3.20,3.20
01/03/2024,09:00,[08:45-09:00[,S,F,F,C,C,3.20,3.20
01/03/2024,09:15,[09:00-09:15[,S,F,F,P,C,0.00,0.00
01/03/2024,09:30,[09:15-09:30[,S,F,F,P,C,0.00,0.00
01/03/2024,09:45,[09:30-09:45[,S,F,F,P,P,0.00,0.00
01/03/2024,10:00,[09:45-10:00[,S,F,F,P,P,0.00,0.00
01/03/2024,10:15,[10:00-10:15[,S,F,F,P,P,0.00,0.00
01/03/2024,10:30,[10:15-10:30[,S,F,F,P,P,0.00,0.00
01/03/2024,10:45,[10:30-10:45[,S,F,F,C,P,0.00,0.00
01/03/2024,11:00,[10:45-11:00[,S,F,F,C,P,0.00,0.00
01/03/2024,11:15,[11:00-11:15[,S,F,F,C,P,0.00,0.00
01/03/2024,11:30,[11:15-11:30[,S,F,F,C,P,0.00,0.00
01/03/2024,11:45,[11:30-11:45[,S,F,F,C,P,0.00,0.00
01/03/2024,12:00,[11:45-12:00[,S,F,F,C,P,0.00,0.00
01/03/2024,12:15,[12:00-12:15[,S,F,F,C,C,0.00,0.00
01/03/2024,12:30,[12:15-12:30[,S,F,F,C,C,0.00,0.00
01/03/2024,12:45,[12:30-12:45[,S,F,F,C,C,0.00,0.00
01/03/2024,13:00,[12:45-13:00[,S,F,F,C,C,0.00,0.00
01/03/2024,13:15,[13:00-13:15[,S,F,F,C,C,0.00,0.00
01/03/2024,13:30,[13:15-13:30[,S,F,F,C,C,0.00,0.00
01/03/2024,13:45,[13:30-13:45[,S,F,F,C,C,0.00,0.00
01/03/2024,14:00,[13:45-14:00[,S,F,F,C,C,0.00,0.00
01/03/2024,14:15,[14:00-14:15[,S,F,F,C,C,0.00,0.00
01/03/2024,14:30,[14:15-14:30[,S,F,F,C,C,0.00,0.00
01/03/2024,14:45,[14:30-14:45[,S,F,F,C,C,0.00,0.00
01/03/2024,15:00,[14:45-15:00[,S,F,F,C,C,0.00,0.00
01/03/2024,15:15,[15:00-15:15[,S,F,F,C,C,0.00,0.00
01/03/2024,15:30,[15:15-15:30[,S,F,F,C,C,0.00,0.00
01/03/2024,15:45,[15:30-15:45[,S,F,F,C,C,0.00,0.00
01/03/2024,16:00,[15:45-16:00[,S,F,F,C,C,0.00,0.00
01/03/2024,16:15,[16:00-16:15[,S,F,F,C,C,0.84,0.84
01/03/2024,16:30,[16:15-16:30[,S,F,F,C,C,0.84,0.84
01/03/2024,16:45,[16:30-16:45[,S,F,F,C,C,0.84,0.84
01/03/2024,17:00,[16:45-17:00[,S,F,F,C,C,0.84,0.84
01/03/2024,17:15,[17:00-17:15[,S,F,F,C,C,3.25,3.25
01/03/2024,17:30,[17:15-17:30[,S,F,F,C,C,3.25,3.25
01/03/2024,17:45,[17:30-17:45[,S,F,F,C,C,3.25,3.25
01/03/2024,18:00,[17:45-18:00[,S,F,F,C,C,3.25,3.25
01/03/2024,18:15,[18:00-18:15[,S,F,F,P,C,5.68,5.68
01/03/2024,18:30,[18:15-18:30[,S,F,F,P,C,5.68,5.68
01/03/2024,18:45,[18:30-18:45[,S,F,F,P,P,5.68,5.68
01/03/2024,19:00,[18:45-19:00[,S,F,F,P,P,5.68,5.68
01/03/2024,19:15,[19:00-19:15[,S,F,F,P,P,10.10,10.10
01/03/2024,19:30,[19:15-19:30[,S,F,F,P,P,10.10,10.10
01/03/2024,19:45,[19:30-19:45[,S,F,F,P,P,10.10,10.10
01/03/2024,20:00,[19:45-20:00[,S,F,F,P,P,10.10,10.10
01/03/2024,20:15,[20:00-20:15[,S,F,F,P,P,6.48,6.48
01/03/2024,20:30,[20:15-20:30[,S,F,F,P,P,6.48,6.48
01/03/2024,20:45,[20:30-20:45[,S,F,F,C,P,6.48,6.48
01/03/2024,21:00,[20:45-21:00[,S,F,F,C,P,6.48,6.48
01/03/2024,21:15,[21:00-21:15[,S,F,F,C,C,5.00,5.00
01/03/2024,21:30,[21:15-21:30[,S,F,F,C,C,5.00,5.00
01/03/2024,21:45,[21:30-21:45[,S,F,F,C,C,5.00,5.00
01/03/2024,22:00,[21:45-22:00[,S,F,F,C,C,5.00,5.00
01/03/2024,22:15,[22:00-22:15[,S,V,F,V,C,3.80,3.80
01/03/2024,22:30,[22:15-22:30[,S,V,F,V,C,3.80,3.80
01/03/2024,22:45,[22:30-22:45[,S,V,F,V,C,3.80,3.80
01/03/2024,23:00,[22:45-23:00[,S,V,F,V,C,3.80,3.80
01/03/2024,23:15,[23:00-23:15[,S,V,F,V,C,3.20,3.20
01/03/2024,23:30,[23:15-23:30[,S,V,F,V,C,3.20,3.20
01/03/2024,23:45,[23:30-23:45[,S,V,F,V,C,3.20,3.20
01/03/2024,23:59,[23:45-00:00[,S,V,F,V,C,3.20,3.20
02/03/2024,00:15,[00:00-00:15[,S,V,V,V,V,2.00,2.00
02/03/2024,00:30,[00:15-00:30[,S,V,V,V,V,2.00,2.00
02/03/2024,00:45,[00:30-00:45[,S,V,V,V,V,2.00,2.00
02/03/2024,01:00,[00:45-01:00[,S,V,V,V,V,2.00,2.00
02/03/2024,01:15,[01:00-01:15[,S,V,V,V,V,0.50,0.50
02/03/2024,01:30,[01:15-01:30[,S,V,V,V,V,0.50,0.50
02/03/2024,01:45,[01:30-01:45[,S,V,V,V,V,0.50,0.50
02/03/2024,02:00,[01:45-02:00[,S,V,V,V,V,0.50,0.50
02/03/2024,02:15,[02:00-02:15[,S,V,V,V,V,0.01,0.01
02/03/2024,02:30,[02:15-02:30[,S,V,V,V,V,0.01,0.01
02/03/2024,02:45,[02:30-02:45[,S,V,V,V,V,0.01,0.01
02/03/2024,03:00,[02:45-03:00[,S,V,V,V,V,0.01,0.01
02/03/2024,03:15,[03:00-03:15[,S,V,V,V,V,0.01,0.01
02/03/2024,03:30,[03:15-03:30[,S,V,V,V,V,0.01,0.01
02/03/2024,03:45,[03:30-03:45[,S,V,V,V,V,0.01,0.01
02/03/2024,04:00,[03:45-04:00[,S,V,V,V,V,0.01,0.01
02/03/2024,04:15,[04:00-04:15[,S,V,V,V,V,0.00,0.00
02/03/2024,04:30,[04:15-04:30[,S,V,V,V,V,0.00,0.00
02/03/2024,04:45,[04:30-04:45[,S,V,V,V,V,0.00,0.00
02/03/2024,05:00,[04:45-05:00[,S,V,V,V,V,0.00,0.00
02/03/2024,05:15,[05:00-05:15[,S,V,V,V,V,0.10,0.10
02/03/2024,05:30,[05:15-05:30[,S,V,V,V,V,0.10,0.10
02/03/2024,05:45,[05:30-05:45[,S,V,V,V,V,0.10,0.10
02/03/2024,06:00,[05:45-06:00[,S,V,V,V,V,0.10,0.10
02/03/2024,06:15,[06:00-06:15[,S,V,V,V,V,2.10,2.10
02/03/2024,06:30,[06:15-06:30[,S,V,V,V,V,2.10,2.10
02/03/2024,06:45,[06:30-06:45[,S,V,V,V,V,2.10,2.10
02/03/2024,07:00,[06:45-07:00[,S,V,V,V,V,2.10,2.10
02/03/2024,07:15,[07:00-07:15[,S,V,V,V,V,2.17,2.17
02/03/2024,07:30,[07:15-07:30[,S,V,V,V,V,2.17,2.17
02/03/2024,07:45,[07:30-07:45[,S,V,V,V,V,2.17,2.17
02/03/2024,08:00,[07:45-08:00[,S,V,V,V,V,2.17,2.17
02/03/2024,08:15,[08:00-08:15[,S,F,V,C,V,2.05,2.05
02/03/2024,08:30,[08:15-08:30[,S,F,V,C,V,2.05,2.05
02/03/2024,08:45,[08:30-08:45[,S,F,V,C,V,2.05,2.05
02/03/2024,09:00,[08:45-09:00[,S,F,V,C,V,2.05,2.05
02/03/2024,09:15,[09:00-09:15[,S,F,V,P,V,1.68,1.68
02/03/2024,09:30,[09:15-09:30[,S,F,V,P,V,1.68,1.68
02/03/2024,09:45,[09:30-09:45[,S,F,F,P,C,1.68,1.68
02/03/2024,10:00,[09:45-10:00[,S,F,F,P,C,1.68,1.68
02/03/2024,10:15,[10:00-10:15[,S,F,F,P,C,0.01,0.01
02/03/2024,10:30,[10:15-10:30[,S,F,F,P,C,0.01,0.01
02/03/2024,10:45,[10:30-10:45[,S,F,F,C,C,0.01,0.01
02/03/2024,11:00,[10:45-11:00[,S,F,F,C,C,0.01,0.01
02/03/2024,11:15,[11:00-11:15[,S,F,F,C,C,0.00,0.00
02/03/2024,11:30,[11:15-11:30[,S,F,F,C,C,0.00,0.00
02/03/2024,11:45,[11:30-11:45[,S,F,F,C,C,0.00,0.00
02/03/2024,12:00,[11:45-12:00[,S,F,F,C,C,0.00,0.00
02/03/2024,12:15,[12:00-12:15[,S,F,F,C,C,0.01,0.01
02/03/2024,12:30,[12:15-12:30[,S,F,F,C,C,0.01,0.01
02/03/2024,12:45,[12:30-12:45[,S,F,F,C,C,0.01,0.01
02/03/2024,13:00,[12:45-13:00[,S,F,F,C,C,0.01,0.01
02/03/2024,13:15,[13:00-13:15[,S,F,V,C,V,0.01,0.01
02/03/2024,13:30,[13:15-13:30[,S,F,V,C,V,0.01,0.01
02/03/2024,13:45,[13:30-13:45[,S,F,V,C,V,0.01,0.01
02/03/2024,14:00,[13:45-14:00[,S,F,V,C,V,0.01,0.01
02/03/2024,14:15,[14:00-14:15[,S,F,V,C,V,0.01,0.01
02/03/2024,14:30,[14:15-14:30[,S,F,V,C,V,0.01,0.01
02/03/2024,14:45,[14:30-14:45[,S,F,V,C,V,0.01,0.01
02/03/2024,15:00,[14:45-15:00[,S,F,V,C,V,0.01,0.01
02/03/2024,15:15,[15:00-15:15[,S,F,V,C,V,1.02,1.02
02/03/2024,15:30,[15:15-15:30[,S,F,V,C,V,1.02,1.02
02/03/2024,15:45,[15:30-15:45[,S,F,V,C,V,1.02,1.02
02/03/2024,16:00,[15:45-16:00[,S,F,V,C,V,1.02,1.02
02/03/2024,16:15,[16:00-16:15[,S,F,V,C,V,2.10,2.10
02/03/2024,16:30,[16:15-16:30[,S,F,V,C,V,2.10,2.10
02/03/2024,16:45,[16:30-16:45[,S,F,V,C,V,2.10,2.10
02/03/2024,17:00,[16:45-17:00[,S,F,V,C,V,2.10,2.10
02/03/2024,17:15,[17:00-17:15[,S,F,V,C,V,3.20,3.20
02/03/2024,17:30,[17:15-17:30[,S,F,V,C,V,3.20,3.20
02/03/2024,17:45,[17:30-17:45[,S,F,V,C,V,3.20,3.20
02/03/2024,18:00,[17:45-18:00[,S,F,V,C,V,3.20,3.20
02/03/2024,18:15,[18:00-18:15[,S,F,V,P,V,8.12,8.12
02/03/2024,18:30,[18:15-18:30[,S,F,V,P,V,8.12,8.12
02/03/2024,18:45,[18:30-18:45[,S,F,F,P,C,8.12,8.12
02/03/2024,19:00,[18:45-19:00[,S,F,F,P,C,8.12,8.12
02/03/2024,19:15,[19:00-19:15[,S,F,F,P,C,30.37,31.25
02/03/2024,19:30,[19:15-19:30[,S,F,F,P,C,30.37,31.25
02/03/2024,19:45,[19:30-19:45[,S,F,F,P,C,30.37,31.25
02/03/2024,20:00,[19:45-20:00[,S,F,F,P,C,30.37,31.25
02/03/2024,20:15,[20:00-20:15[,S,F,F,P,C,30.60,30.60
02/03/2024,20:30,[20:15-20:30[,S,F,F,P,C,30.60,30.60
02/03/2024,20:45,[20:30-20:45[,S,F,F,C,C,30.60,30.60
02/03/2024,21:00,[20:45-21:00[,S,F,F,C,C,30.60,30.60
02/03/2024,21:15,[21:00-21:15[,S,F,F,C,C,5.60,5.60
02/03/2024,21:30,[21:15-21:30[,S,F,F,C,C,5.60,5.60
02/03/2024,21:45,[21:30-21:45[,S,F,F,C,C,5.60,5.60
02/03/2024,22:00,[21:45-22:00[,S,F,F,C,C,5.60,5.60
02/03/2024,22:15,[22:00-22:15[,S,V,V,V,V,4.20,4.20
02/03/2024,22:30,[22:15-22:30[,S,V,V,V,V,4.20,4.20
02/03/2024,22:45,[22:30-22:45[,S,V,V,V,V,4.20,4.20
02/03/2024,23:00,[22:45-23:00[,S,V,V,V,V,4.20,4.20
02/03/2024,23:15,[23:00-23:15[,S,V,V,V,V,1.80,1.80
02/03/2024,23:30,[23:15-23:30[,S,V,V,V,V,1.80,1.80
02/03/2024,23:45,[23:30-23:45[,S,V,V,V,V,1.80,1.80
02/03/2024,23:59,[23:45-00:00[,S,V,V,V,V,1.80,1.80
03/03/2024,00:15,[00:00-00:15[,S,V,V,V,V,0.10,0.10
03/03/2024,00:30,[00:15-00:30[,S,V,V,V,V,0.10,0.10
03/03/2024,00:45,[00:30-00:45[,S,V,V,V,V,0.10,0.10
03/03/2024,01:00,[00:45-01:00[,S,V,V,V,V,0.10,0.10
03/03/2024,01:15,[01:00-01:15[,S,V,V,V,V,0.00,0.00
03/03/2024,01:30,[01:15-01:30[,S,V,V,V,V,0.00,0.00
03/03/2024,01:45,[01:30-01:45[,S,V,V,V,V,0.00,0.00
03/03/2024,02:00,[01:45-02:00[,S,V,V,V,V,0.00,0.00
03/03/2024,02:15,[02:00-02:15[,S,V,V,V,V,0.00,0.00
03/03/2024,02:30,[02:15-02:30[,S,V,V,V,V,0.00,0.00
03/03/2024,02:45,[02:30-02:45[,S,V,V,V,V,0.00,0.00
03/03/2024,03:00,[02:45-03:00[,S,V,V,V,V,0.00,0.00
03/03/2024,03:15,[03:00-03:15[,S,V,V,V,V,0.00,0.00
03/03/2024,03:30,[03:15-03:30[,S,V,V,V,V,0.00,0.00
03/03/2024,03:45,[03:30-03:45[,S,V,V,V,V,0.00,0.00
03/03/2024,04:00,[03:45-04:00[,S,V,V,V,V,0.00,0.00
03/03/2024,04:15,[04:00-04:15[,S,V,V,V,V,0.00,0.00
03/03/2024,04:30,[04:15-04:30[,S,V,V,V,V,0.00,0.00
03/03/2024,04:45,[04:30-04:45[,S,V,V,V,V,0.00,0.00
03/03/2024,05:00,[04:45-05:00[,S,V,V,V,V,0.00,0.00
03/03/2024,05:15,[05:00-05:15[,S,V,V,V,V,0.01,0.01
03/03/2024,05:30,[05:15-05:30[,S,V,V,V,V,0.01,0.01
03/03/2024,05:45,[05:30-05:45[,S,V,V,V,V,0.01,0.01
03/03/2024,06:00,[05:45-06:00[,S,V,V,V,V,0.01,0.01
03/03/2024,06:15,[06:00-06:15[,S,V,V,V,V,0.19,0.19
03/03/2024,06:30,[06:15-06:30[,S,V,V,V,V,0.19,0.19
03/03/2024,06:45,[06:30-06:45[,S,V,V,V,V,0.19,0.19
03/03/2024,07:00,[06:45-07:00[,S,V,V,V,V,0.19,0.19
03/03/2024,07:15,[07:00-07:15[,S,V,V,V,V,0.00,0.00
03/03/2024,07:30,[07:15-07:30[,S,V,V,V,V,0.00,0.00
03/03/2024,07:45,[07:30-07:45[,S,V,V,V,V,0.00,0.00
03/03/2024,08:00,[07:45-08:00[,S,V,V,V,V,0.00,0.00
03/03/2024,08:15,[08:00-08:15[,S,F,V,C,V,0.00,0.00
03/03/2024,08:30,[08:15-08:30[,S,F,V,C,V,0.00,0.00
03/03/2024,08:45,[08:30-08:45[,S,F,V,C,V,0.00,0.00
03/03/2024,09:00,[08:45-09:00[,S,F,V,C,V,0.00,0.00
03/03/2024,09:15,[09:00-09:15[,S,F,V,P,V,0.00,0.00
03/03/2024,09:30,[09:15-09:30[,S,F,V,P,V,0.00,0.00
03/03/2024,09:45,[09:30-09:45[,S,F,V,P,V,0.00,0.00
03/03/2024,10:00,[09:45-10:00[,S,F,V,P,V,0.00,0.00
03/03/2024,10:15,[10:00-10:15[,S,F,V,P,V,0.00,0.00
03/03/2024,10:30,[10:15-10:30[,S,F,V,P,V,0.00,0.00
03/03/2024,10:45,[10:30-10:45[,S,F,V,C,V,0.00,0.00
03/03/2024,11:00,[10:45-11:00[,S,F,V,C,V,0.00,0.00
03/03/2024,11:15,[11:00-11:15[,S,F,V,C,V,0.00,0.00
03/03/2024,11:30,[11:15-11:30[,S,F,V,C,V,0.00,0.00
03/03/2024,11:45,[11:30-11:45[,S,F,V,C,V,0.00,0.00
03/03/2024,12:00,[11:45-12:00[,S,F,V,C,V,0.00,0.00
03/03/2024,12:15,[12:00-12:15[,S,F,V,C,V,0.00,0.00
03/03/2024,12:30,[12:15-12:30[,S,F,V,C,V,0.00,0.00
03/03/2024,12:45,[12:30-12:45[,S,F,V,C,V,0.00,0.00
03/03/2024,13:00,[12:45-13:00[,S,F,V,C,V,0.00,0.00
03/03/2024,13:15,[13:00-13:15[,S,F,V,C,V,0.00,0.00
03/03/2024,13:30,[13:15-13:30[,S,F,V,C,V,0.00,0.00
03/03/2024,13:45,[13:30-13:45[,S,F,V,C,V,0.00,0.00
03/03/2024,14:00,[13:45-14:00[,S,F,V,C,V,0.00,0.00
03/03/2024,14:15,[14:00-14:15[,S,F,V,C,V,0.00,0.00
03/03/2024,14:30,[14:15-14:30[,S,F,V,C,V,0.00,0.00
03/03/2024,14:45,[14:30-14:45[,S,F,V,C,V,0.00,0.00
03/03/2024,15:00,[14:45-15:00[,S,F,V,C,V,0.00,0.00
03/03/2024,15:15,[15:00-15:15[,S,F,V,C,V,0.00,0.00
03/03/2024,15:30,[15:15-15:30[,S,F,V,C,V,0.00,0.00
03/03/2024,15:45,[15:30-15:45[,S,F,V,C,V,0.00,0.00
03/03/2024,16:00,[15:45-16:00[,S,F,V,C,V,0.00,0.00
03/03/2024,16:15,[16:00-16:15[,S,F,V,C,V,0.00,0.00
03/03/2024,16:30,[16:15-16:30[,S,F,V,C,V,0.00,0.00
03/03/2024,16:45,[16:30-16:45[,S,F,V,C,V,0.00,0.00
03/03/2024,17:00,[16:45-17:00[,S,F,V,C,V,0.00,0.00
03/03/2024,17:15,[17:00-17:15[,S,F,V,C,V,2.06,2.06
03/03/2024,17:30,[17:15-17:30[,S,F,V,C,V,2.06,2.06
03/03/2024,17:45,[17:30-17:45[,S,F,V,C,V,2.06,2.06
03/03/2024,18:00,[17:45-18:00[,S,F,V,C,V,2.06,2.06
03/03/2024,18:15,[18:00-18:15[,S,F,V,P,V,7.98,7.98
03/03/2024,18:30,[18:15-18:30[,S,F,V,P,V,7.98,7.98
03/03/2024,18:45,[18:30-18:45[,S,F,V,P,V,7.98,7.98
03/03/2024,19:00,[18:45-19:00[,S,F,V,P,V,7.98,7.98
03/03/2024,19:15,[19:00-19:15[,S,F,V,P,V,29.60,29.60
03/03/2024,19:30,[19:15-19:30[,S,F,V,P,V,29.60,29.60
03/03/2024,19:45,[19:30-19:45[,S,F,V,P,V,29.60,29.60
03/03/2024,20:00,[19:45-20:00[,S,F,V,P,V,29.60,29.60
03/03/2024,20:15,[20:00-20:15[,S,F,V,P,V,30.60,30.60
03/03/2024,20:30,[20:15-20:30[,S,F,V,P,V,30.60,30.60
03/03/2024,20:45,[20:30-20:45[,S,F,V,C,V,30.60,30.60
03/03/2024,21:00,[20:45-21:00[,S,F,V,C,V,30.60,30.60
03/03/2024,21:15,[21:00-21:15[,S,F,V,C,V,14.00,14.00
03/03/2024,21:30,[21:15-21:30[,S,F,V,C,V,14.00,14.00
03/03/2024,21:45,[21:30-21:45[,S,F,V,C,V,14.00,14.00
03/03/2024,22:00,[21:45-22:00[,S,F,V,C,V,14.00,14.00
03/03/2024,22:15,[22:00-22:15[,S,V,V,V,V,4.60,4.60
03/03/2024,22:30,[22:15-22:30[,S,V,V,V,V,4.60,4.60
03/03/2024,22:45,[22:30-22:45[,S,V,V,V,V,4.60,4.60
03/03/2024,23:00,[22:45-23:00[,S,V,V,V,V,4.60,4.60
03/03/2024,23:15,[23:00-23:15[,S,V,V,V,V,6.00,6.00
03/03/2024,23:30,[23:15-23:30[,S,V,V,V,V,6.00,6.00
03/03/2024,23:45,[23:30-23:45[,S,V,V,V,V,6.00,6.00
03/03/2024,23:59,[23:45-00:00[,S,V,V,V,V,6.00,6.00
04/03/2024,00:15,[00:00-00:15[,S,V,V,V,V,3.20,3.20
04/03/2024,00:30,[00:15-00:30[,S,V,V,V,V,3.20,3.20
04/03/2024,00:45,[00:30-00:45[,S,V,V,V,V,3.20,3.20
04/03/2024,01:00,[00:45-01:00[,S,V,V,V,V,3.20,3.20
04/03/2024,01:15,[01:00-01:15[,S,V,V,V,V,3.20,3.20
04/03/2024,01:30,[01:15-01:30[,S,V,V,V,V,3.20,3.20
04/03/2024,01:45,[01:30-01:45[,S,V,V,V,V,3.20,3.20
04/03/2024,02:00,[01:45-02:00[,S,V,V,V,V,3.20,3.20
04/03/2024,02:15,[02:00-02:15[,S,V,V,V,V,3.20,3.20
04/03/2024,02:30,[02:15-02:30[,S,V,V,V,V,3.20,3.20
04/03/2024,02:45,[02:30-02:45[,S,V,V,V,V,3.20,3.20
04/03/2024,03:00,[02:45-03:00[,S,V,V,V,V,3.20,3.20
04/03/2024,03:15,[03:00-03:15[,S,V,V,V,V,3.19,3.19
04/03/2024,03:30,[03:15-03:30[,S,V,V,V,V,3.19,3.19
04/03/2024,03:45,[03:30-03:45[,S,V,V,V,V,3.19,3.19
04/03/2024,04:00,[03:45-04:00[,S,V,V,V,V,3.19,3.19
04/03/2024,04:15,[04:00-04:15[,S,V,V,V,V,3.20,3.20
04/03/2024,04:30,[04:15-04:30[,S,V,V,V,V,3.20,3.20
04/03/2024,04:45,[04:30-04:45[,S,V,V,V,V,3.20,3.20
04/03/2024,05:00,[04:45-05:00[,S,V,V,V,V,3.20,3.20
04/03/2024,05:15,[05:00-05:15[,S,V,V,V,V,3.20,3.20
04/03/2024,05:30,[05:15-05:30[,S,V,V,V,V,3.20,3.20
04/03/2024,05:45,[05:30-05:45[,S,V,V,V,V,3.20,3.20
04/03/2024,06:00,[05:45-06:00[,S,V,V,V,V,3.20,3.20
04/03/2024,06:15,[06:00-06:15[,S,V,V,V,V,7.20,20.00
04/03/2024,06:30,[06:15-06:30[,S,V,V,V,V,7.20,20.00
04/03/2024,06:45,[06:30-06:45[,S,V,V,V,V,7.20,20.00
04/03/2024,07:00,[06:45-07:00[,S,V,V,V,V,7.20,20.00
04/03/2024,07:15,[07:00-07:15[,S,V,F,V,C,8.12,25.00
04/03/2024,07:30,[07:15-07:30[,S,V,F,V,C,8.12,25.00
04/03/2024,07:45,[07:30-07:45[,S,V,F,V,C,8.12,25.00
04/03/2024,08:00,[07:45-08:00[,S,V,F,V,C,8.12,25.00
04/03/2024,08:15,[08:00-08:15[,S,F,F,C,C,8.66,15.00
04/03/2024,08:30,[08:15-08:30[,S,F,F,C,C,8.66,15.00
04/03/2024,08:45,[08:30-08:45[,S,F,F,C,C,8.66,15.00
04/03/2024,09:00,[08:45-09:00[,S,F,F,C,C,8.66,15.00
04/03/2024,09:15,[09:00-09:15[,S,F,F,P,C,7.60,7.60
04/03/2024,09:30,[09:15-09:30[,S,F,F,P,C,7.60,7.60
04/03/2024,09:45,[09:30-09:45[,S,F,F,P,P,7.60,7.60
04/03/2024,10:00,[09:45-10:00[,S,F,F,P,P,7.60,7.60
04/03/2024,10:15,[10:00-10:15[,S,F,F,P,P,3.20,3.20
04/03/2024,10:30,[10:15-10:30[,S,F,F,P,P,3.20,3.20
04/03/2024,10:45,[10:30-10:45[,S,F,F,C,P,3.20,3.20
04/03/2024,11:00,[10:45-11:00[,S,F,F,C,P,3.20,3.20
04/03/2024,11:15,[11:00-11:15[,S,F,F,C,P,3.20,3.20
04/03/2024,11:30,[11:15-11:30[,S,F,F,C,P,3.20,3.20
04/03/2024,11:45,[11:30-11:45[,S,F,F,C,P,3.20,3.20
04/03/2024,12:00,[11:45-12:00[,S,F,F,C,P,3.20,3.20
04/03/2024,12:15,[12:00-12:15[,S,F,F,C,C,2.91,2.91
04/03/2024,12:30,[12:15-12:30[,S,F,F,C,C,2.91,2.91
04/03/2024,12:45,[12:30-12:45[,S,F,F,C,C,2.91,2.91
04/03/2024,13:00,[12:45-13:00[,S,F,F,C,C,2.91,2.91
04/03/2024,13:15,[13:00-13:15[,S,F,F,C,C,1.68,1.68
04/03/2024,13:30,[13:15-13:30[,S,F,F,C,C,1.68,1.68
04/03/2024,13:45,[13:30-13:45[,S,F,F,C,C,1.68,1.68
04/03/2024,14:00,[13:45-14:00[,S,F,F,C,C,1.68,1.68
04/03/2024,14:15,[14:00-14:15[,S,F,F,C,C,1.00,1.00
04/03/2024,14:30,[14:15-14:30[,S,F,F,C,C,1.00,1.00
04/03/2024,14:45,[14:30-14:45[,S,F,F,C,C,1.00,1.00
04/03/2024,15:00,[14:45-15:00[,S,F,F,C,C,1.00,1.00
04/03/2024,15:15,[15:00-15:15[,S,F,F,C,C,2.33,2.33
04/03/2024,15:30,[15:15-15:30[,S,F,F,C,C,2.33,2.33
04/03/2024,15:45,[15:30-15:45[,S,F,F,C,C,2.33,2.33
04/03/2024,16:00,[15:45-16:00[,S,F,F,C,C,2.33,2.33
04/03/2024,16:15,[16:00-16:15[,S,F,F,C,C,3.20,3.20
04/03/2024,16:30,[16:15-16:30[,S,F,F,C,C,3.20,3.20
04/03/2024,16:45,[16:30-16:45[,S,F,F,C,C,3.20,3.20
04/03/2024,17:00,[16:45-17:00[,S,F,F,C,C,3.20,3.20
04/03/2024,17:15,[17:00-17:15[,S,F,F,C,C,5.00,5.00
04/03/2024,17:30,[17:15-17:30[,S,F,F,C,C,5.00,5.00
04/03/2024,17:45,[17:30-17:45[,S,F,F,C,C,5.00,5.00
04/03/2024,18:00,[17:45-18:00[,S,F,F,C,C,5.00,5.00
04/03/2024,18:15,[18:00-18:15[,S,F,F,P,C,14.00,14.00
04/03/2024,18:30,[18:15-18:30[,S,F,F,P,C,14.00,14.00
04/03/2024,18:45,[18:30-18:45[,S,F,F,P,P,14.00,14.00
04/03/2024,19:00,[18:45-19:00[,S,F,F,P,P,14.00,14.00
04/03/2024,19:15,[19:00-19:15[,S,F,F,P,P,25.00,25.00
04/03/2024,19:30,[19:15-19:30[,S,F,F,P,P,25.00,25.00
04/03/2024,19:45,[19:30-19:45[,S,F,F,P,P,25.00,25.00
04/03/2024,20:00,[19:45-20:00[,S,F,F,P,P,25.00,25.00
04/03/2024,20:15,[20:00-20:15[,S,F,F,P,P,17.98,17.98
04/03/2024,20:30,[20:15-20:30[,S,F,F,P,P,17.98,17.98
04/03/2024,20:45,[20:30-20:45[,S,F,F,C,P,17.98,17.98
04/03/2024,21:00,[20:45-21:00[,S,F,F,C,P,17.98,17.98
04/03/2024,21:15,[21:00-21:15[,S,F,F,C,C,12.50,12.50
04/03/2024,21:30,[21:15-21:30[,S,F,F,C,C,12.50,12.50
04/03/2024,21:45,[21:30-21:45[,S,F,F,C,C,12.50,12.50
04/03/2024,22:00,[21:45-22:00[,S,F,F,C,C,12.50,12.50
04/03/2024,22:15,[22:00-22:15[,S,V,F,V,C,6.10,6.10
04/03/2024,22:30,[22:15-22:30[,S,V,F,V,C,6.10,6.10
04/03/2024,22:45,[22:30-22:45[,S,V,F,V,C,6.10,6.10
04/03/2024,23:00,[22:45-23:00[,S,V,F,V,C,6.10,6.10
04/03/2024,23:15,[23:00-23:15[,S,V,F,V,C,7.36,7.36
04/03/2024,23:30,[23:15-23:30[,S,V,F,V,C,7.36,7.36
04/03/2024,23:45,[23:30-23:45[,S,V,F,V,C,7.36,7.36
04/03/2024,23:59,[23:45-00:00[,S,V,F,V,C,7.36,7.36
05/03/2024,00:15,[00:00-00:15[,S,V,V,V,V,4.66,4.66
05/03/2024,00:30,[00:15-00:30[,S,V,V,V,V,4.66,4.66
05/03/2024,00:45,[00:30-00:45[,S,V,V,V,V,4.66,4.66
05/03/2024,01:00,[00:45-01:00[,S,V,V,V,V,4.66,4.66
05/03/2024,01:15,[01:00-01:15[,S,V,V,V,V,4.66,4.66
05/03/2024,01:30,[01:15-01:30[,S,V,V,V,V,4.66,4.66
05/03/2024,01:45,[01:30-01:45[,S,V,V,V,V,4.66,4.66
05/03/2024,02:00,[01:45-02:00[,S,V,V,V,V,4.66,4.66
05/03/2024,02:15,[02:00-02:15[,S,V,V,V,V,5.00,5.00
05/03/2024,02:30,[02:15-02:30[,S,V,V,V,V,5.00,5.00
05/03/2024,02:45,[02:30-02:45[,S,V,V,V,V,5.00,5.00
05/03/2024,03:00,[02:45-03:00[,S,V,V,V,V,5.00,5.00
05/03/2024,03:15,[03:00-03:15[,S,V,V,V,V,6.00,6.00
05/03/2024,03:30,[03:15-03:30[,S,V,V,V,V,6.00,6.00
05/03/2024,03:45,[03:30-03:45[,S,V,V,V,V,6.00,6.00
05/03/2024,04:00,[03:45-04:00[,S,V,V,V,V,6.00,6.00
05/03/2024,04:15,[04:00-04:15[,S,V,V,V,V,8.23,8.23
05/03/2024,04:30,[04:15-04:30[,S,V,V,V,V,8.23,8.23
05/03/2024,04:45,[04:30-04:45[,S,V,V,V,V,8.23,8.23
05/03/2024,05:00,[04:45-05:00[,S,V,V,V,V,8.23,8.23
05/03/2024,05:15,[05:00-05:15[,S,V,V,V,V,24.10,24.10
05/03/2024,05:30,[05:15-05:30[,S,V,V,V,V,24.10,24.10
05/03/2024,05:45,[05:30-05:45[,S,V,V,V,V,24.10,24.10
05/03/2024,06:00,[05:45-06:00[,S,V,V,V,V,24.10,24.10
05/03/2024,06:15,[06:00-06:15[,S,V,V,V,V,35.00,50.01
05/03/2024,06:30,[06:15-06:30[,S,V,V,V,V,35.00,50.01
05/03/2024,06:45,[06:30-06:45[,S,V,V,V,V,35.00,50.01
05/03/2024,07:00,[06:45-07:00[,S,V,V,V,V,35.00,50.01
05/03/2024,07:15,[07:00-07:15[,S,V,F,V,C,61.45,61.45
05/03/2024,07:30,[07:15-07:30[,S,V,F,V,C,61.45,61.45
05/03/2024,07:45,[07:30-07:45[,S,V,F,V,C,61.45,61.45
05/03/2024,08:00,[07:45-08:00[,S,V,F,V,C,61.45,61.45
05/03/2024,08:15,[08:00-08:15[,S,F,F,C,C,17.63,17.63
05/03/2024,08:30,[08:15-08:30[,S,F,F,C,C,17.63,17.63
05/03/2024,08:45,[08:30-08:45[,S,F,F,C,C,17.63,17.63
05/03/2024,09:00,[08:45-09:00[,S,F,F,C,C,17.63,17.63
05/03/2024,09:15,[09:00-09:15[,S,F,F,P,C,8.00,8.00
05/03/2024,09:30,[09:15-09:30[,S,F,F,P,C,8.00,8.00
05/03/2024,09:45,[09:30-09:45[,S,F,F,P,P,8.00,8.00
05/03/2024,10:00,[09:45-10:00[,S,F,F,P,P,8.00,8.00
05/03/2024,10:15,[10:00-10:15[,S,F,F,P,P,4.60,4.60
05/03/2024,10:30,[10:15-10:30[,S,F,F,P,P,4.60,4.60
05/03/2024,10:45,[10:30-10:45[,S,F,F,C,P,4.60,4.60
05/03/2024,11:00,[10:45-11:00[,S,F,F,C,P,4.60,4.60
05/03/2024,11:15,[11:00-11:15[,S,F,F,C,P,4.00,4.00
05/03/2024,11:30,[11:15-11:30[,S,F,F,C,P,4.00,4.00
05/03/2024,11:45,[11:30-11:45[,S,F,F,C,P,4.00,4.00
05/03/2024,12:00,[11:45-12:00[,S,F,F,C,P,4.00,4.00
05/03/2024,12:15,[12:00-12:15[,S,F,F,C,C,3.90,3.90
05/03/2024,12:30,[12:15-12:30[,S,F,F,C,C,3.90,3.90
05/03/2024,12:45,[12:30-12:45[,S,F,F,C,C,3.90,3.90
05/03/2024,13:00,[12:45-13:00[,S,F,F,C,C,3.90,3.90
05/03/2024,13:15,[13:00-13:15[,S,F,F,C,C,3.90,3.90
05/03/2024,13:30,[13:15-13:30[,S,F,F,C,C,3.90,3.90
05/03/2024,13:45,[13:30-13:45[,S,F,F,C,C,3.90,3.90
05/03/2024,14:00,[13:45-14:00[,S,F,F,C,C,3.90,3.90
05/03/2024,14:15,[14:00-14:15[,S,F,F,C,C,4.00,4.00
05/03/2024,14:30,[14:15-14:30[,S,F,F,C,C,4.00,4.00
05/03/2024,14:45,[14:30-14:45[,S,F,F,C,C,4.00,4.00
05/03/2024,15:00,[14:45-15:00[,S,F,F,C,C,4.00,4.00
05/03/2024,15:15,[15:00-15:15[,S,F,F,C,C,5.83,5.83
05/03/2024,15:30,[15:15-15:30[,S,F,F,C,C,5.83,5.83
05/03/2024,15:45,[15:30-15:45[,S,F,F,C,C,5.83,5.83
05/03/2024,16:00,[15:45-16:00[,S,F,F,C,C,5.83,5.83
05/03/2024,16:15,[16:00-16:15[,S,F,F,C,C,17.00,17.00
05/03/2024,16:30,[16:15-16:30[,S,F,F,C,C,17.00,17.00
05/03/2024,16:45,[16:30-16:45[,S,F,F,C,C,17.00,17.00
05/03/2024,17:00,[16:45-17:00[,S,F,F,C,C,17.00,17.00
05/03/2024,17:15,[17:00-17:15[,S,F,F,C,C,50.51,50.51
05/03/2024,17:30,[17:15-17:30[,S,F,F,C,C,50.51,50.51
05/03/2024,17:45,[17:30-17:45[,S,F,F,C,C,50.51,50.51
05/03/2024,18:00,[17:45-18:00[,S,F,F,C,C,50.51,50.51
05/03/2024,18:15,[18:00-18:15[,S,F,F,P,C,125.17,125.17
05/03/2024,18:30,[18:15-18:30[,S,F,F,P,C,125.17,125.17
05/03/2024,18:45,[18:30-18:45[,S,F,F,P,P,125.17,125.17
05/03/2024,19:00,[18:45-19:00[,S,F,F,P,P,125.17,125.17
05/03/2024,19:15,[19:00-19:15[,S,F,F,P,P,129.47,129.47
05/03/2024,19:30,[19:15-19:30[,S,F,F,P,P,129.47,129.47
05/03/2024,19:45,[19:30-19:45[,S,F,F,P,P,129.47,129.47
05/03/2024,20:00,[19:45-20:00[,S,F,F,P,P,129.47,129.47
05/03/2024,20:15,[20:00-20:15[,S,F,F,P,P,99.12,99.12
05/03/2024,20:30,[20:15-20:30[,S,F,F,P,P,99.12,99.12
05/03/2024,20:45,[20:30-20:45[,S,F,F,C,P,99.12,99.12
05/03/2024,21:00,[20:45-21:00[,S,F,F,C,P,99.12,99.12
05/03/2024,21:15,[21:00-21:15[,S,F,F,C,C,85.41,85.41
05/03/2024,21:30,[21:15-21:30[,S,F,F,C,C,85.41,85.41
05/03/2024,21:45,[21:30-21:45[,S,F,F,C,C,85.41,85.41
05/03/2024,22:00,[21:45-22:00[,S,F,F,C,C,85.41,85.41
05/03/2024,22:15,[22:00-22:15[,S,V,F,V,C,72.86,72.86
05/03/2024,22:30,[22:15-22:30[,S,V,F,V,C,72.86,72.86
05/03/2024,22:45,[22:30-22:45[,S,V,F,V,C,72.86,72.86
05/03/2024,23:00,[22:45-23:00[,S,V,F,V,C,72.86,72.86
05/03/2024,23:15,[23:00-23:15[,S,V,F,V,C,71.00,71.00
05/03/2024,23:30,[23:15-23:30[,S,V,F,V,C,71.00,71.00
05/03/2024,23:45,[23:30-23:45[,S,V,F,V,C,71.00,71.00
05/03/2024,23:59,[23:45-00:00[,S,V,F,V,C,71.00,71.00
06/03/2024,00:15,[00:00-00:15[,S,V,V,V,V,50.50,50.50
06/03/2024,00:30,[00:15-00:30[,S,V,V,V,V,50.50,50.50
06/03/2024,00:45,[00:30-00:45[,S,V,V,V,V,50.50,50.50
06/03/2024,01:00,[00:45-01:00[,S,V,V,V,V,50.50,50.50
06/03/2024,01:15,[01:00-01:15[,S,V,V,V,V,50.51,50.51
06/03/2024,01:30,[01:15-01:30[,S,V,V,V,V,50.51,50.51
06/03/2024,01:45,[01:30-01:45[,S,V,V,V,V,50.51,50.51
06/03/2024,02:00,[01:45-02:00[,S,V,V,V,V,50.51,50.51
06/03/2024,02:15,[02:00-02:15[,S,V,V,V,V,50.01,50.01
06/03/2024,02:30,[02:15-02:30[,S,V,V,V,V,50.01,50.01
06/03/2024,02:45,[02:30-02:45[,S,V,V,V,V,50.01,50.01
06/03/2024,03:00,[02:45-03:00[,S,V,V,V,V,50.01,50.01
06/03/2024,03:15,[03:00-03:15[,S,V,V,V,V,41.64,41.64
06/03/2024,03:30,[03:15-03:30[,S,V,V,V,V,41.64,41.64
06/03/2024,03:45,[03:30-03:45[,S,V,V,V,V,41.64,41.64
06/03/2024,04:00,[03:45-04:00[,S,V,V,V,V,41.64,41.64
06/03/2024,04:15,[04:00-04:15[,S,V,V,V,V,50.01,50.01
06/03/2024,04:30,[04:15-04:30[,S,V,V,V,V,50.01,50.01
06/03/2024,04:45,[04:30-04:45[,S,V,V,V,V,50.01,50.01
06/03/2024,05:00,[04:45-05:00[,S,V,V,V,V,50.01,50.01
06/03/2024,05:15,[05:00-05:15[,S,V,V,V,V,50.68,65.68
06/03/2024,05:30,[05:15-05:30[,S,V,V,V,V,50.68,65.68
06/03/2024,05:45,[05:30-05:45[,S,V,V,V,V,50.68,65.68
06/03/2024,06:00,[05:45-06:00[,S,V,V,V,V,50.68,65.68
06/03/2024,06:15,[06:00-06:15[,S,V,V,V,V,106.64,106.64
06/03/2024,06:30,[06:15-06:30[,S,V,V,V,V,106.64,106.64
06/03/2024,06:45,[06:30-06:45[,S,V,V,V,V,106.64,106.64
06/03/2024,07:00,[06:45-07:00[,S,V,V,V,V,106.64,106.64
06/03/2024,07:15,[07:00-07:15[,S,V,F,V,C,108.70,108.70
06/03/2024,07:30,[07:15-07:30[,S,V,F,V,C,108.70,108.70
06/03/2024,07:45,[07:30-07:45[,S,V,F,V,C,108.70,108.70
06/03/2024,08:00,[07:45-08:00[,S,V,F,V,C,108.70,108.70
06/03/2024,08:15,[08:00-08:15[,S,F,F,C,C,25.00,25.00
06/03/2024,08:30,[08:15-08:30[,S,F,F,C,C,25.00,25.00
06/03/2024,08:45,[08:30-08:45[,S,F,F,C,C,25.00,25.00
06/03/2024,09:00,[08:45-09:00[,S,F,F,C,C,25.00,25.00
06/03/2024,09:15,[09:00-09:15[,S,F,F,P,C,14.24,14.24
06/03/2024,09:30,[09:15-09:30[,S,F,F,P,C,14.24,14.24
06/03/2024,09:45,[09:30-09:45[,S,F,F,P,P,14.24,14.24
06/03/2024,10:00,[09:45-10:00[,S,F,F,P,P,14.24,14.24
06/03/2024,10:15,[10:00-10:15[,S,F,F,P,P,5.96,5.96
06/03/2024,10:30,[10:15-10:30[,S,F,F,P,P,5.96,5.96
06/03/2024,10:45,[10:30-10:45[,S,F,F,C,P,5.96,5.96
06/03/2024,11:00,[10:45-11:00[,S,F,F,C,P,5.96,5.96
06/03/2024,11:15,[11:00-11:15[,S,F,F,C,P,4.07,4.07
06/03/2024,11:30,[11:15-11:30[,S,F,F,C,P,4.07,4.07
06/03/2024,11:45,[11:30-11:45[,S,F,F,C,P,4.07,4.07
06/03/2024,12:00,[11:45-12:00[,S,F,F,C,P,4.07,4.07
06/03/2024,12:15,[12:00-12:15[,S,F,F,C,C,3.90,3.90
06/03/2024,12:30,[12:15-12:30[,S,F,F,C,C,3.90,3.90
06/03/2024,12:45,[12:30-12:45[,S,F,F,C,C,3.90,3.90
06/03/2024,13:00,[12:45-13:00[,S,F,F,C,C,3.90,3.90
06/03/2024,13:15,[13:00-13:15[,S,F,F,C,C,3.87,3.87
06/03/2024,13:30,[13:15-13:30[,S,F,F,C,C,3.87,3.87
06/03/2024,13:45,[13:30-13:45[,S,F,F,C,C,3.87,3.87
06/03/2024,14:00,[13:45-14:00[,S,F,F,C,C,3.87,3.87
06/03/2024,14:15,[14:00-14:15[,S,F,F,C,C,3.90,3.90
06/03/2024,14:30,[14:15-14:30[,S,F,F,C,C,3.90,3.90
06/03/2024,14:45,[14:30-14:45[,S,F,F,C,C,3.90,3.90
06/03/2024,15:00,[14:45-15:00[,S,F,F,C,C,3.90,3.90
06/03/2024,15:15,[15:00-15:15[,S,F,F,C,C,5.87,5.87
06/03/2024,15:30,[15:15-15:30[,S,F,F,C,C,5.87,5.87
06/03/2024,15:45,[15:30-15:45[,S,F,F,C,C,5.87,5.87
06/03/2024,16:00,[15:45-16:00[,S,F,F,C,C,5.87,5.87
06/03/2024,16:15,[16:00-16:15[,S,F,F,C,C,18.75,18.75
06/03/2024,16:30,[16:15-16:30[,S,F,F,C,C,18.75,18.75
06/03/2024,16:45,[16:30-16:45[,S,F,F,C,C,18.75,18.75
06/03/2024,17:00,[16:45-17:00[,S,F,F,C,C,18.75,18.75
06/03/2024,17:15,[17:00-17:15[,S,F,F,C,C,29.60,41.64
06/03/2024,17:30,[17:15-17:30[,S,F,F,C,C,29.60,41.64
06/03/2024,17:45,[17:30-17:45[,S,F,F,C,C,29.60,41.64
06/03/2024,18:00,[17:45-18:00[,S,F,F,C,C,29.60,41.64
06/03/2024,18:15,[18:00-18:15[,S,F,F,P,C,50.48,119.27
06/03/2024,18:30,[18:15-18:30[,S,F,F,P,C,50.48,119.27
06/03/2024,18:45,[18:30-18:45[,S,F,F,P,P,50.48,119.27
06/03/2024,19:00,[18:45-19:00[,S,F,F,P,P,50.48,119.27
06/03/2024,19:15,[19:00-19:15[,S,F,F,P,P,93.74,103.75
06/03/2024,19:30,[19:15-19:30[,S,F,F,P,P,93.74,103.75
06/03/2024,19:45,[19:30-19:45[,S,F,F,P,P,93.74,103.75
06/03/2024,20:00,[19:45-20:00[,S,F,F,P,P,93.74,103.75
06/03/2024,20:15,[20:00-20:15[,S,F,F,P,P,49.31,80.15
06/03/2024,20:30,[20:15-20:30[,S,F,F,P,P,49.31,80.15
06/03/2024,20:45,[20:30-20:45[,S,F,F,C,P,49.31,80.15
06/03/2024,21:00,[20:45-21:00[,S,F,F,C,P,49.31,80.15
06/03/2024,21:15,[21:00-21:15[,S,F,F,C,C,29.07,54.46
06/03/2024,21:30,[21:15-21:30[,S,F,F,C,C,29.07,54.46
06/03/2024,21:45,[21:30-21:45[,S,F,F,C,C,29.07,54.46
06/03/2024,22:00,[21:45-22:00[,S,F,F,C,C,29.07,54.46
06/03/2024,22:15,[22:00-22:15[,S,V,F,V,C,21.66,23.67
06/03/2024,22:30,[22:15-22:30[,S,V,F,V,C,21.66,23.67
06/03/2024,22:45,[22:30-22:45[,S,V,F,V,C,21.66,23.67
06/03/2024,23:00,[22:45-23:00[,S,V,F,V,C,21.66,23.67
06/03/2024,23:15,[23:00-23:15[,S,V,F,V,C,14.13,14.13
06/03/2024,23:30,[23:15-23:30[,S,V,F,V,C,14.13,14.13
06/03/2024,23:45,[23:30-23:45[,S,V,F,V,C,14.13,14.13
06/03/2024,23:59,[23:45-00:00[,S,V,F,V,C,14.13,14.13
07/03/2024,00:15,[00:00-00:15[,S,V,V,V,V,4.89,4.89
07/03/2024,00:30,[00:15-00:30[,S,V,V,V,V,4.89,4.89
07/03/2024,00:45,[00:30-00:45[,S,V,V,V,V,4.89,4.89
07/03/2024,01:00,[00:45-01:00[,S,V,V,V,V,4.89,4.89
07/03/2024,01:15,[01:00-01:15[,S,V,V,V,V,3.51,3.51
07/03/2024,01:30,[01:15-01:30[,S,V,V,V,V,3.51,3.51
07/03/2024,01:45,[01:30-01:45[,S,V,V,V,V,3.51,3.51
07/03/2024,02:00,[01:45-02:00[,S,V,V,V,V,3.51,3.51
07/03/2024,02:15,[02:00-02:15[,S,V,V,V,V,3.20,3.20
07/03/2024,02:30,[02:15-02:30[,S,V,V,V,V,3.20,3.20
07/03/2024,02:45,[02:30-02:45[,S,V,V,V,V,3.20,3.20
07/03/2024,03:00,[02:45-03:00[,S,V,V,V,V,3.20,3.20
07/03/2024,03:15,[03:00-03:15[,S,V,V,V,V,3.20,3.20
07/03/2024,03:30,[03:15-03:30[,S,V,V,V,V,3.20,3.20
07/03/2024,03:45,[03:30-03:45[,S,V,V,V,V,3.20,3.20
07/03/2024,04:00,[03:45-04:00[,S,V,V,V,V,3.20,3.20
07/03/2024,04:15,[04:00-04:15[,S,V,V,V,V,3.20,3.20
07/03/2024,04:30,[04:15-04:30[,S,V,V,V,V,3.20,3.20
07/03/2024,04:45,[04:30-04:45[,S,V,V,V,V,3.20,3.20
07/03/2024,05:00,[04:45-05:00[,S,V,V,V,V,3.20,3.20
07/03/2024,05:15,[05:00-05:15[,S,V,V,V,V,4.89,4.89
07/03/2024,05:30,[05:15-05:30[,S,V,V,V,V,4.89,4.89
07/03/2024,05:45,[05:30-05:45[,S,V,V,V,V,4.89,4.89
07/03/2024,06:00,[05:45-06:00[,S,V,V,V,V,4.89,4.89
07/03/2024,06:15,[06:00-06:15[,S,V,V,V,V,14.00,14.00
07/03/2024,06:30,[06:15-06:30[,S,V,V,V,V,14.00,14.00
07/03/2024,06:45,[06:30-06:45[,S,V,V,V,V,14.00,14.00
07/03/2024,07:00,[06:45-07:00[,S,V,V,V,V,14.00,14.00
07/03/2024,07:15,[07:00-07:15[,S,V,F,V,C,17.00,17.00
07/03/2024,07:30,[07:15-07:30[,S,V,F,V,C,17.00,17.00
07/03/2024,07:45,[07:30-07:45[,S,V,F,V,C,17.00,17.00
07/03/2024,08:00,[07:45-08:00[,S,V,F,V,C,17.00,17.00
07/03/2024,08:15,[08:00-08:15[,S,F,F,C,C,5.70,5.70
07/03/2024,08:30,[08:15-08:30[,S,F,F,C,C,5.70,5.70
07/03/2024,08:45,[08:30-08:45[,S,F,F,C,C,5.70,5.70
07/03/2024,09:00,[08:45-09:00[,S,F,F,C,C,5.70,5.70
07/03/2024,09:15,[09:00-09:15[,S,F,F,P,C,3.90,3.90
07/03/2024,09:30,[09:15-09:30[,S,F,F,P,C,3.90,3.90
07/03/2024,09:45,[09:30-09:45[,S,F,F,P,P,3.90,3.90
07/03/2024,10:00,[09:45-10:00[,S,F,F,P,P,3.90,3.90
07/03/2024,10:15,[10:00-10:15[,S,F,F,P,P,3.20,3.20
07/03/2024,10:30,[10:15-10:30[,S,F,F,P,P,3.20,3.20
07/03/2024,10:45,[10:30-10:45[,S,F,F,C,P,3.20,3.20
07/03/2024,11:00,[10:45-11:00[,S,F,F,C,P,3.20,3.20
07/03/2024,11:15,[11:00-11:15[,S,F,F,C,P,2.00,2.00
07/03/2024,11:30,[11:15-11:30[,S,F,F,C,P,2.00,2.00
07/03/2024,11:45,[11:30-11:45[,S,F,F,C,P,2.00,2.00
07/03/2024,12:00,[11:45-12:00[,S,F,F,C,P,2.00,2.00
07/03/2024,12:15,[12:00-12:15[,S,F,F,C,C,0.43,0.43
07/03/2024,12:30,[12:15-12:30[,S,F,F,C,C,0.43,0.43
07/03/2024,12:45,[12:30-12:45[,S,F,F,C,C,0.43,0.43
07/03/2024,13:00,[12:45-13:00[,S,F,F,C,C,0.43,0.43
07/03/2024,13:15,[13:00-13:15[,S,F,F,C,C,0.43,0.43
07/03/2024,13:30,[13:15-13:30[,S,F,F,C,C,0.43,0.43
07/03/2024,13:45,[13:30-13:45[,S,F,F,C,C,0.43,0.43
07/03/2024,14:00,[13:45-14:00[,S,F,F,C,C,0.43,0.43
07/03/2024,14:15,[14:00-14:15[,S,F,F,C,C,0.43,0.43
07/03/2024,14:30,[14:15-14:30[,S,F,F,C,C,0.43,0.43
07/03/2024,14:45,[14:30-14:45[,S,F,F,C,C,0.43,0.43
07/03/2024,15:00,[14:45-15:00[,S,F,F,C,C,0.43,0.43
07/03/2024,15:15,[15:00-15:15[,S,F,F,C,C,0.76,0.76
07/03/2024,15:30,[15:15-15:30[,S,F,F,C,C,0.76,0.76
07/03/2024,15:45,[15:30-15:45[,S,F,F,C,C,0.76,0.76
07/03/2024,16:00,[15:45-16:00[,S,F,F,C,C,0.76,0.76
07/03/2024,16:15,[16:00-16:15[,S,F,F,C,C,3.20,3.20
07/03/2024,16:30,[16:15-16:30[,S,F,F,C,C,3.20,3.20
07/03/2024,16:45,[16:30-16:45[,S,F,F,C,C,3.20,3.20
07/03/2024,17:00,[16:45-17:00[,S,F,F,C,C,3.20,3.20
07/03/2024,17:15,[17:00-17:15[,S,F,F,C,C,5.48,5.48
07/03/2024,17:30,[17:15-17:30[,S,F,F,C,C,5.48,5.48
07/03/2024,17:45,[17:30-17:45[,S,F,F,C,C,5.48,5.48
07/03/2024,18:00,[17:45-18:00[,S,F,F,C,C,5.48,5.48
07/03/2024,18:15,[18:00-18:15[,S,F,F,P,C,24.67,24.67
07/03/2024,18:30,[18:15-18:30[,S,F,F,P,C,24.67,24.67
07/03/2024,18:45,[18:30-18:45[,S,F,F,P,P,24.67,24.67
07/03/2024,19:00,[18:45-19:00[,S,F,F,P,P,24.67,24.67
07/03/2024,19:15,[19:00-19:15[,S,F,F,P,P,35.00,35.00
07/03/2024,19:30,[19:15-19:30[,S,F,F,P,P,35.00,35.00
07/03/2024,19:45,[19:30-19:45[,S,F,F,P,P,35.00,35.00
07/03/2024,20:00,[19:45-20:00[,S,F,F,P,P,35.00,35.00
07/03/2024,20:15,[20:00-20:15[,S,F,F,P,P,30.00,30.00
07/03/2024,20:30,[20:15-20:30[,S,F,F,P,P,30.00,30.00
07/03/2024,20:45,[20:30-20:45[,S,F,F,C,P,30.00,30.00
07/03/2024,21:00,[20:45-21:00[,S,F,F,C,P,30.00,30.00
07/03/2024,21:15,[21:00-21:15[,S,F,F,C,C,16.00,16.00
07/03/2024,21:30,[21:15-21:30[,S,F,F,C,C,16.00,16.00
07/03/2024,21:45,[21:30-21:45[,S,F,F,C,C,16.00,16.00
07/03/2024,22:00,[21:45-22:00[,S,F,F,C,C,16.00,16.00
07/03/2024,22:15,[22:00-22:15[,S,V,F,V,C,5.33,5.33
07/03/2024,22:30,[22:15-22:30[,S,V,F,V,C,5.33,5.33
07/03/2024,22:45,[22:30-22:45[,S,V,F,V,C,5.33,5.33
07/03/2024,23:00,[22:45-23:00[,S,V,F,V,C,5.33,5.33
07/03/2024,23:15,[23:00-23:15[,S,V,F,V,C,3.20,3.20
07/03/2024,23:30,[23:15-23:30[,S,V,F,V,C,3.20,3.20
07/03/2024,23:45,[23:30-23:45[,S,V,F,V,C,3.20,3.20
07/03/2024,23:59,[23:45-00:00[,S,V,F,V,C,3.20,3.20
08/03/2024,00:15,[00:00-00:15[,S,V,V,V,V,0.59,0.59
08/03/2024,00:30,[00:15-00:30[,S,V,V,V,V,0.59,0.59
08/03/2024,00:45,[00:30-00:45[,S,V,V,V,V,0.59,0.59
08/03/2024,01:00,[00:45-01:00[,S,V,V,V,V,0.59,0.59
08/03/2024,01:15,[01:00-01:15[,S,V,V,V,V,0.35,0.35
08/03/2024,01:30,[01:15-01:30[,S,V,V,V,V,0.35,0.35
08/03/2024,01:45,[01:30-01:45[,S,V,V,V,V,0.35,0.35
08/03/2024,02:00,[01:45-02:00[,S,V,V,V,V,0.35,0.35
08/03/2024,02:15,[02:00-02:15[,S,V,V,V,V,0.05,0.05
08/03/2024,02:30,[02:15-02:30[,S,V,V,V,V,0.05,0.05
08/03/2024,02:45,[02:30-02:45[,S,V,V,V,V,0.05,0.05
08/03/2024,03:00,[02:45-03:00[,S,V,V,V,V,0.05,0.05
08/03/2024,03:15,[03:00-03:15[,S,V,V,V,V,0.01,0.01
08/03/2024,03:30,[03:15-03:30[,S,V,V,V,V,0.01,0.01
08/03/2024,03:45,[03:30-03:45[,S,V,V,V,V,0.01,0.01
08/03/2024,04:00,[03:45-04:00[,S,V,V,V,V,0.01,0.01
08/03/2024,04:15,[04:00-04:15[,S,V,V,V,V,0.13,0.13
08/03/2024,04:30,[04:15-04:30[,S,V,V,V,V,0.13,0.13
08/03/2024,04:45,[04:30-04:45[,S,V,V,V,V,0.13,0.13
08/03/2024,05:00,[04:45-05:00[,S,V,V,V,V,0.13,0.13
08/03/2024,05:15,[05:00-05:15[,S,V,V,V,V,1.50,3.20
08/03/2024,05:30,[05:15-05:30[,S,V,V,V,V,1.50,3.20
08/03/2024,05:45,[05:30-05:45[,S,V,V,V,V,1.50,3.20
08/03/2024,06:00,[05:45-06:00[,S,V,V,V,V,1.50,3.20
08/03/2024,06:15,[06:00-06:15[,S,V,V,V,V,4.00,4.00
08/03/2024,06:30,[06:15-06:30[,S,V,V,V,V,4.00,4.00
08/03/2024,06:45,[06:30-06:45[,S,V,V,V,V,4.00,4.00
08/03/2024,07:00,[06:45-07:00[,S,V,V,V,V,4.00,4.00
08/03/2024,07:15,[07:00-07:15[,S,V,F,V,C,4.00,4.00
08/03/2024,07:30,[07:15-07:30[,S,V,F,V,C,4.00,4.00
08/03/2024,07:45,[07:30-07:45[,S,V,F,V,C,4.00,4.00
08/03/2024,08:00,[07:45-08:00[,S,V,F,V,C,4.00,4.00
08/03/2024,08:15,[08:00-08:15[,S,F,F,C,C,3.20,3.20
08/03/2024,08:30,[08:15-08:30[,S,F,F,C,C,3.20,3.20
08/03/2024,08:45,[08:30-08:45[,S,F,F,C,C,3.20,3.20
08/03/2024,09:00,[08:45-09:00[,S,F,F,C,C,3.20,3.20
08/03/2024,09:15,[09:00-09:15[,S,F,F,P,C,0.43,0.43
08/03/2024,09:30,[09:15-09:30[,S,F,F,P,C,0.43,0.43
08/03/2024,09:45,[09:30-09:45[,S,F,F,P,P,0.43,0.43
08/03/2024,10:00,[09:45-10:00[,S,F,F,P,P,0.43,0.43
08/03/2024,10:15,[10:00-10:15[,S,F,F,P,P,0.00,0.00
08/03/2024,10:30,[10:15-10:30[,S,F,F,P,P,0.00,0.00
08/03/2024,10:45,[10:30-10:45[,S,F,F,C,P,0.00,0.00
08/03/2024,11:00,[10:45-11:00[,S,F,F,C,P,0.00,0.00
08/03/2024,11:15,[11:00-11:15[,S,F,F,C,P,0.00,0.00
08/03/2024,11:30,[11:15-11:30[,S,F,F,C,P,0.00,0.00
08/03/2024,11:45,[11:30-11:45[,S,F,F,C,P,0.00,0.00
08/03/2024,12:00,[11:45-12:00[,S,F,F,C,P,0.00,0.00
08/03/2024,12:15,[12:00-12:15[,S,F,F,C,C,0.00,0.00
08/03/2024,12:30,[12:15-12:30[,S,F,F,C,C,0.00,0.00
08/03/2024,12:45,[12:30-12:45[,S,F,F,C,C,0.00,0.00
08/03/2024,13:00,[12:45-13:00[,S,F,F,C,C,0.00,0.00
08/03/2024,13:15,[13:00-13:15[,S,F,F,C,C,0.00,0.00
08/03/2024,13:30,[13:15-13:30[,S,F,F,C,C,0.00,0.00
08/03/2024,13:45,[13:30-13:45[,S,F,F,C,C,0.00,0.00
08/03/2024,14:00,[13:45-14:00[,S,F,F,C,C,0.00,0.00
08/03/2024,14:15,[14:00-14:15[,S,F,F,C,C,0.00,0.00
08/03/2024,14:30,[14:15-14:30[,S,F,F,C,C,0.00,0.00
08/03/2024,14:45,[14:30-14:45[,S,F,F,C,C,0.00,0.00
08/03/2024,15:00,[14:45-15:00[,S,F,F,C,C,0.00,0.00
08/03/2024,15:15,[15:00-15:15[,S,F,F,C,C,0.00,0.00
08/03/2024,15:30,[15:15-15:30[,S,F,F,C,C,0.00,0.00
08/03/2024,15:45,[15:30-15:45[,S,F,F,C,C,0.00,0.00
08/03/2024,16:00,[15:45-16:00[,S,F,F,C,C,0.00,0.00
08/03/2024,16:15,[16:00-16:15[,S,F,F,C,C,2.41,2.41
08/03/2024,16:30,[16:15-16:30[,S,F,F,C,C,2.41,2.41
08/03/2024,16:45,[16:30-16:45[,S,F,F,C,C,2.41,2.41
08/03/2024,17:00,[16:45-17:00[,S,F,F,C,C,2.41,2.41
08/03/2024,17:15,[17:00-17:15[,S,F,F,C,C,1.59,1.59
08/03/2024,17:30,[17:15-17:30[,S,F,F,C,C,1.59,1.59
08/03/2024,17:45,[17:30-17:45[,S,F,F,C,C,1.59,1.59
08/03/2024,18:00,[17:45-18:00[,S,F,F,C,C,1.59,1.59
08/03/2024,18:15,[18:00-18:15[,S,F,F,P,C,3.20,3.20
08/03/2024,18:30,[18:15-18:30[,S,F,F,P,C,3.20,3.20
08/03/2024,18:45,[18:30-18:45[,S,F,F,P,P,3.20,3.20
08/03/2024,19:00,[18:45-19:00[,S,F,F,P,P,3.20,3.20
08/03/2024,19:15,[19:00-19:15[,S,F,F,P,P,5.98,5.98
08/03/2024,19:30,[19:15-19:30[,S,F,F,P,P,5.98,5.98
08/03/2024,19:45,[19:30-19:45[,S,F,F,P,P,5.98,5.98
08/03/2024,20:00,[19:45-20:00[,S,F,F,P,P,5.98,5.98
08/03/2024,20:15,[20:00-20:15[,S,F,F,P,P,4.00,4.00
08/03/2024,20:30,[20:15-20:30[,S,F,F,P,P,4.00,4.00
08/03/2024,20:45,[20:30-20:45[,S,F,F,C,P,4.00,4.00
08/03/2024,21:00,[20:45-21:00[,S,F,F,C,P,4.00,4.00
08/03/2024,21:15,[21:00-21:15[,S,F,F,C,C,3.20,3.20
08/03/2024,21:30,[21:15-21:30[,S,F,F,C,C,3.20,3.20
08/03/2024,21:45,[21:30-21:45[,S,F,F,C,C,3.20,3.20
08/03/2024,22:00,[21:45-22:00[,S,F,F,C,C,3.20,3.20
08/03/2024,22:15,[22:00-22:15[,S,V,F,V,C,0.43,0.43
08/03/2024,22:30,[22:15-22:30[,S,V,F,V,C,0.43,0.43
08/03/2024,22:45,[22:30-22:45[,S,V,F,V,C,0.43,0.43
08/03/2024,23:00,[22:45-23:00[,S,V,F,V,C,0.43,0.43
08/03/2024,23:15,[23:00-23:15[,S,V,F,V,C,0.01,0.01
08/03/2024,23:30,[23:15-23:30[,S,V,F,V,C,0.01,0.01
08/03/2024,23:45,[23:30-23:45[,S,V,F,V,C,0.01,0.01
08/03/2024,23:59,[23:45-00:00[,S,V,F,V,C,0.01,0.01
09/03/2024,00:15,[00:00-00:15[,S,V,V,V,V,0.00,0.00
09/03/2024,00:30,[00:15-00:30[,S,V,V,V,V,0.00,0.00
09/03/2024,00:45,[00:30-00:45[,S,V,V,V,V,0.00,0.00
09/03/2024,01:00,[00:45-01:00[,S,V,V,V,V,0.00,0.00
09/03/2024,01:15,[01:00-01:15[,S,V,V,V,V,0.00,0.00
09/03/2024,01:30,[01:15-01:30[,S,V,V,V,V,0.00,0.00
09/03/2024,01:45,[01:30-01:45[,S,V,V,V,V,0.00,0.00
09/03/2024,02:00,[01:45-02:00[,S,V,V,V,V,0.00,0.00
09/03/2024,02:15,[02:00-02:15[,S,V,V,V,V,0.00,0.00
09/03/2024,02:30,[02:15-02:30[,S,V,V,V,V,0.00,0.00
09/03/2024,02:45,[02:30-02:45[,S,V,V,V,V,0.00,0.00
09/03/2024,03:00,[02:45-03:00[,S,V,V,V,V,0.00,0.00
09/03/2024,03:15,[03:00-03:15[,S,V,V,V,V,0.00,0.00
09/03/2024,03:30,[03:15-03:30[,S,V,V,V,V,0.00,0.00
09/03/2024,03:45,[03:30-03:45[,S,V,V,V,V,0.00,0.00
09/03/2024,04:00,[03:45-04:00[,S,V,V,V,V,0.00,0.00
09/03/2024,04:15,[04:00-04:15[,S,V,V,V,V,0.00,0.00
09/03/2024,04:30,[04:15-04:30[,S,V,V,V,V,0.00,0.00
09/03/2024,04:45,[04:30-04:45[,S,V,V,V,V,0.00,0.00
09/03/2024,05:00,[04:45-05:00[,S,V,V,V,V,0.00,0.00
09/03/2024,05:15,[05:00-05:15[,S,V,V,V,V,0.00,0.00
09/03/2024,05:30,[05:15-05:30[,S,V,V,V,V,0.00,0.00
09/03/2024,05:45,[05:30-05:45[,S,V,V,V,V,0.00,0.00
09/03/2024,06:00,[05:45-06:00[,S,V,V,V,V,0.00,0.00
09/03/2024,06:15,[06:00-06:15[,S,V,V,V,V,0.00,0.00
09/03/2024,06:30,[06:15-06:30[,S,V,V,V,V,0.00,0.00
09/03/2024,06:45,[06:30-06:45[,S,V,V,V,V,0.00,0.00
09/03/2024,07:00,[06:45-07:00[,S,V,V,V,V,0.00,0.00
09/03/2024,07:15,[07:00-07:15[,S,V,V,V,V,0.01,0.01
09/03/2024,07:30,[07:15-07:30[,S,V,V,V,V,0.01,0.01
09/03/2024,07:45,[07:30-07:45[,S,V,V,V,V,0.01,0.01
09/03/2024,08:00,[07:45-08:00[,S,V,V,V,V,0.01,0.01
09/03/2024,08:15,[08:00-08:15[,S,F,V,C,V,0.13,0.13
09/03/2024,08:30,[08:15-08:30[,S,F,V,C,V,0.13,0.13
09/03/2024,08:45,[08:30-08:45[,S,F,V,C,V,0.13,0.13
09/03/2024,09:00,[08:45-09:00[,S,F,V,C,V,0.13,0.13
09/03/2024,09:15,[09:00-09:15[,S,F,V,P,V,0.43,0.43
09/03/2024,09:30,[09:15-09:30[,S,F,V,P,V,0.43,0.43
09/03/2024,09:45,[09:30-09:45[,S,F,F,P,C,0.43,0.43
09/03/2024,10:00,[09:45-10:00[,S,F,F,P,C,0.43,0.43
09/03/2024,10:15,[10:00-10:15[,S,F,F,P,C,0.10,0.10
09/03/2024,10:30,[10:15-10:30[,S,F,F,P,C,0.10,0.10
09/03/2024,10:45,[10:30-10:45[,S,F,F,C,C,0.10,0.10
09/03/2024,11:00,[10:45-11:00[,S,F,F,C,C,0.10,0.10
09/03/2024,11:15,[11:00-11:15[,S,F,F,C,C,0.00,0.00
09/03/2024,11:30,[11:15-11:30[,S,F,F,C,C,0.00,0.00
09/03/2024,11:45,[11:30-11:45[,S,F,F,C,C,0.00,0.00
09/03/2024,12:00,[11:45-12:00[,S,F,F,C,C,0.00,0.00
09/03/2024,12:15,[12:00-12:15[,S,F,F,C,C,0.00,0.00
09/03/2024,12:30,[12:15-12:30[,S,F,F,C,C,0.00,0.00
09/03/2024,12:45,[12:30-12:45[,S,F,F,C,C,0.00,0.00
09/03/2024,13:00,[12:45-13:00[,S,F,F,C,C,0.00,0.00
09/03/2024,13:15,[13:00-13:15[,S,F,V,C,V,0.00,0.00
09/03/2024,13:30,[13:15-13:30[,S,F,V,C,V,0.00,0.00
09/03/2024,13:45,[13:30-13:45[,S,F,V,C,V,0.00,0.00
09/03/2024,14:00,[13:45-14:00[,S,F,V,C,V,0.00,0.00
09/03/2024,14:15,[14:00-14:15[,S,F,V,C,V,0.00,0.00
09/03/2024,14:30,[14:15-14:30[,S,F,V,C,V,0.00,0.00
09/03/2024,14:45,[14:30-14:45[,S,F,V,C,V,0.00,0.00
09/03/2024,15:00,[14:45-15:00[,S,F,V,C,V,0.00,0.00
09/03/2024,15:15,[15:00-15:15[,S,F,V,C,V,0.00,0.00
09/03/2024,15:30,[15:15-15:30[,S,F,V,C,V,0.00,0.00
09/03/2024,15:45,[15:30-15:45[,S,F,V,C,V,0.00,0.00
09/03/2024,16:00,[15:45-16:00[,S,F,V,C,V,0.00,0.00
09/03/2024,16:15,[16:00-16:15[,S,F,V,C,V,0.00,0.00
09/03/2024,16:30,[16:15-16:30[,S,F,V,C,V,0.00,0.00
09/03/2024,16:45,[16:30-16:45[,S,F,V,C,V,0.00,0.00
09/03/2024,17:00,[16:45-17:00[,S,F,V,C,V,0.00,0.00
09/03/2024,17:15,[17:00-17:15[,S,F,V,C,V,0.20,0.20
09/03/2024,17:30,[17:15-17:30[,S,F,V,C,V,0.20,0.20
09/03/2024,17:45,[17:30-17:45[,S,F,V,C,V,0.20,0.20
09/03/2024,18:00,[17:45-18:00[,S,F,V,C,V,0.20,0.20
09/03/2024,18:15,[18:00-18:15[,S,F,V,P,V,3.20,3.20
09/03/2024,18:30,[18:15-18:30[,S,F,V,P,V,3.20,3.20
09/03/2024,18:45,[18:30-18:45[,S,F,F,P,C,3.20,3.20
09/03/2024,19:00,[18:45-19:00[,S,F,F,P,C,3.20,3.20
09/03/2024,19:15,[19:00-19:15[,S,F,F,P,C,3.50,3.50
09/03/2024,19:30,[19:15-19:30[,S,F,F,P,C,3.50,3.50
09/03/2024,19:45,[19:30-19:45[,S,F,F,P,C,3.50,3.50
09/03/2024,20:00,[19:45-20:00[,S,F,F,P,C,3.50,3.50
09/03/2024,20:15,[20:00-20:15[,S,F,F,P,C,3.20,3.20
09/03/2024,20:30,[20:15-20:30[,S,F,F,P,C,3.20,3.20
09/03/2024,20:45,[20:30-20:45[,S,F,F,C,C,3.20,3.20
09/03/2024,21:00,[20:45-21:00[,S,F,F,C,C,3.20,3.20
09/03/2024,21:15,[21:00-21:15[,S,F,F,C,C,3.20,3.20
09/03/2024,21:30,[21:15-21:30[,S,F,F,C,C,3.20,3.20
09/03/2024,21:45,[21:30-21:45[,S,F,F,C,C,3.20,3.20
09/03/2024,22:00,[21:45-22:00[,S,F,F,C,C,3.20,3.20
09/03/2024,22:15,[22:00-22:15[,S,V,V,V,V,0.20,0.20
09/03/2024,22:30,[22:15-22:30[,S,V,V,V,V,0.20,0.20
09/03/2024,22:45,[22:30-22:45[,S,V,V,V,V,0.20,0.20
09/03/2024,23:00,[22:45-23:00[,S,V,V,V,V,0.20,0.20
09/03/2024,23:15,[23:00-23:15[,S,V,V,V,V,0.00,0.00
09/03/2024,23:30,[23:15-23:30[,S,V,V,V,V,0.00,0.00
09/03/2024,23:45,[23:30-23:45[,S,V,V,V,V,0.00,0.00
09/03/2024,23:59,[23:45-00:00[,S,V,V,V,V,0.00,0.00
10/03/2024,00:15,[00:00-00:15[,S,V,V,V,V,0.00,0.00
10/03/2024,00:30,[00:15-00:30[,S,V,V,V,V,0.00,0.00
10/03/2024,00:45,[00:30-00:45[,S,V,V,V,V,0.00,0.00
10/03/2024,01:00,[00:45-01:00[,S,V,V,V,V,0.00,0.00
10/03/2024,01:15,[01:00-01:15[,S,V,V,V,V,0.00,0.00
10/03/2024,01:30,[01:15-01:30[,S,V,V,V,V,0.00,0.00
10/03/2024,01:45,[01:30-01:45[,S,V,V,V,V,0.00,0.00
10/03/2024,02:00,[01:45-02:00[,S,V,V,V,V,0.00,0.00
10/03/2024,02:15,[02:00-02:15[,S,V,V,V,V,0.00,0.00
10/03/2024,02:30,[02:15-02:30[,S,V,V,V,V,0.00,0.00
10/03/2024,02:45,[02:30-02:45[,S,V,V,V,V,0.00,0.00
10/03/2024,03:00,[02:45-03:00[,S,V,V,V,V,0.00,0.00
10/03/2024,03:15,[03:00-03:15[,S,V,V,V,V,0.00,0.00
10/03/2024,03:30,[03:15-03:30[,S,V,V,V,V,0.00,0.00
10/03/2024,03:45,[03:30-03:45[,S,V,V,V,V,0.00,0.00
10/03/2024,04:00,[03:45-04:00[,S,V,V,V,V,0.00,0.00
10/03/2024,04:15,[04:00-04:15[,S,V,V,V,V,0.00,0.00
10/03/2024,04:30,[04:15-04:30[,S,V,V,V,V,0.00,0.00
10/03/2024,04:45,[04:30-04:45[,S,V,V,V,V,0.00,0.00
10/03/2024,05:00,[04:45-05:00[,S,V,V,V,V,0.00,0.00
10/03/2024,05:15,[05:00-05:15[,S,V,V,V,V,0.00,0.00
10/03/2024,05:30,[05:15-05:30[,S,V,V,V,V,0.00,0.00
10/03/2024,05:45,[05:30-05:45[,S,V,V,V,V,0.00,0.00
10/03/2024,06:00,[05:45-06:00[,S,V,V,V,V,0.00,0.00
10/03/2024,06:15,[06:00-06:15[,S,V,V,V,V,0.00,0.00
10/03/2024,06:30,[06:15-06:30[,S,V,V,V,V,0.00,0.00
10/03/2024,06:45,[06:30-06:45[,S,V,V,V,V,0.00,0.00
10/03/2024,07:00,[06:45-07:00[,S,V,V,V,V,0.00,0.00
10/03/2024,07:15,[07:00-07:15[,S,V,V,V,V,0.00,0.00
10/03/2024,07:30,[07:15-07:30[,S,V,V,V,V,0.00,0.00
10/03/2024,07:45,[07:30-07:45[,S,V,V,V,V,0.00,0.00
10/03/2024,08:00,[07:45-08:00[,S,V,V,V,V,0.00,0.00
10/03/2024,08:15,[08:00-08:15[,S,F,V,C,V,0.00,0.00
10/03/2024,08:30,[08:15-08:30[,S,F,V,C,V,0.00,0.00
10/03/2024,08:45,[08:30-08:45[,S,F,V,C,V,0.00,0.00
10/03/2024,09:00,[08:45-09:00[,S,F,V,C,V,0.00,0.00
10/03/2024,09:15,[09:00-09:15[,S,F,V,P,V,0.00,0.00
10/03/2024,09:30,[09:15-09:30[,S,F,V,P,V,0.00,0.00
10/03/2024,09:45,[09:30-09:45[,S,F,V,P,V,0.00,0.00
10/03/2024,10:00,[09:45-10:00[,S,F,V,P,V,0.00,0.00
10/03/2024,10:15,[10:00-10:15[,S,F,V,P,V,0.00,0.00
10/03/2024,10:30,[10:15-10:30[,S,F,V,P,V,0.00,0.00
10/03/2024,10:45,[10:30-10:45[,S,F,V,C,V,0.00,0.00
10/03/2024,11:00,[10:45-11:00[,S,F,V,C,V,0.00,0.00
10/03/2024,11:15,[11:00-11:15[,S,F,V,C,V,0.00,0.00
10/03/2024,11:30,[11:15-11:30[,S,F,V,C,V,0.00,0.00
10/03/2024,11:45,[11:30-11:45[,S,F,V,C,V,0.00,0.00
10/03/2024,12:00,[11:45-12:00[,S,F,V,C,V,0.00,0.00
10/03/2024,12:15,[12:00-12:15[,S,F,V,C,V,0.00,0.00
10/03/2024,12:30,[12:15-12:30[,S,F,V,C,V,0.00,0.00
10/03/2024,12:45,[12:30-12:45[,S,F,V,C,V,0.00,0.00
10/03/2024,13:00,[12:45-13:00[,S,F,V,C,V,0.00,0.00
10/03/2024,13:15,[13:00-13:15[,S,F,V,C,V,0.00,0.00
10/03/2024,13:30,[13:15-13:30[,S,F,V,C,V,0.00,0.00
10/03/2024,13:45,[13:30-13:45[,S,F,V,C,V,0.00,0.00
10/03/2024,14:00,[13:45-14:00[,S,F,V,C,V,0.00,0.00
10/03/2024,14:15,[14:00-14:15[,S,F,V,C,V,0.00,0.00
10/03/2024,14:30,[14:15-14:30[,S,F,V,C,V,0.00,0.00
10/03/2024,14:45,[14:30-14:45[,S,F,V,C,V,0.00,0.00
10/03/2024,15:00,[14:45-15:00[,S,F,V,C,V,0.00,0.00
10/03/2024,15:15,[15:00-15:15[,S,F,V,C,V,0.00,0.00
10/03/2024,15:30,[15:15-15:30[,S,F,V,C,V,0.00,0.00
10/03/2024,15:45,[15:30-15:45[,S,F,V,C,V,0.00,0.00
10/03/2024,16:00,[15:45-16:00[,S,F,V,C,V,0.00,0.00
10/03/2024,16:15,[16:00-16:15[,S,F,V,C,V,0.00,0.00
10/03/2024,16:30,[16:15-16:30[,S,F,V,C,V,0.00,0.00
10/03/2024,16:45,[16:30-16:45[,S,F,V,C,V,0.00,0.00
10/03/2024,17:00,[16:45-17:00[,S,F,V,C,V,0.00,0.00
10/03/2024,17:15,[17:00-17:15[,S,F,V,C,V,0.00,0.00
10/03/2024,17:30,[17:15-17:30[,S,F,V,C,V,0.00,0.00
10/03/2024,17:45,[17:30-17:45[,S,F,V,C,V,0.00,0.00
10/03/2024,18:00,[17:45-18:00[,S,F,V,C,V,0.00,0.00
10/03/2024,18:15,[18:00-18:15[,S,F,V,P,V,3.19,3.19
10/03/2024,18:30,[18:15-18:30[,S,F,V,P,V,3.19,3.19
10/03/2024,18:45,[18:30-18:45[,S,F,V,P,V,3.19,3.19
10/03/2024,19:00,[18:45-19:00[,S,F,V,P,V,3.19,3.19
10/03/2024,19:15,[19:00-19:15[,S,F,V,P,V,3.20,3.20
10/03/2024,19:30,[19:15-19:30[,S,F,V,P,V,3.20,3.20
10/03/2024,19:45,[19:30-19:45[,S,F,V,P,V,3.20,3.20
10/03/2024,20:00,[19:45-20:00[,S,F,V,P,V,3.20,3.20
10/03/2024,20:15,[20:00-20:15[,S,F,V,P,V,3.20,3.20
10/03/2024,20:30,[20:15-20:30[,S,F,V,P,V,3.20,3.20
10/03/2024,20:45,[20:30-20:45[,S,F,V,C,V,3.20,3.20
10/03/2024,21:00,[20:45-21:00[,S,F,V,C,V,3.20,3.20
10/03/2024,21:15,[21:00-21:15[,S,F,V,C,V,3.20,3.20
10/03/2024,21:30,[21:15-21:30[,S,F,V,C,V,3.20,3.20
10/03/2024,21:45,[21:30-21:45[,S,F,V,C,V,3.20,3.20
10/03/2024,22:00,[21:45-22:00[,S,F,V,C,V,3.20,3.20
10/03/2024,22:15,[22:00-22:15[,S,V,V,V,V,0.10,0.10
10/03/2024,22:30,[22:15-22:30[,S,V,V,V,V,0.10,0.10
10/03/2024,22:45,[22:30-22:45[,S,V,V,V,V,0.10,0.10
10/03/2024,23:00,[22:45-23:00[,S,V,V,V,V,0.10,0.10
10/03/2024,23:15,[23:00-23:15[,S,V,V,V,V,0.10,0.10
10/03/2024,23:30,[23:15-23:30[,S,V,V,V,V,0.10,0.10
10/03/2024,23:45,[23:30-23:45[,S,V,V,V,V,0.10,0.10
10/03/2024,23:59,[23:45-00:00[,S,V,V,V,V,0.10,0.10
11/03/2024,00:15,[00:00-00:15[,S,V,V,V,V,0.00,0.00
11/03/2024,00:30,[00:15-00:30[,S,V,V,V,V,0.00,0.00
11/03/2024,00:45,[00:30-00:45[,S,V,V,V,V,0.00,0.00
11/03/2024,01:00,[00:45-01:00[,S,V,V,V,V,0.00,0.00
11/03/2024,01:15,[01:00-01:15[,S,V,V,V,V,0.00,0.00
11/03/2024,01:30,[01:15-01:30[,S,V,V,V,V,0.00,0.00
11/03/2024,01:45,[01:30-01:45[,S,V,V,V,V,0.00,0.00
11/03/2024,02:00,[01:45-02:00[,S,V,V,V,V,0.00,0.00
11/03/2024,02:15,[02:00-02:15[,S,V,V,V,V,0.00,0.00
11/03/2024,02:30,[02:15-02:30[,S,V,V,V,V,0.00,0.00
11/03/2024,02:45,[02:30-02:45[,S,V,V,V,V,0.00,0.00
11/03/2024,03:00,[02:45-03:00[,S,V,V,V,V,0.00,0.00
11/03/2024,03:15,[03:00-03:15[,S,V,V,V,V,0.00,0.00
11/03/2024,03:30,[03:15-03:30[,S,V,V,V,V,0.00,0.00
11/03/2024,03:45,[03:30-03:45[,S,V,V,V,V,0.00,0.00
11/03/2024,04:00,[03:45-04:00[,S,V,V,V,V,0.00,0.00
11/03/2024,04:15,[04:00-04:15[,S,V,V,V,V,0.00,0.00
11/03/2024,04:30,[04:15-04:30[,S,V,V,V,V,0.00,0.00
11/03/2024,04:45,[04:30-04:45[,S,V,V,V,V,0.00,0.00
11/03/2024,05:00,[04:45-05:00[,S,V,V,V,V,0.00,0.00
11/03/2024,05:15,[05:00-05:15[,S,V,V,V,V,1.68,1.68
11/03/2024,05:30,[05:15-05:30[,S,V,V,V,V,1.68,1.68
11/03/2024,05:45,[05:30-05:45[,S,V,V,V,V,1.68,1.68
11/03/2024,06:00,[05:45-06:00[,S,V,V,V,V,1.68,1.68
11/03/2024,06:15,[06:00-06:15[,S,V,V,V,V,4.97,4.97
11/03/2024,06:30,[06:15-06:30[,S,V,V,V,V,4.97,4.97
11/03/2024,06:45,[06:30-06:45[,S,V,V,V,V,4.97,4.97
11/03/2024,07:00,[06:45-07:00[,S,V,V,V,V,4.97,4.97
11/03/2024,07:15,[07:00-07:15[,S,V,F,V,C,3.20,3.20
11/03/2024,07:30,[07:15-07:30[,S,V,F,V,C,3.20,3.20
11/03/2024,07:45,[07:30-07:45[,S,V,F,V,C,3.20,3.20
11/03/2024,08:00,[07:45-08:00[,S,V,F,V,C,3.20,3.20
11/03/2024,08:15,[08:00-08:15[,S,F,F,C,C,0.01,0.01
11/03/2024,08:30,[08:15-08:30[,S,F,F,C,C,0.01,0.01
11/03/2024,08:45,[08:30-08:45[,S,F,F,C,C,0.01,0.01
11/03/2024,09:00,[08:45-09:00[,S,F,F,C,C,0.01,0.01
11/03/2024,09:15,[09:00-09:15[,S,F,F,P,C,0.00,0.00
11/03/2024,09:30,[09:15-09:30[,S,F,F,P,C,0.00,0.00
11/03/2024,09:45,[09:30-09:45[,S,F,F,P,P,0.00,0.00
11/03/2024,10:00,[09:45-10:00[,S,F,F,P,P,0.00,0.00
11/03/2024,10:15,[10:00-10:15[,S,F,F,P,P,0.00,0.00
11/03/2024,10:30,[10:15-10:30[,S,F,F,P,P,0.00,0.00
11/03/2024,10:45,[10:30-10:45[,S,F,F,C,P,0.00,0.00
11/03/2024,11:00,[10:45-11:00[,S,F,F,C,P,0.00,0.00
11/03/2024,11:15,[11:00-11:15[,S,F,F,C,P,0.00,0.00
11/03/2024,11:30,[11:15-11:30[,S,F,F,C,P,0.00,0.00
11/03/2024,11:45,[11:30-11:45[,S,F,F,C,P,0.00,0.00
11/03/2024,12:00,[11:45-12:00[,S,F,F,C,P,0.00,0.00
11/03/2024,12:15,[12:00-12:15[,S,F,F,C,C,0.00,0.00
11/03/2024,12:30,[12:15-12:30[,S,F,F,C,C,0.00,0.00
11/03/2024,12:45,[12:30-12:45[,S,F,F,C,C,0.00,0.00
11/03/2024,13:00,[12:45-13:00[,S,F,F,C,C,0.00,0.00
11/03/2024,13:15,[13:00-13:15[,S,F,F,C,C,0.00,0.00
11/03/2024,13:30,[13:15-13:30[,S,F,F,C,C,0.00,0.00
11/03/2024,13:45,[13:30-13:45[,S,F,F,C,C,0.00,0.00
11/03/2024,14:00,[13:45-14:00[,S,F,F,C,C,0.00,0.00
11/03/2024,14:15,[14:00-14:15[,S,F,F,C,C,0.00,0.00
11/03/2024,14:30,[14:15-14:30[,S,F,F,C,C,0.00,0.00
11/03/2024,14:45,[14:30-14:45[,S,F,F,C,C,0.00,0.00
11/03/2024,15:00,[14:45-15:00[,S,F,F,C,C,0.00,0.00
11/03/2024,15:15,[15:00-15:15[,S,F,F,C,C,0.00,0.00
11/03/2024,15:30,[15:15-15:30[,S,F,F,C,C,0.00,0.00
11/03/2024,15:45,[15:30-15:45[,S,F,F,C,C,0.00,0.00
11/03/2024,16:00,[15:45-16:00[,S,F,F,C,C,0.00,0.00
11/03/2024,16:15,[16:00-16:15[,S,F,F,C,C,0.00,0.00
11/03/2024,16:30,[16:15-16:30[,S,F,F,C,C,0.00,0.00
11/03/2024,16:45,[16:30-16:45[,S,F,F,C,C,0.00,0.00
11/03/2024,17:00,[16:45-17:00[,S,F,F,C,C,0.00,0.00
11/03/2024,17:15,[17:00-17:15[,S,F,F,C,C,5.51,5.51
11/03/2024,17:30,[17:15-17:30[,S,F,F,C,C,5.51,5.51
11/03/2024,17:45,[17:30-17:45[,S,F,F,C,C,5.51,5.51
11/03/2024,18:00,[17:45-18:00[,S,F,F,C,C,5.51,5.51
11/03/2024,18:15,[18:00-18:15[,S,F,F,P,C,70.00,70.00
11/03/2024,18:30,[18:15-18:30[,S,F,F,P,C,70.00,70.00
11/03/2024,18:45,[18:30-18:45[,S,F,F,P,P,70.00,70.00
11/03/2024,19:00,[18:45-19:00[,S,F,F,P,P,70.00,70.00
11/03/2024,19:15,[19:00-19:15[,S,F,F,P,P,87.97,87.97
11/03/2024,19:30,[19:15-19:30[,S,F,F,P,P,87.97,87.97
11/03/2024,19:45,[19:30-19:45[,S,F,F,P,P,87.97,87.97
11/03/2024,20:00,[19:45-20:00[,S,F,F,P,P,87.97,87.97
11/03/2024,20:15,[20:00-20:15[,S,F,F,P,P,76.64,76.64
11/03/2024,20:30,[20:15-20:30[,S,F,F,P,P,76.64,76.64
11/03/2024,20:45,[20:30-20:45[,S,F,F,C,P,76.64,76.64
11/03/2024,21:00,[20:45-21:00[,S,F,F,C,P,76.64,76.64
11/03/2024,21:15,[21:00-21:15[,S,F,F,C,C,75.00,75.00
11/03/2024,21:30,[21:15-21:30[,S,F,F,C,C,75.00,75.00
11/03/2024,21:45,[21:30-21:45[,S,F,F,C,C,75.00,75.00
11/03/2024,22:00,[21:45-22:00[,S,F,F,C,C,75.00,75.00
11/03/2024,22:15,[22:00-22:15[,S,V,F,V,C,26.10,26.10
11/03/2024,22:30,[22:15-22:30[,S,V,F,V,C,26.10,26.10
11/03/2024,22:45,[22:30-22:45[,S,V,F,V,C,26.10,26.10
11/03/2024,23:00,[22:45-23:00[,S,V,F,V,C,26.10,26.10
11/03/2024,23:15,[23:00-23:15[,S,V,F,V,C,35.00,35.00
11/03/2024,23:30,[23:15-23:30[,S,V,F,V,C,35.00,35.00
11/03/2024,23:45,[23:30-23:45[,S,V,F,V,C,35.00,35.00
11/03/2024,23:59,[23:45-00:00[,S,V,F,V,C,35.00,35.00
12/03/2024,00:15,[00:00-00:15[,S,V,V,V,V,27.30,27.30
12/03/2024,00:30,[00:15-00:30[,S,V,V,V,V,27.30,27.30
12/03/2024,00:45,[00:30-00:45[,S,V,V,V,V,27.30,27.30
12/03/2024,01:00,[00:45-01:00[,S,V,V,V,V,27.30,27.30
12/03/2024,01:15,[01:00-01:15[,S,V,V,V,V,25.00,25.00
12/03/2024,01:30,[01:15-01:30[,S,V,V,V,V,25.00,25.00
12/03/2024,01:45,[01:30-01:45[,S,V,V,V,V,25.00,25.00
12/03/2024,02:00,[01:45-02:00[,S,V,V,V,V,25.00,25.00
12/03/2024,02:15,[02:00-02:15[,S,V,V,V,V,24.60,24.60
12/03/2024,02:30,[02:15-02:30[,S,V,V,V,V,24.60,24.60
12/03/2024,02:45,[02:30-02:45[,S,V,V,V,V,24.60,24.60
12/03/2024,03:00,[02:45-03:00[,S,V,V,V,V,24.60,24.60
12/03/2024,03:15,[03:00-03:15[,S,V,V,V,V,25.00,25.00
12/03/2024,03:30,[03:15-03:30[,S,V,V,V,V,25.00,25.00
12/03/2024,03:45,[03:30-03:45[,S,V,V,V,V,25.00,25.00
12/03/2024,04:00,[03:45-04:00[,S,V,V,V,V,25.00,25.00
12/03/2024,04:15,[04:00-04:15[,S,V,V,V,V,25.00,25.00
12/03/2024,04:30,[04:15-04:30[,S,V,V,V,V,25.00,25.00
12/03/2024,04:45,[04:30-04:45[,S,V,V,V,V,25.00,25.00
12/03/2024,05:00,[04:45-05:00[,S,V,V,V,V,25.00,25.00
12/03/2024,05:15,[05:00-05:15[,S,V,V,V,V,24.80,60.02
12/03/2024,05:30,[05:15-05:30[,S,V,V,V,V,24.80,60.02
12/03/2024,05:45,[05:30-05:45[,S,V,V,V,V,24.80,60.02
12/03/2024,06:00,[05:45-06:00[,S,V,V,V,V,24.80,60.02
12/03/2024,06:15,[06:00-06:15[,S,V,V,V,V,38.00,89.80
12/03/2024,06:30,[06:15-06:30[,S,V,V,V,V,38.00,89.80
12/03/2024,06:45,[06:30-06:45[,S,V,V,V,V,38.00,89.80
12/03/2024,07:00,[06:45-07:00[,S,V,V,V,V,38.00,89.80
12/03/2024,07:15,[07:00-07:15[,S,V,F,V,C,38.00,75.00
12/03/2024,07:30,[07:15-07:30[,S,V,F,V,C,38.00,75.00
12/03/2024,07:45,[07:30-07:45[,S,V,F,V,C,38.00,75.00
12/03/2024,08:00,[07:45-08:00[,S,V,F,V,C,38.00,75.00
12/03/2024,08:15,[08:00-08:15[,S,F,F,C,C,20.00,20.00
12/03/2024,08:30,[08:15-08:30[,S,F,F,C,C,20.00,20.00
12/03/2024,08:45,[08:30-08:45[,S,F,F,C,C,20.00,20.00
12/03/2024,09:00,[08:45-09:00[,S,F,F,C,C,20.00,20.00
12/03/2024,09:15,[09:00-09:15[,S,F,F,P,C,0.50,0.50
12/03/2024,09:30,[09:15-09:30[,S,F,F,P,C,0.50,0.50
12/03/2024,09:45,[09:30-09:45[,S,F,F,P,P,0.50,0.50
12/03/2024,10:00,[09:45-10:00[,S,F,F,P,P,0.50,0.50
12/03/2024,10:15,[10:00-10:15[,S,F,F,P,P,0.43,0.43
12/03/2024,10:30,[10:15-10:30[,S,F,F,P,P,0.43,0.43
12/03/2024,10:45,[10:30-10:45[,S,F,F,C,P,0.43,0.43
12/03/2024,11:00,[10:45-11:00[,S,F,F,C,P,0.43,0.43
12/03/2024,11:15,[11:00-11:15[,S,F,F,C,P,0.15,0.15
12/03/2024,11:30,[11:15-11:30[,S,F,F,C,P,0.15,0.15
12/03/2024,11:45,[11:30-11:45[,S,F,F,C,P,0.15,0.15
12/03/2024,12:00,[11:45-12:00[,S,F,F,C,P,0.15,0.15
12/03/2024,12:15,[12:00-12:15[,S,F,F,C,C,0.10,0.10
12/03/2024,12:30,[12:15-12:30[,S,F,F,C,C,0.10,0.10
12/03/2024,12:45,[12:30-12:45[,S,F,F,C,C,0.10,0.10
12/03/2024,13:00,[12:45-13:00[,S,F,F,C,C,0.10,0.10
12/03/2024,13:15,[13:00-13:15[,S,F,F,C,C,0.10,0.10
12/03/2024,13:30,[13:15-13:30[,S,F,F,C,C,0.10,0.10
12/03/2024,13:45,[13:30-13:45[,S,F,F,C,C,0.10,0.10
12/03/2024,14:00,[13:45-14:00[,S,F,F,C,C,0.10,0.10
12/03/2024,14:15,[14:00-14:15[,S,F,F,C,C,0.42,0.42
12/03/2024,14:30,[14:15-14:30[,S,F,F,C,C,0.42,0.42
12/03/2024,14:45,[14:30-14:45[,S,F,F,C,C,0.42,0.42
12/03/2024,15:00,[14:45-15:00[,S,F,F,C,C,0.42,0.42
12/03/2024,15:15,[15:00-15:15[,S,F,F,C,C,3.00,3.00
12/03/2024,15:30,[15:15-15:30[,S,F,F,C,C,3.00,3.00
12/03/2024,15:45,[15:30-15:45[,S,F,F,C,C,3.00,3.00
12/03/2024,16:00,[15:45-16:00[,S,F,F,C,C,3.00,3.00
12/03/2024,16:15,[16:00-16:15[,S,F,F,C,C,20.10,20.10
12/03/2024,16:30,[16:15-16:30[,S,F,F,C,C,20.10,20.10
12/03/2024,16:45,[16:30-16:45[,S,F,F,C,C,20.10,20.10
12/03/2024,17:00,[16:45-17:00[,S,F,F,C,C,20.10,20.10
12/03/2024,17:15,[17:00-17:15[,S,F,F,C,C,60.02,60.02
12/03/2024,17:30,[17:15-17:30[,S,F,F,C,C,60.02,60.02
12/03/2024,17:45,[17:30-17:45[,S,F,F,C,C,60.02,60.02
12/03/2024,18:00,[17:45-18:00[,S,F,F,C,C,60.02,60.02
12/03/2024,18:15,[18:00-18:15[,S,F,F,P,C,98.99,98.99
12/03/2024,18:30,[18:15-18:30[,S,F,F,P,C,98.99,98.99
12/03/2024,18:45,[18:30-18:45[,S,F,F,P,P,98.99,98.99
12/03/2024,19:00,[18:45-19:00[,S,F,F,P,P,98.99,98.99
12/03/2024,19:15,[19:00-19:15[,S,F,F,P,P,173.82,173.82
12/03/2024,19:30,[19:15-19:30[,S,F,F,P,P,173.82,173.82
12/03/2024,19:45,[19:30-19:45[,S,F,F,P,P,173.82,173.82
12/03/2024,20:00,[19:45-20:00[,S,F,F,P,P,173.82,173.82
12/03/2024,20:15,[20:00-20:15[,S,F,F,P,P,117.90,117.90
12/03/2024,20:30,[20:15-20:30[,S,F,F,P,P,117.90,117.90
12/03/2024,20:45,[20:30-20:45[,S,F,F,C,P,117.90,117.90
12/03/2024,21:00,[20:45-21:00[,S,F,F,C,P,117.90,117.90
12/03/2024,21:15,[21:00-21:15[,S,F,F,C,C,70.54,70.54
12/03/2024,21:30,[21:15-21:30[,S,F,F,C,C,70.54,70.54
12/03/2024,21:45,[21:30-21:45[,S,F,F,C,C,70.54,70.54
12/03/2024,22:00,[21:45-22:00[,S,F,F,C,C,70.54,70.54
12/03/2024,22:15,[22:00-22:15[,S,V,F,V,C,41.24,61.99
12/03/2024,22:30,[22:15-22:30[,S,V,F,V,C,41.24,61.99
12/03/2024,22:45,[22:30-22:45[,S,V,F,V,C,41.24,61.99
12/03/2024,23:00,[22:45-23:00[,S,V,F,V,C,41.24,61.99
12/03/2024,23:15,[23:00-23:15[,S,V,F,V,C,32.89,55.09
12/03/2024,23:30,[23:15-23:30[,S,V,F,V,C,32.89,55.09
12/03/2024,23:45,[23:30-23:45[,S,V,F,V,C,32.89,55.09
12/03/2024,23:59,[23:45-00:00[,S,V,F,V,C,32.89,55.09
13/03/2024,00:15,[00:00-00:15[,S,V,V,V,V,30.00,35.00
13/03/2024,00:30,[00:15-00:30[,S,V,V,V,V,30.00,35.00
13/03/2024,00:45,[00:30-00:45[,S,V,V,V,V,30.00,35.00
13/03/2024,01:00,[00:45-01:00[,S,V,V,V,V,30.00,35.00
13/03/2024,01:15,[01:00-01:15[,S,V,V,V,V,25.33,26.10
13/03/2024,01:30,[01:15-01:30[,S,V,V,V,V,25.33,26.10
13/03/2024,01:45,[01:30-01:45[,S,V,V,V,V,25.33,26.10
13/03/2024,02:00,[01:45-02:00[,S,V,V,V,V,25.33,26.10
13/03/2024,02:15,[02:00-02:15[,S,V,V,V,V,22.41,24.10
13/03/2024,02:30,[02:15-02:30[,S,V,V,V,V,22.41,24.10
13/03/2024,02:45,[02:30-02:45[,S,V,V,V,V,22.41,24.10
13/03/2024,03:00,[02:45-03:00[,S,V,V,V,V,22.41,24.10
13/03/2024,03:15,[03:00-03:15[,S,V,V,V,V,24.74,24.74
13/03/2024,03:30,[03:15-03:30[,S,V,V,V,V,24.74,24.74
13/03/2024,03:45,[03:30-03:45[,S,V,V,V,V,24.74,24.74
13/03/2024,04:00,[03:45-04:00[,S,V,V,V,V,24.74,24.74
13/03/2024,04:15,[04:00-04:15[,S,V,V,V,V,21.00,25.11
13/03/2024,04:30,[04:15-04:30[,S,V,V,V,V,21.00,25.11
13/03/2024,04:45,[04:30-04:45[,S,V,V,V,V,21.00,25.11
13/03/2024,05:00,[04:45-05:00[,S,V,V,V,V,21.00,25.11
13/03/2024,05:15,[05:00-05:15[,S,V,V,V,V,22.00,57.54
13/03/2024,05:30,[05:15-05:30[,S,V,V,V,V,22.00,57.54
13/03/2024,05:45,[05:30-05:45[,S,V,V,V,V,22.00,57.54
13/03/2024,06:00,[05:45-06:00[,S,V,V,V,V,22.00,57.54
13/03/2024,06:15,[06:00-06:15[,S,V,V,V,V,42.10,88.03
13/03/2024,06:30,[06:15-06:30[,S,V,V,V,V,42.10,88.03
13/03/2024,06:45,[06:30-06:45[,S,V,V,V,V,42.10,88.03
13/03/2024,07:00,[06:45-07:00[,S,V,V,V,V,42.10,88.03
13/03/2024,07:15,[07:00-07:15[,S,V,F,V,C,57.56,86.74
13/03/2024,07:30,[07:15-07:30[,S,V,F,V,C,57.56,86.74
13/03/2024,07:45,[07:30-07:45[,S,V,F,V,C,57.56,86.74
13/03/2024,08:00,[07:45-08:00[,S,V,F,V,C,57.56,86.74
13/03/2024,08:15,[08:00-08:15[,S,F,F,C,C,22.08,22.08
13/03/2024,08:30,[08:15-08:30[,S,F,F,C,C,22.08,22.08
13/03/2024,08:45,[08:30-08:45[,S,F,F,C,C,22.08,22.08
13/03/2024,09:00,[08:45-09:00[,S,F,F,C,C,22.08,22.08
13/03/2024,09:15,[09:00-09:15[,S,F,F,P,C,10.00,10.00
13/03/2024,09:30,[09:15-09:30[,S,F,F,P,C,10.00,10.00
13/03/2024,09:45,[09:30-09:45[,S,F,F,P,P,10.00,10.00
13/03/2024,10:00,[09:45-10:00[,S,F,F,P,P,10.00,10.00
13/03/2024,10:15,[10:00-10:15[,S,F,F,P,P,3.20,3.20
13/03/2024,10:30,[10:15-10:30[,S,F,F,P,P,3.20,3.20
13/03/2024,10:45,[10:30-10:45[,S,F,F,C,P,3.20,3.20
13/03/2024,11:00,[10:45-11:00[,S,F,F,C,P,3.20,3.20
13/03/2024,11:15,[11:00-11:15[,S,F,F,C,P,3.00,3.00
13/03/2024,11:30,[11:15-11:30[,S,F,F,C,P,3.00,3.00
13/03/2024,11:45,[11:30-11:45[,S,F,F,C,P,3.00,3.00
13/03/2024,12:00,[11:45-12:00[,S,F,F,C,P,3.00,3.00
13/03/2024,12:15,[12:00-12:15[,S,F,F,C,C,2.30,2.30
13/03/2024,12:30,[12:15-12:30[,S,F,F,C,C,2.30,2.30
13/03/2024,12:45,[12:30-12:45[,S,F,F,C,C,2.30,2.30
13/03/2024,13:00,[12:45-13:00[,S,F,F,C,C,2.30,2.30
13/03/2024,13:15,[13:00-13:15[,S,F,F,C,C,2.01,2.01
13/03/2024,13:30,[13:15-13:30[,S,F,F,C,C,2.01,2.01
13/03/2024,13:45,[13:30-13:45[,S,F,F,C,C,2.01,2.01
13/03/2024,14:00,[13:45-14:00[,S,F,F,C,C,2.01,2.01
13/03/2024,14:15,[14:00-14:15[,S,F,F,C,C,2.30,2.30
13/03/2024,14:30,[14:15-14:30[,S,F,F,C,C,2.30,2.30
13/03/2024,14:45,[14:30-14:45[,S,F,F,C,C,2.30,2.30
13/03/2024,15:00,[14:45-15:00[,S,F,F,C,C,2.30,2.30
13/03/2024,15:15,[15:00-15:15[,S,F,F,C,C,3.20,3.20
13/03/2024,15:30,[15:15-15:30[,S,F,F,C,C,3.20,3.20
13/03/2024,15:45,[15:30-15:45[,S,F,F,C,C,3.20,3.20
13/03/2024,16:00,[15:45-16:00[,S,F,F,C,C,3.20,3.20
13/03/2024,16:15,[16:00-16:15[,S,F,F,C,C,21.62,21.62
13/03/2024,16:30,[16:15-16:30[,S,F,F,C,C,21.62,21.62
13/03/2024,16:45,[16:30-16:45[,S,F,F,C,C,21.62,21.62
13/03/2024,17:00,[16:45-17:00[,S,F,F,C,C,21.62,21.62
13/03/2024,17:15,[17:00-17:15[,S,F,F,C,C,76.41,76.41
13/03/2024,17:30,[17:15-17:30[,S,F,F,C,C,76.41,76.41
13/03/2024,17:45,[17:30-17:45[,S,F,F,C,C,76.41,76.41
13/03/2024,18:00,[17:45-18:00[,S,F,F,C,C,76.41,76.41
13/03/2024,18:15,[18:00-18:15[,S,F,F,P,C,98.78,98.78
13/03/2024,18:30,[18:15-18:30[,S,F,F,P,C,98.78,98.78
13/03/2024,18:45,[18:30-18:45[,S,F,F,P,P,98.78,98.78
13/03/2024,19:00,[18:45-19:00[,S,F,F,P,P,98.78,98.78
13/03/2024,19:15,[19:00-19:15[,S,F,F,P,P,134.32,134.32
13/03/2024,19:30,[19:15-19:30[,S,F,F,P,P,134.32,134.32
13/03/2024,19:45,[19:30-19:45[,S,F,F,P,P,134.32,134.32
13/03/2024,20:00,[19:45-20:00[,S,F,F,P,P,134.32,134.32
13/03/2024,20:15,[20:00-20:15[,S,F,F,P,P,89.05,89.05
13/03/2024,20:30,[20:15-20:30[,S,F,F,P,P,89.05,89.05
13/03/2024,20:45,[20:30-20:45[,S,F,F,C,P,89.05,89.05
13/03/2024,21:00,[20:45-21:00[,S,F,F,C,P,89.05,89.05
13/03/2024,21:15,[21:00-21:15[,S,F,F,C,C,68.26,68.26
13/03/2024,21:30,[21:15-21:30[,S,F,F,C,C,68.26,68.26
13/03/2024,21:45,[21:30-21:45[,S,F,F,C,C,68.26,68.26
13/03/2024,22:00,[21:45-22:00[,S,F,F,C,C,68.26,68.26
13/03/2024,22:15,[22:00-22:15[,S,V,F,V,C,57.56,57.56
13/03/2024,22:30,[22:15-22:30[,S,V,F,V,C,57.56,57.56
13/03/2024,22:45,[22:30-22:45[,S,V,F,V,C,57.56,57.56
13/03/2024,23:00,[22:45-23:00[,S,V,F,V,C,57.56,57.56
13/03/2024,23:15,[23:00-23:15[,S,V,F,V,C,37.48,37.48
13/03/2024,23:30,[23:15-23:30[,S,V,F,V,C,37.48,37.48
13/03/2024,23:45,[23:30-23:45[,S,V,F,V,C,37.48,37.48
13/03/2024,23:59,[23:45-00:00[,S,V,F,V,C,37.48,37.48
14/03/2024,00:15,[00:00-00:15[,S,V,V,V,V,31.05,31.05
14/03/2024,00:30,[00:15-00:30[,S,V,V,V,V,31.05,31.05
14/03/2024,00:45,[00:30-00:45[,S,V,V,V,V,31.05,31.05
14/03/2024,01:00,[00:45-01:00[,S,V,V,V,V,31.05,31.05
14/03/2024,01:15,[01:00-01:15[,S,V,V,V,V,26.10,26.10
14/03/2024,01:30,[01:15-01:30[,S,V,V,V,V,26.10,26.10
14/03/2024,01:45,[01:30-01:45[,S,V,V,V,V,26.10,26.10
14/03/2024,02:00,[01:45-02:00[,S,V,V,V,V,26.10,26.10
14/03/2024,02:15,[02:00-02:15[,S,V,V,V,V,24.60,24.60
14/03/2024,02:30,[02:15-02:30[,S,V,V,V,V,24.60,24.60
14/03/2024,02:45,[02:30-02:45[,S,V,V,V,V,24.60,24.60
14/03/2024,03:00,[02:45-03:00[,S,V,V,V,V,24.60,24.60
14/03/2024,03:15,[03:00-03:15[,S,V,V,V,V,24.60,24.60
14/03/2024,03:30,[03:15-03:30[,S,V,V,V,V,24.60,24.60
14/03/2024,03:45,[03:30-03:45[,S,V,V,V,V,24.60,24.60
14/03/2024,04:00,[03:45-04:00[,S,V,V,V,V,24.60,24.60
14/03/2024,04:15,[04:00-04:15[,S,V,V,V,V,31.05,31.05
14/03/2024,04:30,[04:15-04:30[,S,V,V,V,V,31.05,31.05
14/03/2024,04:45,[04:30-04:45[,S,V,V,V,V,31.05,31.05
14/03/2024,05:00,[04:45-05:00[,S,V,V,V,V,31.05,31.05
14/03/2024,05:15,[05:00-05:15[,S,V,V,V,V,31.57,36.83
14/03/2024,05:30,[05:15-05:30[,S,V,V,V,V,31.57,36.83
14/03/2024,05:45,[05:30-05:45[,S,V,V,V,V,31.57,36.83
14/03/2024,06:00,[05:45-06:00[,S,V,V,V,V,31.57,36.83
14/03/2024,06:15,[06:00-06:15[,S,V,V,V,V,32.20,87.85
14/03/2024,06:30,[06:15-06:30[,S,V,V,V,V,32.20,87.85
14/03/2024,06:45,[06:30-06:45[,S,V,V,V,V,32.20,87.85
14/03/2024,07:00,[06:45-07:00[,S,V,V,V,V,32.20,87.85
14/03/2024,07:15,[07:00-07:15[,S,V,F,V,C,62.20,70.00
14/03/2024,07:30,[07:15-07:30[,S,V,F,V,C,62.20,70.00
14/03/2024,07:45,[07:30-07:45[,S,V,F,V,C,62.20,70.00
14/03/2024,08:00,[07:45-08:00[,S,V,F,V,C,62.20,70.00
14/03/2024,08:15,[08:00-08:15[,S,F,F,C,C,35.00,35.00
14/03/2024,08:30,[08:15-08:30[,S,F,F,C,C,35.00,35.00
14/03/2024,08:45,[08:30-08:45[,S,F,F,C,C,35.00,35.00
14/03/2024,09:00,[08:45-09:00[,S,F,F,C,C,35.00,35.00
14/03/2024,09:15,[09:00-09:15[,S,F,F,P,C,31.05,31.05
14/03/2024,09:30,[09:15-09:30[,S,F,F,P,C,31.05,31.05
14/03/2024,09:45,[09:30-09:45[,S,F,F,P,P,31.05,31.05
14/03/2024,10:00,[09:45-10:00[,S,F,F,P,P,31.05,31.05
14/03/2024,10:15,[10:00-10:15[,S,F,F,P,P,12.00,12.00
14/03/2024,10:30,[10:15-10:30[,S,F,F,P,P,12.00,12.00
14/03/2024,10:45,[10:30-10:45[,S,F,F,C,P,12.00,12.00
14/03/2024,11:00,[10:45-11:00[,S,F,F,C,P,12.00,12.00
14/03/2024,11:15,[11:00-11:15[,S,F,F,C,P,10.20,10.20
14/03/2024,11:30,[11:15-11:30[,S,F,F,C,P,10.20,10.20
14/03/2024,11:45,[11:30-11:45[,S,F,F,C,P,10.20,10.20
14/03/2024,12:00,[11:45-12:00[,S,F,F,C,P,10.20,10.20
14/03/2024,12:15,[12:00-12:15[,S,F,F,C,C,9.14,9.14
14/03/2024,12:30,[12:15-12:30[,S,F,F,C,C,9.14,9.14
14/03/2024,12:45,[12:30-12:45[,S,F,F,C,C,9.14,9.14
14/03/2024,13:00,[12:45-13:00[,S,F,F,C,C,9.14,9.14
14/03/2024,13:15,[13:00-13:15[,S,F,F,C,C,3.50,3.50
14/03/2024,13:30,[13:15-13:30[,S,F,F,C,C,3.50,3.50
14/03/2024,13:45,[13:30-13:45[,S,F,F,C,C,3.50,3.50
14/03/2024,14:00,[13:45-14:00[,S,F,F,C,C,3.50,3.50
14/03/2024,14:15,[14:00-14:15[,S,F,F,C,C,3.20,3.20
14/03/2024,14:30,[14:15-14:30[,S,F,F,C,C,3.20,3.20
14/03/2024,14:45,[14:30-14:45[,S,F,F,C,C,3.20,3.20
14/03/2024,15:00,[14:45-15:00[,S,F,F,C,C,3.20,3.20
14/03/2024,15:15,[15:00-15:15[,S,F,F,C,C,9.14,9.14
14/03/2024,15:30,[15:15-15:30[,S,F,F,C,C,9.14,9.14
14/03/2024,15:45,[15:30-15:45[,S,F,F,C,C,9.14,9.14
14/03/2024,16:00,[15:45-16:00[,S,F,F,C,C,9.14,9.14
14/03/2024,16:15,[16:00-16:15[,S,F,F,C,C,21.71,21.71
14/03/2024,16:30,[16:15-16:30[,S,F,F,C,C,21.71,21.71
14/03/2024,16:45,[16:30-16:45[,S,F,F,C,C,21.71,21.71
14/03/2024,17:00,[16:45-17:00[,S,F,F,C,C,21.71,21.71
14/03/2024,17:15,[17:00-17:15[,S,F,F,C,C,35.00,35.00
14/03/2024,17:30,[17:15-17:30[,S,F,F,C,C,35.00,35.00
14/03/2024,17:45,[17:30-17:45[,S,F,F,C,C,35.00,35.00
14/03/2024,18:00,[17:45-18:00[,S,F,F,C,C,35.00,35.00
14/03/2024,18:15,[18:00-18:15[,S,F,F,P,C,78.25,85.82
14/03/2024,18:30,[18:15-18:30[,S,F,F,P,C,78.25,85.82
14/03/2024,18:45,[18:30-18:45[,S,F,F,P,P,78.25,85.82
14/03/2024,19:00,[18:45-19:00[,S,F,F,P,P,78.25,85.82
14/03/2024,19:15,[19:00-19:15[,S,F,F,P,P,78.25,78.25
14/03/2024,19:30,[19:15-19:30[,S,F,F,P,P,78.25,78.25
14/03/2024,19:45,[19:30-19:45[,S,F,F,P,P,78.25,78.25
14/03/2024,20:00,[19:45-20:00[,S,F,F,P,P,78.25,78.25
14/03/2024,20:15,[20:00-20:15[,S,F,F,P,P,62.80,62.80
14/03/2024,20:30,[20:15-20:30[,S,F,F,P,P,62.80,62.80
14/03/2024,20:45,[20:30-20:45[,S,F,F,C,P,62.80,62.80
14/03/2024,21:00,[20:45-21:00[,S,F,F,C,P,62.80,62.80
14/03/2024,21:15,[21:00-21:15[,S,F,F,C,C,59.91,59.91
14/03/2024,21:30,[21:15-21:30[,S,F,F,C,C,59.91,59.91
14/03/2024,21:45,[21:30-21:45[,S,F,F,C,C,59.91,59.91
14/03/2024,22:00,[21:45-22:00[,S,F,F,C,C,59.91,59.91
14/03/2024,22:15,[22:00-22:15[,S,V,F,V,C,37.48,37.48
14/03/2024,22:30,[22:15-22:30[,S,V,F,V,C,37.48,37.48
14/03/2024,22:45,[22:30-22:45[,S,V,F,V,C,37.48,37.48
14/03/2024,23:00,[22:45-23:00[,S,V,F,V,C,37.48,37.48
14/03/2024,23:15,[23:00-23:15[,S,V,F,V,C,34.97,34.97
14/03/2024,23:30,[23:15-23:30[,S,V,F,V,C,34.97,34.97
14/03/2024,23:45,[23:30-23:45[,S,V,F,V,C,34.97,34.97
14/03/2024,23:59,[23:45-00:00[,S,V,F,V,C,34.97,34.97
15/03/2024,00:15,[00:00-00:15[,S,V,V,V,V,27.20,27.20
15/03/2024,00:30,[00:15-00:30[,S,V,V,V,V,27.20,27.20
15/03/2024,00:45,[00:30-00:45[,S,V,V,V,V,27.20,27.20
15/03/2024,01:00,[00:45-01:00[,S,V,V,V,V,27.20,27.20
15/03/2024,01:15,[01:00-01:15[,S,V,V,V,V,24.10,24.10
15/03/2024,01:30,[01:15-01:30[,S,V,V,V,V,24.10,24.10
15/03/2024,01:45,[01:30-01:45[,S,V,V,V,V,24.10,24.10
15/03/2024,02:00,[01:45-02:00[,S,V,V,V,V,24.10,24.10
15/03/2024,02:15,[02:00-02:15[,S,V,V,V,V,23.60,23.60
15/03/2024,02:30,[02:15-02:30[,S,V,V,V,V,23.60,23.60
15/03/2024,02:45,[02:30-02:45[,S,V,V,V,V,23.60,23.60
15/03/2024,03:00,[02:45-03:00[,S,V,V,V,V,23.60,23.60
15/03/2024,03:15,[03:00-03:15[,S,V,V,V,V,20.89,20.89
15/03/2024,03:30,[03:15-03:30[,S,V,V,V,V,20.89,20.89
15/03/2024,03:45,[03:30-03:45[,S,V,V,V,V,20.89,20.89
15/03/2024,04:00,[03:45-04:00[,S,V,V,V,V,20.89,20.89
15/03/2024,04:15,[04:00-04:15[,S,V,V,V,V,24.10,24.10
15/03/2024,04:30,[04:15-04:30[,S,V,V,V,V,24.10,24.10
15/03/2024,04:45,[04:30-04:45[,S,V,V,V,V,24.10,24.10
15/03/2024,05:00,[04:45-05:00[,S,V,V,V,V,24.10,24.10
15/03/2024,05:15,[05:00-05:15[,S,V,V,V,V,33.26,33.26
15/03/2024,05:30,[05:15-05:30[,S,V,V,V,V,33.26,33.26
15/03/2024,05:45,[05:30-05:45[,S,V,V,V,V,33.26,33.26
15/03/2024,06:00,[05:45-06:00[,S,V,V,V,V,33.26,33.26
15/03/2024,06:15,[06:00-06:15[,S,V,V,V,V,51.92,51.92
15/03/2024,06:30,[06:15-06:30[,S,V,V,V,V,51.92,51.92
15/03/2024,06:45,[06:30-06:45[,S,V,V,V,V,51.92,51.92
15/03/2024,07:00,[06:45-07:00[,S,V,V,V,V,51.92,51.92
15/03/2024,07:15,[07:00-07:15[,S,V,F,V,C,40.33,40.33
15/03/2024,07:30,[07:15-07:30[,S,V,F,V,C,40.33,40.33
15/03/2024,07:45,[07:30-07:45[,S,V,F,V,C,40.33,40.33
15/03/2024,08:00,[07:45-08:00[,S,V,F,V,C,40.33,40.33
15/03/2024,08:15,[08:00-08:15[,S,F,F,C,C,24.10,24.10
15/03/2024,08:30,[08:15-08:30[,S,F,F,C,C,24.10,24.10
15/03/2024,08:45,[08:30-08:45[,S,F,F,C,C,24.10,24.10
15/03/2024,09:00,[08:45-09:00[,S,F,F,C,C,24.10,24.10
15/03/2024,09:15,[09:00-09:15[,S,F,F,P,C,15.35,15.35
15/03/2024,09:30,[09:15-09:30[,S,F,F,P,C,15.35,15.35
15/03/2024,09:45,[09:30-09:45[,S,F,F,P,P,15.35,15.35
15/03/2024,10:00,[09:45-10:00[,S,F,F,P,P,15.35,15.35
15/03/2024,10:15,[10:00-10:15[,S,F,F,P,P,15.05,15.05
15/03/2024,10:30,[10:15-10:30[,S,F,F,P,P,15.05,15.05
15/03/2024,10:45,[10:30-10:45[,S,F,F,C,P,15.05,15.05
15/03/2024,11:00,[10:45-11:00[,S,F,F,C,P,15.05,15.05
15/03/2024,11:15,[11:00-11:15[,S,F,F,C,P,12.43,12.43
15/03/2024,11:30,[11:15-11:30[,S,F,F,C,P,12.43,12.43
15/03/2024,11:45,[11:30-11:45[,S,F,F,C,P,12.43,12.43
15/03/2024,12:00,[11:45-12:00[,S,F,F,C,P,12.43,12.43
15/03/2024,12:15,[12:00-12:15[,S,F,F,C,C,10.95,10.95
15/03/2024,12:30,[12:15-12:30[,S,F,F,C,C,10.95,10.95
15/03/2024,12:45,[12:30-12:45[,S,F,F,C,C,10.95,10.95
15/03/2024,13:00,[12:45-13:00[,S,F,F,C,C,10.95,10.95
15/03/2024,13:15,[13:00-13:15[,S,F,F,C,C,10.55,10.55
15/03/2024,13:30,[13:15-13:30[,S,F,F,C,C,10.55,10.55
15/03/2024,13:45,[13:30-13:45[,S,F,F,C,C,10.55,10.55
15/03/2024,14:00,[13:45-14:00[,S,F,F,C,C,10.55,10.55
15/03/2024,14:15,[14:00-14:15[,S,F,F,C,C,10.55,10.55
15/03/2024,14:30,[14:15-14:30[,S,F,F,C,C,10.55,10.55
15/03/2024,14:45,[14:30-14:45[,S,F,F,C,C,10.55,10.55
15/03/2024,15:00,[14:45-15:00[,S,F,F,C,C,10.55,10.55
15/03/2024,15:15,[15:00-15:15[,S,F,F,C,C,15.15,15.15
15/03/2024,15:30,[15:15-15:30[,S,F,F,C,C,15.15,15.15
15/03/2024,15:45,[15:30-15:45[,S,F,F,C,C,15.15,15.15
15/03/2024,16:00,[15:45-16:00[,S,F,F,C,C,15.15,15.15
15/03/2024,16:15,[16:00-16:15[,S,F,F,C,C,25.00,25.00
15/03/2024,16:30,[16:15-16:30[,S,F,F,C,C,25.00,25.00
15/03/2024,16:45,[16:30-16:45[,S,F,F,C,C,25.00,25.00
15/03/2024,17:00,[16:45-17:00[,S,F,F,C,C,25.00,25.00
15/03/2024,17:15,[17:00-17:15[,S,F,F,C,C,40.00,40.00
15/03/2024,17:30,[17:15-17:30[,S,F,F,C,C,40.00,40.00
15/03/2024,17:45,[17:30-17:45[,S,F,F,C,C,40.00,40.00
15/03/2024,18:00,[17:45-18:00[,S,F,F,C,C,40.00,40.00
15/03/2024,18:15,[18:00-18:15[,S,F,F,P,C,88.01,88.01
15/03/2024,18:30,[18:15-18:30[,S,F,F,P,C,88.01,88.01
15/03/2024,18:45,[18:30-18:45[,S,F,F,P,P,88.01,88.01
15/03/2024,19:00,[18:45-19:00[,S,F,F,P,P,88.01,88.01
15/03/2024,19:15,[19:00-19:15[,S,F,F,P,P,123.58,123.58
15/03/2024,19:30,[19:15-19:30[,S,F,F,P,P,123.58,123.58
15/03/2024,19:45,[19:30-19:45[,S,F,F,P,P,123.58,123.58
15/03/2024,20:00,[19:45-20:00[,S,F,F,P,P,123.58,123.58
15/03/2024,20:15,[20:00-20:15[,S,F,F,P,P,110.00,110.00
15/03/2024,20:30,[20:15-20:30[,S,F,F,P,P,110.00,110.00
15/03/2024,20:45,[20:30-20:45[,S,F,F,C,P,110.00,110.00
15/03/2024,21:00,[20:45-21:00[,S,F,F,C,P,110.00,110.00
15/03/2024,21:15,[21:00-21:15[,S,F,F,C,C,74.90,74.90
15/03/2024,21:30,[21:15-21:30[,S,F,F,C,C,74.90,74.90
15/03/2024,21:45,[21:30-21:45[,S,F,F,C,C,74.90,74.90
15/03/2024,22:00,[21:45-22:00[,S,F,F,C,C,74.90,74.90
15/03/2024,22:15,[22:00-22:15[,S,V,F,V,C,49.59,49.59
15/03/2024,22:30,[22:15-22:30[,S,V,F,V,C,49.59,49.59
15/03/2024,22:45,[22:30-22:45[,S,V,F,V,C,49.59,49.59
15/03/2024,23:00,[22:45-23:00[,S,V,F,V,C,49.59,49.59
15/03/2024,23:15,[23:00-23:15[,S,V,F,V,C,45.18,45.18
15/03/2024,23:30,[23:15-23:30[,S,V,F,V,C,45.18,45.18
15/03/2024,23:45,[23:30-23:45[,S,V,F,V,C,45.18,45.18
15/03/2024,23:59,[23:45-00:00[,S,V,F,V,C,45.18,45.18
16/03/2024,00:15,[00:00-00:15[,S,V,V,V,V,42.31,42.31
16/03/2024,00:30,[00:15-00:30[,S,V,V,V,V,42.31,42.31
16/03/2024,00:45,[00:30-00:45[,S,V,V,V,V,42.31,42.31
16/03/2024,01:00,[00:45-01:00[,S,V,V,V,V,42.31,42.31
16/03/2024,01:15,[01:00-01:15[,S,V,V,V,V,37.99,37.99
16/03/2024,01:30,[01:15-01:30[,S,V,V,V,V,37.99,37.99
16/03/2024,01:45,[01:30-01:45[,S,V,V,V,V,37.99,37.99
16/03/2024,02:00,[01:45-02:00[,S,V,V,V,V,37.99,37.99
16/03/2024,02:15,[02:00-02:15[,S,V,V,V,V,35.58,35.58
16/03/2024,02:30,[02:15-02:30[,S,V,V,V,V,35.58,35.58
16/03/2024,02:45,[02:30-02:45[,S,V,V,V,V,35.58,35.58
16/03/2024,03:00,[02:45-03:00[,S,V,V,V,V,35.58,35.58
16/03/2024,03:15,[03:00-03:15[,S,V,V,V,V,35.00,35.00
16/03/2024,03:30,[03:15-03:30[,S,V,V,V,V,35.00,35.00
16/03/2024,03:45,[03:30-03:45[,S,V,V,V,V,35.00,35.00
16/03/2024,04:00,[03:45-04:00[,S,V,V,V,V,35.00,35.00
16/03/2024,04:15,[04:00-04:15[,S,V,V,V,V,34.97,41.17
16/03/2024,04:30,[04:15-04:30[,S,V,V,V,V,34.97,41.17
16/03/2024,04:45,[04:30-04:45[,S,V,V,V,V,34.97,41.17
16/03/2024,05:00,[04:45-05:00[,S,V,V,V,V,34.97,41.17
16/03/2024,05:15,[05:00-05:15[,S,V,V,V,V,42.45,48.28
16/03/2024,05:30,[05:15-05:30[,S,V,V,V,V,42.45,48.28
16/03/2024,05:45,[05:30-05:45[,S,V,V,V,V,42.45,48.28
16/03/2024,06:00,[05:45-06:00[,S,V,V,V,V,42.45,48.28
16/03/2024,06:15,[06:00-06:15[,S,V,V,V,V,37.45,37.45
16/03/2024,06:30,[06:15-06:30[,S,V,V,V,V,37.45,37.45
16/03/2024,06:45,[06:30-06:45[,S,V,V,V,V,37.45,37.45
16/03/2024,07:00,[06:45-07:00[,S,V,V,V,V,37.45,37.45
16/03/2024,07:15,[07:00-07:15[,S,V,V,V,V,26.45,26.45
16/03/2024,07:30,[07:15-07:30[,S,V,V,V,V,26.45,26.45
16/03/2024,07:45,[07:30-07:45[,S,V,V,V,V,26.45,26.45
16/03/2024,08:00,[07:45-08:00[,S,V,V,V,V,26.45,26.45
16/03/2024,08:15,[08:00-08:15[,S,F,V,C,V,14.77,14.77
16/03/2024,08:30,[08:15-08:30[,S,F,V,C,V,14.77,14.77
16/03/2024,08:45,[08:30-08:45[,S,F,V,C,V,14.77,14.77
16/03/2024,09:00,[08:45-09:00[,S,F,V,C,V,14.77,14.77
16/03/2024,09:15,[09:00-09:15[,S,F,V,P,V,10.50,10.50
16/03/2024,09:30,[09:15-09:30[,S,F,V,P,V,10.50,10.50
16/03/2024,09:45,[09:30-09:45[,S,F,F,P,C,10.50,10.50
16/03/2024,10:00,[09:45-10:00[,S,F,F,P,C,10.50,10.50
16/03/2024,10:15,[10:00-10:15[,S,F,F,P,C,5.42,5.42
16/03/2024,10:30,[10:15-10:30[,S,F,F,P,C,5.42,5.42
16/03/2024,10:45,[10:30-10:45[,S,F,F,C,C,5.42,5.42
16/03/2024,11:00,[10:45-11:00[,S,F,F,C,C,5.42,5.42
16/03/2024,11:15,[11:00-11:15[,S,F,F,C,C,3.20,3.20
16/03/2024,11:30,[11:15-11:30[,S,F,F,C,C,3.20,3.20
16/03/2024,11:45,[11:30-11:45[,S,F,F,C,C,3.20,3.20
16/03/2024,12:00,[11:45-12:00[,S,F,F,C,C,3.20,3.20
16/03/2024,12:15,[12:00-12:15[,S,F,F,C,C,3.20,3.20
16/03/2024,12:30,[12:15-12:30[,S,F,F,C,C,3.20,3.20
16/03/2024,12:45,[12:30-12:45[,S,F,F,C,C,3.20,3.20
16/03/2024,13:00,[12:45-13:00[,S,F,F,C,C,3.20,3.20
16/03/2024,13:15,[13:00-13:15[,S,F,V,C,V,1.00,1.00
16/03/2024,13:30,[13:15-13:30[,S,F,V,C,V,1.00,1.00
16/03/2024,13:45,[13:30-13:45[,S,F,V,C,V,1.00,1.00
16/03/2024,14:00,[13:45-14:00[,S,F,V,C,V,1.00,1.00
16/03/2024,14:15,[14:00-14:15[,S,F,V,C,V,0.43,0.43
16/03/2024,14:30,[14:15-14:30[,S,F,V,C,V,0.43,0.43
16/03/2024,14:45,[14:30-14:45[,S,F,V,C,V,0.43,0.43
16/03/2024,15:00,[14:45-15:00[,S,F,V,C,V,0.43,0.43
16/03/2024,15:15,[15:00-15:15[,S,F,V,C,V,4.25,4.25
16/03/2024,15:30,[15:15-15:30[,S,F,V,C,V,4.25,4.25
16/03/2024,15:45,[15:30-15:45[,S,F,V,C,V,4.25,4.25
16/03/2024,16:00,[15:45-16:00[,S,F,V,C,V,4.25,4.25
16/03/2024,16:15,[16:00-16:15[,S,F,V,C,V,13.45,13.45
16/03/2024,16:30,[16:15-16:30[,S,F,V,C,V,13.45,13.45
16/03/2024,16:45,[16:30-16:45[,S,F,V,C,V,13.45,13.45
16/03/2024,17:00,[16:45-17:00[,S,F,V,C,V,13.45,13.45
16/03/2024,17:15,[17:00-17:15[,S,F,V,C,V,30.00,30.00
16/03/2024,17:30,[17:15-17:30[,S,F,V,C,V,30.00,30.00
16/03/2024,17:45,[17:30-17:45[,S,F,V,C,V,30.00,30.00
16/03/2024,18:00,[17:45-18:00[,S,F,V,C,V,30.00,30.00
16/03/2024,18:15,[18:00-18:15[,S,F,V,P,V,65.30,80.50
16/03/2024,18:30,[18:15-18:30[,S,F,V,P,V,65.30,80.50
16/03/2024,18:45,[18:30-18:45[,S,F,F,P,C,65.30,80.50
16/03/2024,19:00,[18:45-19:00[,S,F,F,P,C,65.30,80.50
16/03/2024,19:15,[19:00-19:15[,S,F,F,P,C,82.61,82.61
16/03/2024,19:30,[19:15-19:30[,S,F,F,P,C,82.61,82.61
16/03/2024,19:45,[19:30-19:45[,S,F,F,P,C,82.61,82.61
16/03/2024,20:00,[19:45-20:00[,S,F,F,P,C,82.61,82.61
16/03/2024,20:15,[20:00-20:15[,S,F,F,P,C,73.35,73.35
16/03/2024,20:30,[20:15-20:30[,S,F,F,P,C,73.35,73.35
16/03/2024,20:45,[20:30-20:45[,S,F,F,C,C,73.35,73.35
16/03/2024,21:00,[20:45-21:00[,S,F,F,C,C,73.35,73.35
16/03/2024,21:15,[21:00-21:15[,S,F,F,C,C,51.06,51.06
16/03/2024,21:30,[21:15-21:30[,S,F,F,C,C,51.06,51.06
16/03/2024,21:45,[21:30-21:45[,S,F,F,C,C,51.06,51.06
16/03/2024,22:00,[21:45-22:00[,S,F,F,C,C,51.06,51.06
16/03/2024,22:15,[22:00-22:15[,S,V,V,V,V,35.58,35.58
16/03/2024,22:30,[22:15-22:30[,S,V,V,V,V,35.58,35.58
16/03/2024,22:45,[22:30-22:45[,S,V,V,V,V,35.58,35.58
16/03/2024,23:00,[22:45-23:00[,S,V,V,V,V,35.58,35.58
16/03/2024,23:15,[23:00-23:15[,S,V,V,V,V,35.00,35.00
16/03/2024,23:30,[23:15-23:30[,S,V,V,V,V,35.00,35.00
16/03/2024,23:45,[23:30-23:45[,S,V,V,V,V,35.00,35.00
16/03/2024,23:59,[23:45-00:00[,S,V,V,V,V,35.00,35.00
17/03/2024,00:15,[00:00-00:15[,S,V,V,V,V,30.00,30.00
17/03/2024,00:30,[00:15-00:30[,S,V,V,V,V,30.00,30.00
17/03/2024,00:45,[00:30-00:45[,S,V,V,V,V,30.00,30.00
17/03/2024,01:00,[00:45-01:00[,S,V,V,V,V,30.00,30.00
17/03/2024,01:15,[01:00-01:15[,S,V,V,V,V,25.15,25.15
17/03/2024,01:30,[01:15-01:30[,S,V,V,V,V,25.15,25.15
17/03/2024,01:45,[01:30-01:45[,S,V,V,V,V,25.15,25.15
17/03/2024,02:00,[01:45-02:00[,S,V,V,V,V,25.15,25.15
17/03/2024,02:15,[02:00-02:15[,S,V,V,V,V,25.15,25.15
17/03/2024,02:30,[02:15-02:30[,S,V,V,V,V,25.15,25.15
17/03/2024,02:45,[02:30-02:45[,S,V,V,V,V,25.15,25.15
17/03/2024,03:00,[02:45-03:00[,S,V,V,V,V,25.15,25.15
17/03/2024,03:15,[03:00-03:15[,S,V,V,V,V,25.15,25.15
17/03/2024,03:30,[03:15-03:30[,S,V,V,V,V,25.15,25.15
17/03/2024,03:45,[03:30-03:45[,S,V,V,V,V,25.15,25.15
17/03/2024,04:00,[03:45-04:00[,S,V,V,V,V,25.15,25.15
17/03/2024,04:15,[04:00-04:15[,S,V,V,V,V,25.00,25.00
17/03/2024,04:30,[04:15-04:30[,S,V,V,V,V,25.00,25.00
17/03/2024,04:45,[04:30-04:45[,S,V,V,V,V,25.00,25.00
17/03/2024,05:00,[04:45-05:00[,S,V,V,V,V,25.00,25.00
17/03/2024,05:15,[05:00-05:15[,S,V,V,V,V,21.45,21.45
17/03/2024,05:30,[05:15-05:30[,S,V,V,V,V,21.45,21.45
17/03/2024,05:45,[05:30-05:45[,S,V,V,V,V,21.45,21.45
17/03/2024,06:00,[05:45-06:00[,S,V,V,V,V,21.45,21.45
17/03/2024,06:15,[06:00-06:15[,S,V,V,V,V,24.00,24.00
17/03/2024,06:30,[06:15-06:30[,S,V,V,V,V,24.00,24.00
17/03/2024,06:45,[06:30-06:45[,S,V,V,V,V,24.00,24.00
17/03/2024,07:00,[06:45-07:00[,S,V,V,V,V,24.00,24.00
17/03/2024,07:15,[07:00-07:15[,S,V,V,V,V,11.25,11.25
17/03/2024,07:30,[07:15-07:30[,S,V,V,V,V,11.25,11.25
17/03/2024,07:45,[07:30-07:45[,S,V,V,V,V,11.25,11.25
17/03/2024,08:00,[07:45-08:00[,S,V,V,V,V,11.25,11.25
17/03/2024,08:15,[08:00-08:15[,S,F,V,C,V,11.34,11.34
17/03/2024,08:30,[08:15-08:30[,S,F,V,C,V,11.34,11.34
17/03/2024,08:45,[08:30-08:45[,S,F,V,C,V,11.34,11.34
17/03/2024,09:00,[08:45-09:00[,S,F,V,C,V,11.34,11.34
17/03/2024,09:15,[09:00-09:15[,S,F,V,P,V,9.72,9.72
17/03/2024,09:30,[09:15-09:30[,S,F,V,P,V,9.72,9.72
17/03/2024,09:45,[09:30-09:45[,S,F,V,P,V,9.72,9.72
17/03/2024,10:00,[09:45-10:00[,S,F,V,P,V,9.72,9.72
17/03/2024,10:15,[10:00-10:15[,S,F,V,P,V,0.43,0.43
17/03/2024,10:30,[10:15-10:30[,S,F,V,P,V,0.43,0.43
17/03/2024,10:45,[10:30-10:45[,S,F,V,C,V,0.43,0.43
17/03/2024,11:00,[10:45-11:00[,S,F,V,C,V,0.43,0.43
17/03/2024,11:15,[11:00-11:15[,S,F,V,C,V,0.43,0.43
17/03/2024,11:30,[11:15-11:30[,S,F,V,C,V,0.43,0.43
17/03/2024,11:45,[11:30-11:45[,S,F,V,C,V,0.43,0.43
17/03/2024,12:00,[11:45-12:00[,S,F,V,C,V,0.43,0.43
17/03/2024,12:15,[12:00-12:15[,S,F,V,C,V,0.43,0.43
17/03/2024,12:30,[12:15-12:30[,S,F,V,C,V,0.43,0.43
17/03/2024,12:45,[12:30-12:45[,S,F,V,C,V,0.43,0.43
17/03/2024,13:00,[12:45-13:00[,S,F,V,C,V,0.43,0.43
17/03/2024,13:15,[13:00-13:15[,S,F,V,C,V,0.43,0.43
17/03/2024,13:30,[13:15-13:30[,S,F,V,C,V,0.43,0.43
17/03/2024,13:45,[13:30-13:45[,S,F,V,C,V,0.43,0.43
17/03/2024,14:00,[13:45-14:00[,S,F,V,C,V,0.43,0.43
17/03/2024,14:15,[14:00-14:15[,S,F,V,C,V,0.43,0.43
17/03/2024,14:30,[14:15-14:30[,S,F,V,C,V,0.43,0.43
17/03/2024,14:45,[14:30-14:45[,S,F,V,C,V,0.43,0.43
17/03/2024,15:00,[14:45-15:00[,S,F,V,C,V,0.43,0.43
17/03/2024,15:15,[15:00-15:15[,S,F,V,C,V,9.72,9.72
17/03/2024,15:30,[15:15-15:30[,S,F,V,C,V,9.72,9.72
17/03/2024,15:45,[15:30-15:45[,S,F,V,C,V,9.72,9.72
17/03/2024,16:00,[15:45-16:00[,S,F,V,C,V,9.72,9.72
17/03/2024,16:15,[16:00-16:15[,S,F,V,C,V,14.95,14.95
17/03/2024,16:30,[16:15-16:30[,S,F,V,C,V,14.95,14.95
17/03/2024,16:45,[16:30-16:45[,S,F,V,C,V,14.95,14.95
17/03/2024,17:00,[16:45-17:00[,S,F,V,C,V,14.95,14.95
17/03/2024,17:15,[17:00-17:15[,S,F,V,C,V,35.00,35.00
17/03/2024,17:30,[17:15-17:30[,S,F,V,C,V,35.00,35.00
17/03/2024,17:45,[17:30-17:45[,S,F,V,C,V,35.00,35.00
17/03/2024,18:00,[17:45-18:00[,S,F,V,C,V,35.00,35.00
17/03/2024,18:15,[18:00-18:15[,S,F,V,P,V,79.06,79.96
17/03/2024,18:30,[18:15-18:30[,S,F,V,P,V,79.06,79.96
17/03/2024,18:45,[18:30-18:45[,S,F,V,P,V,79.06,79.96
17/03/2024,19:00,[18:45-19:00[,S,F,V,P,V,79.06,79.96
17/03/2024,19:15,[19:00-19:15[,S,F,V,P,V,77.89,77.89
17/03/2024,19:30,[19:15-19:30[,S,F,V,P,V,77.89,77.89
17/03/2024,19:45,[19:30-19:45[,S,F,V,P,V,77.89,77.89
17/03/2024,20:00,[19:45-20:00[,S,F,V,P,V,77.89,77.89
17/03/2024,20:15,[20:00-20:15[,S,F,V,P,V,72.33,72.33
17/03/2024,20:30,[20:15-20:30[,S,F,V,P,V,72.33,72.33
17/03/2024,20:45,[20:30-20:45[,S,F,V,C,V,72.33,72.33
17/03/2024,21:00,[20:45-21:00[,S,F,V,C,V,72.33,72.33
17/03/2024,21:15,[21:00-21:15[,S,F,V,C,V,72.10,72.10
17/03/2024,21:30,[21:15-21:30[,S,F,V,C,V,72.10,72.10
17/03/2024,21:45,[21:30-21:45[,S,F,V,C,V,72.10,72.10
17/03/2024,22:00,[21:45-22:00[,S,F,V,C,V,72.10,72.10
17/03/2024,22:15,[22:00-22:15[,S,V,V,V,V,65.91,65.91
17/03/2024,22:30,[22:15-22:30[,S,V,V,V,V,65.91,65.91
17/03/2024,22:45,[22:30-22:45[,S,V,V,V,V,65.91,65.91
17/03/2024,23:00,[22:45-23:00[,S,V,V,V,V,65.91,65.91
17/03/2024,23:15,[23:00-23:15[,S,V,V,V,V,64.12,64.12
17/03/2024,23:30,[23:15-23:30[,S,V,V,V,V,64.12,64.12
17/03/2024,23:45,[23:30-23:45[,S,V,V,V,V,64.12,64.12
17/03/2024,23:59,[23:45-00:00[,S,V,V,V,V,64.12,64.12
18/03/2024,00:15,[00:00-00:15[,S,V,V,V,V,50.30,50.30
18/03/2024,00:30,[00:15-00:30[,S,V,V,V,V,50.30,50.30
18/03/2024,00:45,[00:30-00:45[,S,V,V,V,V,50.30,50.30
18/03/2024,01:00,[00:45-01:00[,S,V,V,V,V,50.30,50.30
18/03/2024,01:15,[01:00-01:15[,S,V,V,V,V,48.85,48.85
18/03/2024,01:30,[01:15-01:30[,S,V,V,V,V,48.85,48.85
18/03/2024,01:45,[01:30-01:45[,S,V,V,V,V,48.85,48.85
18/03/2024,02:00,[01:45-02:00[,S,V,V,V,V,48.85,48.85
18/03/2024,02:15,[02:00-02:15[,S,V,V,V,V,48.85,48.85
18/03/2024,02:30,[02:15-02:30[,S,V,V,V,V,48.85,48.85
18/03/2024,02:45,[02:30-02:45[,S,V,V,V,V,48.85,48.85
18/03/2024,03:00,[02:45-03:00[,S,V,V,V,V,48.85,48.85
18/03/2024,03:15,[03:00-03:15[,S,V,V,V,V,46.03,46.03
18/03/2024,03:30,[03:15-03:30[,S,V,V,V,V,46.03,46.03
18/03/2024,03:45,[03:30-03:45[,S,V,V,V,V,46.03,46.03
18/03/2024,04:00,[03:45-04:00[,S,V,V,V,V,46.03,46.03
18/03/2024,04:15,[04:00-04:15[,S,V,V,V,V,44.28,44.28
18/03/2024,04:30,[04:15-04:30[,S,V,V,V,V,44.28,44.28
18/03/2024,04:45,[04:30-04:45[,S,V,V,V,V,44.28,44.28
18/03/2024,05:00,[04:45-05:00[,S,V,V,V,V,44.28,44.28
18/03/2024,05:15,[05:00-05:15[,S,V,V,V,V,52.61,61.71
18/03/2024,05:30,[05:15-05:30[,S,V,V,V,V,52.61,61.71
18/03/2024,05:45,[05:30-05:45[,S,V,V,V,V,52.61,61.71
18/03/2024,06:00,[05:45-06:00[,S,V,V,V,V,52.61,61.71
18/03/2024,06:15,[06:00-06:15[,S,V,V,V,V,62.61,94.68
18/03/2024,06:30,[06:15-06:30[,S,V,V,V,V,62.61,94.68
18/03/2024,06:45,[06:30-06:45[,S,V,V,V,V,62.61,94.68
18/03/2024,07:00,[06:45-07:00[,S,V,V,V,V,62.61,94.68
18/03/2024,07:15,[07:00-07:15[,S,V,F,V,C,79.06,94.45
18/03/2024,07:30,[07:15-07:30[,S,V,F,V,C,79.06,94.45
18/03/2024,07:45,[07:30-07:45[,S,V,F,V,C,79.06,94.45
18/03/2024,08:00,[07:45-08:00[,S,V,F,V,C,79.06,94.45
18/03/2024,08:15,[08:00-08:15[,S,F,F,C,C,52.61,52.61
18/03/2024,08:30,[08:15-08:30[,S,F,F,C,C,52.61,52.61
18/03/2024,08:45,[08:30-08:45[,S,F,F,C,C,52.61,52.61
18/03/2024,09:00,[08:45-09:00[,S,F,F,C,C,52.61,52.61
18/03/2024,09:15,[09:00-09:15[,S,F,F,P,C,42.10,42.10
18/03/2024,09:30,[09:15-09:30[,S,F,F,P,C,42.10,42.10
18/03/2024,09:45,[09:30-09:45[,S,F,F,P,P,42.10,42.10
18/03/2024,10:00,[09:45-10:00[,S,F,F,P,P,42.10,42.10
18/03/2024,10:15,[10:00-10:15[,S,F,F,P,P,35.00,35.00
18/03/2024,10:30,[10:15-10:30[,S,F,F,P,P,35.00,35.00
18/03/2024,10:45,[10:30-10:45[,S,F,F,C,P,35.00,35.00
18/03/2024,11:00,[10:45-11:00[,S,F,F,C,P,35.00,35.00
18/03/2024,11:15,[11:00-11:15[,S,F,F,C,P,35.00,35.00
18/03/2024,11:30,[11:15-11:30[,S,F,F,C,P,35.00,35.00
18/03/2024,11:45,[11:30-11:45[,S,F,F,C,P,35.00,35.00
18/03/2024,12:00,[11:45-12:00[,S,F,F,C,P,35.00,35.00
18/03/2024,12:15,[12:00-12:15[,S,F,F,C,C,35.00,35.00
18/03/2024,12:30,[12:15-12:30[,S,F,F,C,C,35.00,35.00
18/03/2024,12:45,[12:30-12:45[,S,F,F,C,C,35.00,35.00
18/03/2024,13:00,[12:45-13:00[,S,F,F,C,C,35.00,35.00
18/03/2024,13:15,[13:00-13:15[,S,F,F,C,C,35.00,35.00
18/03/2024,13:30,[13:15-13:30[,S,F,F,C,C,35.00,35.00
18/03/2024,13:45,[13:30-13:45[,S,F,F,C,C,35.00,35.00
18/03/2024,14:00,[13:45-14:00[,S,F,F,C,C,35.00,35.00
18/03/2024,14:15,[14:00-14:15[,S,F,F,C,C,35.50,35.50
18/03/2024,14:30,[14:15-14:30[,S,F,F,C,C,35.50,35.50
18/03/2024,14:45,[14:30-14:45[,S,F,F,C,C,35.50,35.50
18/03/2024,15:00,[14:45-15:00[,S,F,F,C,C,35.50,35.50
18/03/2024,15:15,[15:00-15:15[,S,F,F,C,C,43.86,43.86
18/03/2024,15:30,[15:15-15:30[,S,F,F,C,C,43.86,43.86
18/03/2024,15:45,[15:30-15:45[,S,F,F,C,C,43.86,43.86
18/03/2024,16:00,[15:45-16:00[,S,F,F,C,C,43.86,43.86
18/03/2024,16:15,[16:00-16:15[,S,F,F,C,C,47.70,47.70
18/03/2024,16:30,[16:15-16:30[,S,F,F,C,C,47.70,47.70
18/03/2024,16:45,[16:30-16:45[,S,F,F,C,C,47.70,47.70
18/03/2024,17:00,[16:45-17:00[,S,F,F,C,C,47.70,47.70
18/03/2024,17:15,[17:00-17:15[,S,F,F,C,C,73.45,73.45
18/03/2024,17:30,[17:15-17:30[,S,F,F,C,C,73.45,73.45
18/03/2024,17:45,[17:30-17:45[,S,F,F,C,C,73.45,73.45
18/03/2024,18:00,[17:45-18:00[,S,F,F,C,C,73.45,73.45
18/03/2024,18:15,[18:00-18:15[,S,F,F,P,C,125.16,125.16
18/03/2024,18:30,[18:15-18:30[,S,F,F,P,C,125.16,125.16
18/03/2024,18:45,[18:30-18:45[,S,F,F,P,P,125.16,125.16
18/03/2024,19:00,[18:45-19:00[,S,F,F,P,P,125.16,125.16
18/03/2024,19:15,[19:00-19:15[,S,F,F,P,P,114.24,114.24
18/03/2024,19:30,[19:15-19:30[,S,F,F,P,P,114.24,114.24
18/03/2024,19:45,[19:30-19:45[,S,F,F,P,P,114.24,114.24
18/03/2024,20:00,[19:45-20:00[,S,F,F,P,P,114.24,114.24
18/03/2024,20:15,[20:00-20:15[,S,F,F,P,P,95.85,95.85
18/03/2024,20:30,[20:15-20:30[,S,F,F,P,P,95.85,95.85
18/03/2024,20:45,[20:30-20:45[,S,F,F,C,P,95.85,95.85
18/03/2024,21:00,[20:45-21:00[,S,F,F,C,P,95.85,95.85
18/03/2024,21:15,[21:00-21:15[,S,F,F,C,C,77.80,77.80
18/03/2024,21:30,[21:15-21:30[,S,F,F,C,C,77.80,77.80
18/03/2024,21:45,[21:30-21:45[,S,F,F,C,C,77.80,77.80
18/03/2024,22:00,[21:45-22:00[,S,F,F,C,C,77.80,77.80
18/03/2024,22:15,[22:00-22:15[,S,V,F,V,C,70.51,70.51
18/03/2024,22:30,[22:15-22:30[,S,V,F,V,C,70.51,70.51
18/03/2024,22:45,[22:30-22:45[,S,V,F,V,C,70.51,70.51
18/03/2024,23:00,[22:45-23:00[,S,V,F,V,C,70.51,70.51
18/03/2024,23:15,[23:00-23:15[,S,V,F,V,C,69.14,69.14
18/03/2024,23:30,[23:15-23:30[,S,V,F,V,C,69.14,69.14
18/03/2024,23:45,[23:30-23:45[,S,V,F,V,C,69.14,69.14
18/03/2024,23:59,[23:45-00:00[,S,V,F,V,C,69.14,69.14
19/03/2024,00:15,[00:00-00:15[,S,V,V,V,V,65.06,65.06
19/03/2024,00:30,[00:15-00:30[,S,V,V,V,V,65.06,65.06
19/03/2024,00:45,[00:30-00:45[,S,V,V,V,V,65.06,65.06
19/03/2024,01:00,[00:45-01:00[,S,V,V,V,V,65.06,65.06
19/03/2024,01:15,[01:00-01:15[,S,V,V,V,V,58.13,58.13
19/03/2024,01:30,[01:15-01:30[,S,V,V,V,V,58.13,58.13
19/03/2024,01:45,[01:30-01:45[,S,V,V,V,V,58.13,58.13
19/03/2024,02:00,[01:45-02:00[,S,V,V,V,V,58.13,58.13
19/03/2024,02:15,[02:00-02:15[,S,V,V,V,V,56.18,56.18
19/03/2024,02:30,[02:15-02:30[,S,V,V,V,V,56.18,56.18
19/03/2024,02:45,[02:30-02:45[,S,V,V,V,V,56.18,56.18
19/03/2024,03:00,[02:45-03:00[,S,V,V,V,V,56.18,56.18
19/03/2024,03:15,[03:00-03:15[,S,V,V,V,V,53.00,53.00
19/03/2024,03:30,[03:15-03:30[,S,V,V,V,V,53.00,53.00
19/03/2024,03:45,[03:30-03:45[,S,V,V,V,V,53.00,53.00
19/03/2024,04:00,[03:45-04:00[,S,V,V,V,V,53.00,53.00
19/03/2024,04:15,[04:00-04:15[,S,V,V,V,V,58.76,58.76
19/03/2024,04:30,[04:15-04:30[,S,V,V,V,V,58.76,58.76
19/03/2024,04:45,[04:30-04:45[,S,V,V,V,V,58.76,58.76
19/03/2024,05:00,[04:45-05:00[,S,V,V,V,V,58.76,58.76
19/03/2024,05:15,[05:00-05:15[,S,V,V,V,V,70.50,76.18
19/03/2024,05:30,[05:15-05:30[,S,V,V,V,V,70.50,76.18
19/03/2024,05:45,[05:30-05:45[,S,V,V,V,V,70.50,76.18
19/03/2024,06:00,[05:45-06:00[,S,V,V,V,V,70.50,76.18
19/03/2024,06:15,[06:00-06:15[,S,V,V,V,V,91.00,101.64
19/03/2024,06:30,[06:15-06:30[,S,V,V,V,V,91.00,101.64
19/03/2024,06:45,[06:30-06:45[,S,V,V,V,V,91.00,101.64
19/03/2024,07:00,[06:45-07:00[,S,V,V,V,V,91.00,101.64
19/03/2024,07:15,[07:00-07:15[,S,V,F,V,C,95.87,95.87
19/03/2024,07:30,[07:15-07:30[,S,V,F,V,C,95.87,95.87
19/03/2024,07:45,[07:30-07:45[,S,V,F,V,C,95.87,95.87
19/03/2024,08:00,[07:45-08:00[,S,V,F,V,C,95.87,95.87
19/03/2024,08:15,[08:00-08:15[,S,F,F,C,C,58.13,58.13
19/03/2024,08:30,[08:15-08:30[,S,F,F,C,C,58.13,58.13
19/03/2024,08:45,[08:30-08:45[,S,F,F,C,C,58.13,58.13
19/03/2024,09:00,[08:45-09:00[,S,F,F,C,C,58.13,58.13
19/03/2024,09:15,[09:00-09:15[,S,F,F,P,C,37.28,37.28
19/03/2024,09:30,[09:15-09:30[,S,F,F,P,C,37.28,37.28
19/03/2024,09:45,[09:30-09:45[,S,F,F,P,P,37.28,37.28
19/03/2024,10:00,[09:45-10:00[,S,F,F,P,P,37.28,37.28
19/03/2024,10:15,[10:00-10:15[,S,F,F,P,P,35.26,35.26
19/03/2024,10:30,[10:15-10:30[,S,F,F,P,P,35.26,35.26
19/03/2024,10:45,[10:30-10:45[,S,F,F,C,P,35.26,35.26
19/03/2024,11:00,[10:45-11:00[,S,F,F,C,P,35.26,35.26
19/03/2024,11:15,[11:00-11:15[,S,F,F,C,P,35.00,35.00
19/03/2024,11:30,[11:15-11:30[,S,F,F,C,P,35.00,35.00
19/03/2024,11:45,[11:30-11:45[,S,F,F,C,P,35.00,35.00
19/03/2024,12:00,[11:45-12:00[,S,F,F,C,P,35.00,35.00
19/03/2024,12:15,[12:00-12:15[,S,F,F,C,C,35.00,35.00
19/03/2024,12:30,[12:15-12:30[,S,F,F,C,C,35.00,35.00
19/03/2024,12:45,[12:30-12:45[,S,F,F,C,C,35.00,35.00
19/03/2024,13:00,[12:45-13:00[,S,F,F,C,C,35.00,35.00
19/03/2024,13:15,[13:00-13:15[,S,F,F,C,C,35.00,35.00
19/03/2024,13:30,[13:15-13:30[,S,F,F,C,C,35.00,35.00
19/03/2024,13:45,[13:30-13:45[,S,F,F,C,C,35.00,35.00
19/03/2024,14:00,[13:45-14:00[,S,F,F,C,C,35.00,35.00
19/03/2024,14:15,[14:00-14:15[,S,F,F,C,C,35.00,35.00
19/03/2024,14:30,[14:15-14:30[,S,F,F,C,C,35.00,35.00
19/03/2024,14:45,[14:30-14:45[,S,F,F,C,C,35.00,35.00
19/03/2024,15:00,[14:45-15:00[,S,F,F,C,C,35.00,35.00
19/03/2024,15:15,[15:00-15:15[,S,F,F,C,C,35.54,35.54
19/03/2024,15:30,[15:15-15:30[,S,F,F,C,C,35.54,35.54
19/03/2024,15:45,[15:30-15:45[,S,F,F,C,C,35.54,35.54
19/03/2024,16:00,[15:45-16:00[,S,F,F,C,C,35.54,35.54
19/03/2024,16:15,[16:00-16:15[,S,F,F,C,C,54.50,54.50
19/03/2024,16:30,[16:15-16:30[,S,F,F,C,C,54.50,54.50
19/03/2024,16:45,[16:30-16:45[,S,F,F,C,C,54.50,54.50
19/03/2024,17:00,[16:45-17:00[,S,F,F,C,C,54.50,54.50
19/03/2024,17:15,[17:00-17:15[,S,F,F,C,C,76.62,76.62
19/03/2024,17:30,[17:15-17:30[,S,F,F,C,C,76.62,76.62
19/03/2024,17:45,[17:30-17:45[,S,F,F,C,C,76.62,76.62
19/03/2024,18:00,[17:45-18:00[,S,F,F,C,C,76.62,76.62
19/03/2024,18:15,[18:00-18:15[,S,F,F,P,C,128.96,128.96
19/03/2024,18:30,[18:15-18:30[,S,F,F,P,C,128.96,128.96
19/03/2024,18:45,[18:30-18:45[,S,F,F,P,P,128.96,128.96
19/03/2024,19:00,[18:45-19:00[,S,F,F,P,P,128.96,128.96
19/03/2024,19:15,[19:00-19:15[,S,F,F,P,P,110.00,110.00
19/03/2024,19:30,[19:15-19:30[,S,F,F,P,P,110.00,110.00
19/03/2024,19:45,[19:30-19:45[,S,F,F,P,P,110.00,110.00
19/03/2024,20:00,[19:45-20:00[,S,F,F,P,P,110.00,110.00
19/03/2024,20:15,[20:00-20:15[,S,F,F,P,P,92.01,92.01
19/03/2024,20:30,[20:15-20:30[,S,F,F,P,P,92.01,92.01
19/03/2024,20:45,[20:30-20:45[,S,F,F,C,P,92.01,92.01
19/03/2024,21:00,[20:45-21:00[,S,F,F,C,P,92.01,92.01
19/03/2024,21:15,[21:00-21:15[,S,F,F,C,C,81.75,81.75
19/03/2024,21:30,[21:15-21:30[,S,F,F,C,C,81.75,81.75
19/03/2024,21:45,[21:30-21:45[,S,F,F,C,C,81.75,81.75
19/03/2024,22:00,[21:45-22:00[,S,F,F,C,C,81.75,81.75
19/03/2024,22:15,[22:00-22:15[,S,V,F,V,C,76.10,76.10
19/03/2024,22:30,[22:15-22:30[,S,V,F,V,C,76.10,76.10
19/03/2024,22:45,[22:30-22:45[,S,V,F,V,C,76.10,76.10
19/03/2024,23:00,[22:45-23:00[,S,V,F,V,C,76.10,76.10
19/03/2024,23:15,[23:00-23:15[,S,V,F,V,C,70.00,70.00
19/03/2024,23:30,[23:15-23:30[,S,V,F,V,C,70.00,70.00
19/03/2024,23:45,[23:30-23:45[,S,V,F,V,C,70.00,70.00
19/03/2024,23:59,[23:45-00:00[,S,V,F,V,C,70.00,70.00
20/03/2024,00:15,[00:00-00:15[,S,V,V,V,V,68.57,68.57
20/03/2024,00:30,[00:15-00:30[,S,V,V,V,V,68.57,68.57
20/03/2024,00:45,[00:30-00:45[,S,V,V,V,V,68.57,68.57
20/03/2024,01:00,[00:45-01:00[,S,V,V,V,V,68.57,68.57
20/03/2024,01:15,[01:00-01:15[,S,V,V,V,V,60.78,60.78
20/03/2024,01:30,[01:15-01:30[,S,V,V,V,V,60.78,60.78
20/03/2024,01:45,[01:30-01:45[,S,V,V,V,V,60.78,60.78
20/03/2024,02:00,[01:45-02:00[,S,V,V,V,V,60.78,60.78
20/03/2024,02:15,[02:00-02:15[,S,V,V,V,V,50.53,50.53
20/03/2024,02:30,[02:15-02:30[,S,V,V,V,V,50.53,50.53
20/03/2024,02:45,[02:30-02:45[,S,V,V,V,V,50.53,50.53
20/03/2024,03:00,[02:45-03:00[,S,V,V,V,V,50.53,50.53
20/03/2024,03:15,[03:00-03:15[,S,V,V,V,V,42.84,42.84
20/03/2024,03:30,[03:15-03:30[,S,V,V,V,V,42.84,42.84
20/03/2024,03:45,[03:30-03:45[,S,V,V,V,V,42.84,42.84
20/03/2024,04:00,[03:45-04:00[,S,V,V,V,V,42.84,42.84
20/03/2024,04:15,[04:00-04:15[,S,V,V,V,V,58.00,58.00
20/03/2024,04:30,[04:15-04:30[,S,V,V,V,V,58.00,58.00
20/03/2024,04:45,[04:30-04:45[,S,V,V,V,V,58.00,58.00
20/03/2024,05:00,[04:45-05:00[,S,V,V,V,V,58.00,58.00
20/03/2024,05:15,[05:00-05:15[,S,V,V,V,V,68.00,68.00
20/03/2024,05:30,[05:15-05:30[,S,V,V,V,V,68.00,68.00
20/03/2024,05:45,[05:30-05:45[,S,V,V,V,V,68.00,68.00
20/03/2024,06:00,[05:45-06:00[,S,V,V,V,V,68.00,68.00
20/03/2024,06:15,[06:00-06:15[,S,V,V,V,V,88.38,88.38
20/03/2024,06:30,[06:15-06:30[,S,V,V,V,V,88.38,88.38
20/03/2024,06:45,[06:30-06:45[,S,V,V,V,V,88.38,88.38
20/03/2024,07:00,[06:45-07:00[,S,V,V,V,V,88.38,88.38
20/03/2024,07:15,[07:00-07:15[,S,V,F,V,C,85.25,85.25
20/03/2024,07:30,[07:15-07:30[,S,V,F,V,C,85.25,85.25
20/03/2024,07:45,[07:30-07:45[,S,V,F,V,C,85.25,85.25
20/03/2024,08:00,[07:45-08:00[,S,V,F,V,C,85.25,85.25
20/03/2024,08:15,[08:00-08:15[,S,F,F,C,C,61.76,61.76
20/03/2024,08:30,[08:15-08:30[,S,F,F,C,C,61.76,61.76
20/03/2024,08:45,[08:30-08:45[,S,F,F,C,C,61.76,61.76
20/03/2024,09:00,[08:45-09:00[,S,F,F,C,C,61.76,61.76
20/03/2024,09:15,[09:00-09:15[,S,F,F,P,C,35.70,35.70
20/03/2024,09:30,[09:15-09:30[,S,F,F,P,C,35.70,35.70
20/03/2024,09:45,[09:30-09:45[,S,F,F,P,P,35.70,35.70
20/03/2024,10:00,[09:45-10:00[,S,F,F,P,P,35.70,35.70
20/03/2024,10:15,[10:00-10:15[,S,F,F,P,P,35.00,35.00
20/03/2024,10:30,[10:15-10:30[,S,F,F,P,P,35.00,35.00
20/03/2024,10:45,[10:30-10:45[,S,F,F,C,P,35.00,35.00
20/03/2024,11:00,[10:45-11:00[,S,F,F,C,P,35.00,35.00
20/03/2024,11:15,[11:00-11:15[,S,F,F,C,P,33.26,33.26
20/03/2024,11:30,[11:15-11:30[,S,F,F,C,P,33.26,33.26
20/03/2024,11:45,[11:30-11:45[,S,F,F,C,P,33.26,33.26
20/03/2024,12:00,[11:45-12:00[,S,F,F,C,P,33.26,33.26
20/03/2024,12:15,[12:00-12:15[,S,F,F,C,C,27.00,27.00
20/03/2024,12:30,[12:15-12:30[,S,F,F,C,C,27.00,27.00
20/03/2024,12:45,[12:30-12:45[,S,F,F,C,C,27.00,27.00
20/03/2024,13:00,[12:45-13:00[,S,F,F,C,C,27.00,27.00
20/03/2024,13:15,[13:00-13:15[,S,F,F,C,C,27.28,27.28
20/03/2024,13:30,[13:15-13:30[,S,F,F,C,C,27.28,27.28
20/03/2024,13:45,[13:30-13:45[,S,F,F,C,C,27.28,27.28
20/03/2024,14:00,[13:45-14:00[,S,F,F,C,C,27.28,27.28
20/03/2024,14:15,[14:00-14:15[,S,F,F,C,C,28.69,28.69
20/03/2024,14:30,[14:15-14:30[,S,F,F,C,C,28.69,28.69
20/03/2024,14:45,[14:30-14:45[,S,F,F,C,C,28.69,28.69
20/03/2024,15:00,[14:45-15:00[,S,F,F,C,C,28.69,28.69
20/03/2024,15:15,[15:00-15:15[,S,F,F,C,C,34.15,34.15
20/03/2024,15:30,[15:15-15:30[,S,F,F,C,C,34.15,34.15
20/03/2024,15:45,[15:30-15:45[,S,F,F,C,C,34.15,34.15
20/03/2024,16:00,[15:45-16:00[,S,F,F,C,C,34.15,34.15
20/03/2024,16:15,[16:00-16:15[,S,F,F,C,C,35.43,35.43
20/03/2024,16:30,[16:15-16:30[,S,F,F,C,C,35.43,35.43
20/03/2024,16:45,[16:30-16:45[,S,F,F,C,C,35.43,35.43
20/03/2024,17:00,[16:45-17:00[,S,F,F,C,C,35.43,35.43
20/03/2024,17:15,[17:00-17:15[,S,F,F,C,C,61.02,61.02
20/03/2024,17:30,[17:15-17:30[,S,F,F,C,C,61.02,61.02
20/03/2024,17:45,[17:30-17:45[,S,F,F,C,C,61.02,61.02
20/03/2024,18:00,[17:45-18:00[,S,F,F,C,C,61.02,61.02
20/03/2024,18:15,[18:00-18:15[,S,F,F,P,C,97.01,97.01
20/03/2024,18:30,[18:15-18:30[,S,F,F,P,C,97.01,97.01
20/03/2024,18:45,[18:30-18:45[,S,F,F,P,P,97.01,97.01
20/03/2024,19:00,[18:45-19:00[,S,F,F,P,P,97.01,97.01
20/03/2024,19:15,[19:00-19:15[,S,F,F,P,P,100.76,100.76
20/03/2024,19:30,[19:15-19:30[,S,F,F,P,P,100.76,100.76
20/03/2024,19:45,[19:30-19:45[,S,F,F,P,P,100.76,100.76
20/03/2024,20:00,[19:45-20:00[,S,F,F,P,P,100.76,100.76
20/03/2024,20:15,[20:00-20:15[,S,F,F,P,P,79.25,79.25
20/03/2024,20:30,[20:15-20:30[,S,F,F,P,P,79.25,79.25
20/03/2024,20:45,[20:30-20:45[,S,F,F,C,P,79.25,79.25
20/03/2024,21:00,[20:45-21:00[,S,F,F,C,P,79.25,79.25
20/03/2024,21:15,[21:00-21:15[,S,F,F,C,C,68.00,68.00
20/03/2024,21:30,[21:15-21:30[,S,F,F,C,C,68.00,68.00
20/03/2024,21:45,[21:30-21:45[,S,F,F,C,C,68.00,68.00
20/03/2024,22:00,[21:45-22:00[,S,F,F,C,C,68.00,68.00
20/03/2024,22:15,[22:00-22:15[,S,V,F,V,C,50.00,50.00
20/03/2024,22:30,[22:15-22:30[,S,V,F,V,C,50.00,50.00
20/03/2024,22:45,[22:30-22:45[,S,V,F,V,C,50.00,50.00
20/03/2024,23:00,[22:45-23:00[,S,V,F,V,C,50.00,50.00
20/03/2024,23:15,[23:00-23:15[,S,V,F,V,C,35.00,35.00
20/03/2024,23:30,[23:15-23:30[,S,V,F,V,C,35.00,35.00
20/03/2024,23:45,[23:30-23:45[,S,V,F,V,C,35.00,35.00
20/03/2024,23:59,[23:45-00:00[,S,V,F,V,C,35.00,35.00
21/03/2024,00:15,[00:00-00:15[,S,V,V,V,V,34.47,34.47
21/03/2024,00:30,[00:15-00:30[,S,V,V,V,V,34.47,34.47
21/03/2024,00:45,[00:30-00:45[,S,V,V,V,V,34.47,34.47
21/03/2024,01:00,[00:45-01:00[,S,V,V,V,V,34.47,34.47
21/03/2024,01:15,[01:00-01:15[,S,V,V,V,V,33.97,33.97
21/03/2024,01:30,[01:15-01:30[,S,V,V,V,V,33.97,33.97
21/03/2024,01:45,[01:30-01:45[,S,V,V,V,V,33.97,33.97
21/03/2024,02:00,[01:45-02:00[,S,V,V,V,V,33.97,33.97
21/03/2024,02:15,[02:00-02:15[,S,V,V,V,V,34.17,34.17
21/03/2024,02:30,[02:15-02:30[,S,V,V,V,V,34.17,34.17
21/03/2024,02:45,[02:30-02:45[,S,V,V,V,V,34.17,34.17
21/03/2024,03:00,[02:45-03:00[,S,V,V,V,V,34.17,34.17
21/03/2024,03:15,[03:00-03:15[,S,V,V,V,V,34.07,34.07
21/03/2024,03:30,[03:15-03:30[,S,V,V,V,V,34.07,34.07
21/03/2024,03:45,[03:30-03:45[,S,V,V,V,V,34.07,34.07
21/03/2024,04:00,[03:45-04:00[,S,V,V,V,V,34.07,34.07
21/03/2024,04:15,[04:00-04:15[,S,V,V,V,V,35.00,35.00
21/03/2024,04:30,[04:15-04:30[,S,V,V,V,V,35.00,35.00
21/03/2024,04:45,[04:30-04:45[,S,V,V,V,V,35.00,35.00
21/03/2024,05:00,[04:45-05:00[,S,V,V,V,V,35.00,35.00
21/03/2024,05:15,[05:00-05:15[,S,V,V,V,V,35.00,35.00
21/03/2024,05:30,[05:15-05:30[,S,V,V,V,V,35.00,35.00
21/03/2024,05:45,[05:30-05:45[,S,V,V,V,V,35.00,35.00
21/03/2024,06:00,[05:45-06:00[,S,V,V,V,V,35.00,35.00
21/03/2024,06:15,[06:00-06:15[,S,V,V,V,V,55.96,55.96
21/03/2024,06:30,[06:15-06:30[,S,V,V,V,V,55.96,55.96
21/03/2024,06:45,[06:30-06:45[,S,V,V,V,V,55.96,55.96
21/03/2024,07:00,[06:45-07:00[,S,V,V,V,V,55.96,55.96
21/03/2024,07:15,[07:00-07:15[,S,V,F,V,C,45.02,45.02
21/03/2024,07:30,[07:15-07:30[,S,V,F,V,C,45.02,45.02
21/03/2024,07:45,[07:30-07:45[,S,V,F,V,C,45.02,45.02
21/03/2024,08:00,[07:45-08:00[,S,V,F,V,C,45.02,45.02
21/03/2024,08:15,[08:00-08:15[,S,F,F,C,C,35.00,35.00
21/03/2024,08:30,[08:15-08:30[,S,F,F,C,C,35.00,35.00
21/03/2024,08:45,[08:30-08:45[,S,F,F,C,C,35.00,35.00
21/03/2024,09:00,[08:45-09:00[,S,F,F,C,C,35.00,35.00
21/03/2024,09:15,[09:00-09:15[,S,F,F,P,C,30.00,30.00
21/03/2024,09:30,[09:15-09:30[,S,F,F,P,C,30.00,30.00
21/03/2024,09:45,[09:30-09:45[,S,F,F,P,P,30.00,30.00
21/03/2024,10:00,[09:45-10:00[,S,F,F,P,P,30.00,30.00
21/03/2024,10:15,[10:00-10:15[,S,F,F,P,P,17.27,17.27
21/03/2024,10:30,[10:15-10:30[,S,F,F,P,P,17.27,17.27
21/03/2024,10:45,[10:30-10:45[,S,F,F,C,P,17.27,17.27
21/03/2024,11:00,[10:45-11:00[,S,F,F,C,P,17.27,17.27
21/03/2024,11:15,[11:00-11:15[,S,F,F,C,P,15.99,15.99
21/03/2024,11:30,[11:15-11:30[,S,F,F,C,P,15.99,15.99
21/03/2024,11:45,[11:30-11:45[,S,F,F,C,P,15.99,15.99
21/03/2024,12:00,[11:45-12:00[,S,F,F,C,P,15.99,15.99
21/03/2024,12:15,[12:00-12:15[,S,F,F,C,C,14.00,14.00
21/03/2024,12:30,[12:15-12:30[,S,F,F,C,C,14.00,14.00
21/03/2024,12:45,[12:30-12:45[,S,F,F,C,C,14.00,14.00
21/03/2024,13:00,[12:45-13:00[,S,F,F,C,C,14.00,14.00
21/03/2024,13:15,[13:00-13:15[,S,F,F,C,C,10.83,10.83
21/03/2024,13:30,[13:15-13:30[,S,F,F,C,C,10.83,10.83
21/03/2024,13:45,[13:30-13:45[,S,F,F,C,C,10.83,10.83
21/03/2024,14:00,[13:45-14:00[,S,F,F,C,C,10.83,10.83
21/03/2024,14:15,[14:00-14:15[,S,F,F,C,C,10.61,10.61
21/03/2024,14:30,[14:15-14:30[,S,F,F,C,C,10.61,10.61
21/03/2024,14:45,[14:30-14:45[,S,F,F,C,C,10.61,10.61
21/03/2024,15:00,[14:45-15:00[,S,F,F,C,C,10.61,10.61
21/03/2024,15:15,[15:00-15:15[,S,F,F,C,C,15.98,15.98
21/03/2024,15:30,[15:15-15:30[,S,F,F,C,C,15.98,15.98
21/03/2024,15:45,[15:30-15:45[,S,F,F,C,C,15.98,15.98
21/03/2024,16:00,[15:45-16:00[,S,F,F,C,C,15.98,15.98
21/03/2024,16:15,[16:00-16:15[,S,F,F,C,C,26.10,26.10
21/03/2024,16:30,[16:15-16:30[,S,F,F,C,C,26.10,26.10
21/03/2024,16:45,[16:30-16:45[,S,F,F,C,C,26.10,26.10
21/03/2024,17:00,[16:45-17:00[,S,F,F,C,C,26.10,26.10
21/03/2024,17:15,[17:00-17:15[,S,F,F,C,C,35.00,35.00
21/03/2024,17:30,[17:15-17:30[,S,F,F,C,C,35.00,35.00
21/03/2024,17:45,[17:30-17:45[,S,F,F,C,C,35.00,35.00
21/03/2024,18:00,[17:45-18:00[,S,F,F,C,C,35.00,35.00
21/03/2024,18:15,[18:00-18:15[,S,F,F,P,C,70.40,70.40
21/03/2024,18:30,[18:15-18:30[,S,F,F,P,C,70.40,70.40
21/03/2024,18:45,[18:30-18:45[,S,F,F,P,P,70.40,70.40
21/03/2024,19:00,[18:45-19:00[,S,F,F,P,P,70.40,70.40
21/03/2024,19:15,[19:00-19:15[,S,F,F,P,P,84.00,84.00
21/03/2024,19:30,[19:15-19:30[,S,F,F,P,P,84.00,84.00
21/03/2024,19:45,[19:30-19:45[,S,F,F,P,P,84.00,84.00
21/03/2024,20:00,[19:45-20:00[,S,F,F,P,P,84.00,84.00
21/03/2024,20:15,[20:00-20:15[,S,F,F,P,P,65.86,65.86
21/03/2024,20:30,[20:15-20:30[,S,F,F,P,P,65.86,65.86
21/03/2024,20:45,[20:30-20:45[,S,F,F,C,P,65.86,65.86
21/03/2024,21:00,[20:45-21:00[,S,F,F,C,P,65.86,65.86
21/03/2024,21:15,[21:00-21:15[,S,F,F,C,C,48.00,48.00
21/03/2024,21:30,[21:15-21:30[,S,F,F,C,C,48.00,48.00
21/03/2024,21:45,[21:30-21:45[,S,F,F,C,C,48.00,48.00
21/03/2024,22:00,[21:45-22:00[,S,F,F,C,C,48.00,48.00
21/03/2024,22:15,[22:00-22:15[,S,V,F,V,C,40.00,40.00
21/03/2024,22:30,[22:15-22:30[,S,V,F,V,C,40.00,40.00
21/03/2024,22:45,[22:30-22:45[,S,V,F,V,C,40.00,40.00
21/03/2024,23:00,[22:45-23:00[,S,V,F,V,C,40.00,40.00
21/03/2024,23:15,[23:00-23:15[,S,V,F,V,C,25.00,25.00
21/03/2024,23:30,[23:15-23:30[,S,V,F,V,C,25.00,25.00
21/03/2024,23:45,[23:30-23:45[,S,V,F,V,C,25.00,25.00
21/03/2024,23:59,[23:45-00:00[,S,V,F,V,C,25.00,25.00
22/03/2024,00:15,[00:00-00:15[,S,V,V,V,V,20.10,20.10
22/03/2024,00:30,[00:15-00:30[,S,V,V,V,V,20.10,20.10
22/03/2024,00:45,[00:30-00:45[,S,V,V,V,V,20.10,20.10
22/03/2024,01:00,[00:45-01:00[,S,V,V,V,V,20.10,20.10
22/03/2024,01:15,[01:00-01:15[,S,V,V,V,V,17.20,17.20
22/03/2024,01:30,[01:15-01:30[,S,V,V,V,V,17.20,17.20
22/03/2024,01:45,[01:30-01:45[,S,V,V,V,V,17.20,17.20
22/03/2024,02:00,[01:45-02:00[,S,V,V,V,V,17.20,17.20
22/03/2024,02:15,[02:00-02:15[,S,V,V,V,V,16.70,16.70
22/03/2024,02:30,[02:15-02:30[,S,V,V,V,V,16.70,16.70
22/03/2024,02:45,[02:30-02:45[,S,V,V,V,V,16.70,16.70
22/03/2024,03:00,[02:45-03:00[,S,V,V,V,V,16.70,16.70
22/03/2024,03:15,[03:00-03:15[,S,V,V,V,V,18.90,18.90
22/03/2024,03:30,[03:15-03:30[,S,V,V,V,V,18.90,18.90
22/03/2024,03:45,[03:30-03:45[,S,V,V,V,V,18.90,18.90
22/03/2024,04:00,[03:45-04:00[,S,V,V,V,V,18.90,18.90
22/03/2024,04:15,[04:00-04:15[,S,V,V,V,V,25.00,25.00
22/03/2024,04:30,[04:15-04:30[,S,V,V,V,V,25.00,25.00
22/03/2024,04:45,[04:30-04:45[,S,V,V,V,V,25.00,25.00
22/03/2024,05:00,[04:45-05:00[,S,V,V,V,V,25.00,25.00
22/03/2024,05:15,[05:00-05:15[,S,V,V,V,V,35.00,35.00
22/03/2024,05:30,[05:15-05:30[,S,V,V,V,V,35.00,35.00
22/03/2024,05:45,[05:30-05:45[,S,V,V,V,V,35.00,35.00
22/03/2024,06:00,[05:45-06:00[,S,V,V,V,V,35.00,35.00
22/03/2024,06:15,[06:00-06:15[,S,V,V,V,V,36.76,49.19
22/03/2024,06:30,[06:15-06:30[,S,V,V,V,V,36.76,49.19
22/03/2024,06:45,[06:30-06:45[,S,V,V,V,V,36.76,49.19
22/03/2024,07:00,[06:45-07:00[,S,V,V,V,V,36.76,49.19
22/03/2024,07:15,[07:00-07:15[,S,V,F,V,C,35.00,35.00
22/03/2024,07:30,[07:15-07:30[,S,V,F,V,C,35.00,35.00
22/03/2024,07:45,[07:30-07:45[,S,V,F,V,C,35.00,35.00
22/03/2024,08:00,[07:45-08:00[,S,V,F,V,C,35.00,35.00
22/03/2024,08:15,[08:00-08:15[,S,F,F,C,C,20.00,20.00
22/03/2024,08:30,[08:15-08:30[,S,F,F,C,C,20.00,20.00
22/03/2024,08:45,[08:30-08:45[,S,F,F,C,C,20.00,20.00
22/03/2024,09:00,[08:45-09:00[,S,F,F,C,C,20.00,20.00
22/03/2024,09:15,[09:00-09:15[,S,F,F,P,C,14.50,14.50
22/03/2024,09:30,[09:15-09:30[,S,F,F,P,C,14.50,14.50
22/03/2024,09:45,[09:30-09:45[,S,F,F,P,P,14.50,14.50
22/03/2024,10:00,[09:45-10:00[,S,F,F,P,P,14.50,14.50
22/03/2024,10:15,[10:00-10:15[,S,F,F,P,P,7.00,7.00
22/03/2024,10:30,[10:15-10:30[,S,F,F,P,P,7.00,7.00
22/03/2024,10:45,[10:30-10:45[,S,F,F,C,P,7.00,7.00
22/03/2024,11:00,[10:45-11:00[,S,F,F,C,P,7.00,7.00
22/03/2024,11:15,[11:00-11:15[,S,F,F,C,P,3.35,3.35
22/03/2024,11:30,[11:15-11:30[,S,F,F,C,P,3.35,3.35
22/03/2024,11:45,[11:30-11:45[,S,F,F,C,P,3.35,3.35
22/03/2024,12:00,[11:45-12:00[,S,F,F,C,P,3.35,3.35
22/03/2024,12:15,[12:00-12:15[,S,F,F,C,C,2.44,2.44
22/03/2024,12:30,[12:15-12:30[,S,F,F,C,C,2.44,2.44
22/03/2024,12:45,[12:30-12:45[,S,F,F,C,C,2.44,2.44
22/03/2024,13:00,[12:45-13:00[,S,F,F,C,C,2.44,2.44
22/03/2024,13:15,[13:00-13:15[,S,F,F,C,C,1.10,1.10
22/03/2024,13:30,[13:15-13:30[,S,F,F,C,C,1.10,1.10
22/03/2024,13:45,[13:30-13:45[,S,F,F,C,C,1.10,1.10
22/03/2024,14:00,[13:45-14:00[,S,F,F,C,C,1.10,1.10
22/03/2024,14:15,[14:00-14:15[,S,F,F,C,C,3.19,3.19
22/03/2024,14:30,[14:15-14:30[,S,F,F,C,C,3.19,3.19
22/03/2024,14:45,[14:30-14:45[,S,F,F,C,C,3.19,3.19
22/03/2024,15:00,[14:45-15:00[,S,F,F,C,C,3.19,3.19
22/03/2024,15:15,[15:00-15:15[,S,F,F,C,C,3.35,3.35
22/03/2024,15:30,[15:15-15:30[,S,F,F,C,C,3.35,3.35
22/03/2024,15:45,[15:30-15:45[,S,F,F,C,C,3.35,3.35
22/03/2024,16:00,[15:45-16:00[,S,F,F,C,C,3.35,3.35
22/03/2024,16:15,[16:00-16:15[,S,F,F,C,C,14.70,14.70
22/03/2024,16:30,[16:15-16:30[,S,F,F,C,C,14.70,14.70
22/03/2024,16:45,[16:30-16:45[,S,F,F,C,C,14.70,14.70
22/03/2024,17:00,[16:45-17:00[,S,F,F,C,C,14.70,14.70
22/03/2024,17:15,[17:00-17:15[,S,F,F,C,C,35.00,35.00
22/03/2024,17:30,[17:15-17:30[,S,F,F,C,C,35.00,35.00
22/03/2024,17:45,[17:30-17:45[,S,F,F,C,C,35.00,35.00
22/03/2024,18:00,[17:45-18:00[,S,F,F,C,C,35.00,35.00
22/03/2024,18:15,[18:00-18:15[,S,F,F,P,C,57.30,57.30
22/03/2024,18:30,[18:15-18:30[,S,F,F,P,C,57.30,57.30
22/03/2024,18:45,[18:30-18:45[,S,F,F,P,P,57.30,57.30
22/03/2024,19:00,[18:45-19:00[,S,F,F,P,P,57.30,57.30
22/03/2024,19:15,[19:00-19:15[,S,F,F,P,P,53.92,53.92
22/03/2024,19:30,[19:15-19:30[,S,F,F,P,P,53.92,53.92
22/03/2024,19:45,[19:30-19:45[,S,F,F,P,P,53.92,53.92
22/03/2024,20:00,[19:45-20:00[,S,F,F,P,P,53.92,53.92
22/03/2024,20:15,[20:00-20:15[,S,F,F,P,P,35.00,35.00
22/03/2024,20:30,[20:15-20:30[,S,F,F,P,P,35.00,35.00
22/03/2024,20:45,[20:30-20:45[,S,F,F,C,P,35.00,35.00
22/03/2024,21:00,[20:45-21:00[,S,F,F,C,P,35.00,35.00
22/03/2024,21:15,[21:00-21:15[,S,F,F,C,C,29.16,29.16
22/03/2024,21:30,[21:15-21:30[,S,F,F,C,C,29.16,29.16
22/03/2024,21:45,[21:30-21:45[,S,F,F,C,C,29.16,29.16
22/03/2024,22:00,[21:45-22:00[,S,F,F,C,C,29.16,29.16
22/03/2024,22:15,[22:00-22:15[,S,V,F,V,C,15.60,15.60
22/03/2024,22:30,[22:15-22:30[,S,V,F,V,C,15.60,15.60
22/03/2024,22:45,[22:30-22:45[,S,V,F,V,C,15.60,15.60
22/03/2024,23:00,[22:45-23:00[,S,V,F,V,C,15.60,15.60
22/03/2024,23:15,[23:00-23:15[,S,V,F,V,C,3.20,3.20
22/03/2024,23:30,[23:15-23:30[,S,V,F,V,C,3.20,3.20
22/03/2024,23:45,[23:30-23:45[,S,V,F,V,C,3.20,3.20
22/03/2024,23:59,[23:45-00:00[,S,V,F,V,C,3.20,3.20
23/03/2024,00:15,[00:00-00:15[,S,V,V,V,V,3.03,3.03
23/03/2024,00:30,[00:15-00:30[,S,V,V,V,V,3.03,3.03
23/03/2024,00:45,[00:30-00:45[,S,V,V,V,V,3.03,3.03
23/03/2024,01:00,[00:45-01:00[,S,V,V,V,V,3.03,3.03
23/03/2024,01:15,[01:00-01:15[,S,V,V,V,V,0.90,0.90
23/03/2024,01:30,[01:15-01:30[,S,V,V,V,V,0.90,0.90
23/03/2024,01:45,[01:30-01:45[,S,V,V,V,V,0.90,0.90
23/03/2024,02:00,[01:45-02:00[,S,V,V,V,V,0.90,0.90
23/03/2024,02:15,[02:00-02:15[,S,V,V,V,V,2.71,2.71
23/03/2024,02:30,[02:15-02:30[,S,V,V,V,V,2.71,2.71
23/03/2024,02:45,[02:30-02:45[,S,V,V,V,V,2.71,2.71
23/03/2024,03:00,[02:45-03:00[,S,V,V,V,V,2.71,2.71
23/03/2024,03:15,[03:00-03:15[,S,V,V,V,V,2.05,2.05
23/03/2024,03:30,[03:15-03:30[,S,V,V,V,V,2.05,2.05
23/03/2024,03:45,[03:30-03:45[,S,V,V,V,V,2.05,2.05
23/03/2024,04:00,[03:45-04:00[,S,V,V,V,V,2.05,2.05
23/03/2024,04:15,[04:00-04:15[,S,V,V,V,V,2.00,2.00
23/03/2024,04:30,[04:15-04:30[,S,V,V,V,V,2.00,2.00
23/03/2024,04:45,[04:30-04:45[,S,V,V,V,V,2.00,2.00
23/03/2024,05:00,[04:45-05:00[,S,V,V,V,V,2.00,2.00
23/03/2024,05:15,[05:00-05:15[,S,V,V,V,V,2.10,2.10
23/03/2024,05:30,[05:15-05:30[,S,V,V,V,V,2.10,2.10
23/03/2024,05:45,[05:30-05:45[,S,V,V,V,V,2.10,2.10
23/03/2024,06:00,[05:45-06:00[,S,V,V,V,V,2.10,2.10
23/03/2024,06:15,[06:00-06:15[,S,V,V,V,V,2.30,2.30
23/03/2024,06:30,[06:15-06:30[,S,V,V,V,V,2.30,2.30
23/03/2024,06:45,[06:30-06:45[,S,V,V,V,V,2.30,2.30
23/03/2024,07:00,[06:45-07:00[,S,V,V,V,V,2.30,2.30
23/03/2024,07:15,[07:00-07:15[,S,V,V,V,V,0.43,0.43
23/03/2024,07:30,[07:15-07:30[,S,V,V,V,V,0.43,0.43
23/03/2024,07:45,[07:30-07:45[,S,V,V,V,V,0.43,0.43
23/03/2024,08:00,[07:45-08:00[,S,V,V,V,V,0.43,0.43
23/03/2024,08:15,[08:00-08:15[,S,F,V,C,V,0.00,0.00
23/03/2024,08:30,[08:15-08:30[,S,F,V,C,V,0.00,0.00
23/03/2024,08:45,[08:30-08:45[,S,F,V,C,V,0.00,0.00
23/03/2024,09:00,[08:45-09:00[,S,F,V,C,V,0.00,0.00
23/03/2024,09:15,[09:00-09:15[,S,F,V,P,V,0.00,0.00
23/03/2024,09:30,[09:15-09:30[,S,F,V,P,V,0.00,0.00
23/03/2024,09:45,[09:30-09:45[,S,F,F,P,C,0.00,0.00
23/03/2024,10:00,[09:45-10:00[,S,F,F,P,C,0.00,0.00
23/03/2024,10:15,[10:00-10:15[,S,F,F,P,C,0.00,0.00
23/03/2024,10:30,[10:15-10:30[,S,F,F,P,C,0.00,0.00
23/03/2024,10:45,[10:30-10:45[,S,F,F,C,C,0.00,0.00
23/03/2024,11:00,[10:45-11:00[,S,F,F,C,C,0.00,0.00
23/03/2024,11:15,[11:00-11:15[,S,F,F,C,C,0.00,0.00
23/03/2024,11:30,[11:15-11:30[,S,F,F,C,C,0.00,0.00
23/03/2024,11:45,[11:30-11:45[,S,F,F,C,C,0.00,0.00
23/03/2024,12:00,[11:45-12:00[,S,F,F,C,C,0.00,0.00
23/03/2024,12:15,[12:00-12:15[,S,F,F,C,C,0.00,0.00
23/03/2024,12:30,[12:15-12:30[,S,F,F,C,C,0.00,0.00
23/03/2024,12:45,[12:30-12:45[,S,F,F,C,C,0.00,0.00
23/03/2024,13:00,[12:45-13:00[,S,F,F,C,C,0.00,0.00
23/03/2024,13:15,[13:00-13:15[,S,F,V,C,V,0.00,0.00
23/03/2024,13:30,[13:15-13:30[,S,F,V,C,V,0.00,0.00
23/03/2024,13:45,[13:30-13:45[,S,F,V,C,V,0.00,0.00
23/03/2024,14:00,[13:45-14:00[,S,F,V,C,V,0.00,0.00
23/03/2024,14:15,[14:00-14:15[,S,F,V,C,V,0.00,0.00
23/03/2024,14:30,[14:15-14:30[,S,F,V,C,V,0.00,0.00
23/03/2024,14:45,[14:30-14:45[,S,F,V,C,V,0.00,0.00
23/03/2024,15:00,[14:45-15:00[,S,F,V,C,V,0.00,0.00
23/03/2024,15:15,[15:00-15:15[,S,F,V,C,V,0.00,0.00
23/03/2024,15:30,[15:15-15:30[,S,F,V,C,V,0.00,0.00
23/03/2024,15:45,[15:30-15:45[,S,F,V,C,V,0.00,0.00
23/03/2024,16:00,[15:45-16:00[,S,F,V,C,V,0.00,0.00
23/03/2024,16:15,[16:00-16:15[,S,F,V,C,V,0.43,0.43
23/03/2024,16:30,[16:15-16:30[,S,F,V,C,V,0.43,0.43
23/03/2024,16:45,[16:30-16:45[,S,F,V,C,V,0.43,0.43
23/03/2024,17:00,[16:45-17:00[,S,F,V,C,V,0.43,0.43
23/03/2024,17:15,[17:00-17:15[,S,F,V,C,V,3.19,3.19
23/03/2024,17:30,[17:15-17:30[,S,F,V,C,V,3.19,3.19
23/03/2024,17:45,[17:30-17:45[,S,F,V,C,V,3.19,3.19
23/03/2024,18:00,[17:45-18:00[,S,F,V,C,V,3.19,3.19
23/03/2024,18:15,[18:00-18:15[,S,F,V,P,V,3.20,3.20
23/03/2024,18:30,[18:15-18:30[,S,F,V,P,V,3.20,3.20
23/03/2024,18:45,[18:30-18:45[,S,F,F,P,C,3.20,3.20
23/03/2024,19:00,[18:45-19:00[,S,F,F,P,C,3.20,3.20
23/03/2024,19:15,[19:00-19:15[,S,F,F,P,C,9.01,9.01
23/03/2024,19:30,[19:15-19:30[,S,F,F,P,C,9.01,9.01
23/03/2024,19:45,[19:30-19:45[,S,F,F,P,C,9.01,9.01
23/03/2024,20:00,[19:45-20:00[,S,F,F,P,C,9.01,9.01
23/03/2024,20:15,[20:00-20:15[,S,F,F,P,C,7.18,7.18
23/03/2024,20:30,[20:15-20:30[,S,F,F,P,C,7.18,7.18
23/03/2024,20:45,[20:30-20:45[,S,F,F,C,C,7.18,7.18
23/03/2024,21:00,[20:45-21:00[,S,F,F,C,C,7.18,7.18
23/03/2024,21:15,[21:00-21:15[,S,F,F,C,C,3.20,3.20
23/03/2024,21:30,[21:15-21:30[,S,F,F,C,C,3.20,3.20
23/03/2024,21:45,[21:30-21:45[,S,F,F,C,C,3.20,3.20
23/03/2024,22:00,[21:45-22:00[,S,F,F,C,C,3.20,3.20
23/03/2024,22:15,[22:00-22:15[,S,V,V,V,V,3.20,3.20
23/03/2024,22:30,[22:15-22:30[,S,V,V,V,V,3.20,3.20
23/03/2024,22:45,[22:30-22:45[,S,V,V,V,V,3.20,3.20
23/03/2024,23:00,[22:45-23:00[,S,V,V,V,V,3.20,3.20
23/03/2024,23:15,[23:00-23:15[,S,V,V,V,V,0.16,0.16
23/03/2024,23:30,[23:15-23:30[,S,V,V,V,V,0.16,0.16
23/03/2024,23:45,[23:30-23:45[,S,V,V,V,V,0.16,0.16
23/03/2024,23:59,[23:45-00:00[,S,V,V,V,V,0.16,0.16
24/03/2024,00:15,[00:00-00:15[,S,V,V,V,V,0.00,0.00
24/03/2024,00:30,[00:15-00:30[,S,V,V,V,V,0.00,0.00
24/03/2024,00:45,[00:30-00:45[,S,V,V,V,V,0.00,0.00
24/03/2024,01:00,[00:45-01:00[,S,V,V,V,V,0.00,0.00
24/03/2024,01:15,[01:00-01:15[,S,V,V,V,V,0.00,0.00
24/03/2024,01:30,[01:15-01:30[,S,V,V,V,V,0.00,0.00
24/03/2024,01:45,[01:30-01:45[,S,V,V,V,V,0.00,0.00
24/03/2024,02:00,[01:45-02:00[,S,V,V,V,V,0.00,0.00
24/03/2024,02:15,[02:00-02:15[,S,V,V,V,V,0.00,0.00
24/03/2024,02:30,[02:15-02:30[,S,V,V,V,V,0.00,0.00
24/03/2024,02:45,[02:30-02:45[,S,V,V,V,V,0.00,0.00
24/03/2024,03:00,[02:45-03:00[,S,V,V,V,V,0.00,0.00
24/03/2024,03:15,[03:00-03:15[,S,V,V,V,V,0.00,0.00
24/03/2024,03:30,[03:15-03:30[,S,V,V,V,V,0.00,0.00
24/03/2024,03:45,[03:30-03:45[,S,V,V,V,V,0.00,0.00
24/03/2024,04:00,[03:45-04:00[,S,V,V,V,V,0.00,0.00
24/03/2024,04:15,[04:00-04:15[,S,V,V,V,V,0.00,0.00
24/03/2024,04:30,[04:15-04:30[,S,V,V,V,V,0.00,0.00
24/03/2024,04:45,[04:30-04:45[,S,V,V,V,V,0.00,0.00
24/03/2024,05:00,[04:45-05:00[,S,V,V,V,V,0.00,0.00
24/03/2024,05:15,[05:00-05:15[,S,V,V,V,V,0.01,0.01
24/03/2024,05:30,[05:15-05:30[,S,V,V,V,V,0.01,0.01
24/03/2024,05:45,[05:30-05:45[,S,V,V,V,V,0.01,0.01
24/03/2024,06:00,[05:45-06:00[,S,V,V,V,V,0.01,0.01
24/03/2024,06:15,[06:00-06:15[,S,V,V,V,V,0.10,0.10
24/03/2024,06:30,[06:15-06:30[,S,V,V,V,V,0.10,0.10
24/03/2024,06:45,[06:30-06:45[,S,V,V,V,V,0.10,0.10
24/03/2024,07:00,[06:45-07:00[,S,V,V,V,V,0.10,0.10
24/03/2024,07:15,[07:00-07:15[,S,V,V,V,V,0.00,0.00
24/03/2024,07:30,[07:15-07:30[,S,V,V,V,V,0.00,0.00
24/03/2024,07:45,[07:30-07:45[,S,V,V,V,V,0.00,0.00
24/03/2024,08:00,[07:45-08:00[,S,V,V,V,V,0.00,0.00
24/03/2024,08:15,[08:00-08:15[,S,F,V,C,V,0.00,0.00
24/03/2024,08:30,[08:15-08:30[,S,F,V,C,V,0.00,0.00
24/03/2024,08:45,[08:30-08:45[,S,F,V,C,V,0.00,0.00
24/03/2024,09:00,[08:45-09:00[,S,F,V,C,V,0.00,0.00
24/03/2024,09:15,[09:00-09:15[,S,F,V,P,V,0.00,0.00
24/03/2024,09:30,[09:15-09:30[,S,F,V,P,V,0.00,0.00
24/03/2024,09:45,[09:30-09:45[,S,F,V,P,V,0.00,0.00
24/03/2024,10:00,[09:45-10:00[,S,F,V,P,V,0.00,0.00
24/03/2024,10:15,[10:00-10:15[,S,F,V,P,V,0.00,0.00
24/03/2024,10:30,[10:15-10:30[,S,F,V,P,V,0.00,0.00
24/03/2024,10:45,[10:30-10:45[,S,F,V,C,V,0.00,0.00
24/03/2024,11:00,[10:45-11:00[,S,F,V,C,V,0.00,0.00
24/03/2024,11:15,[11:00-11:15[,S,F,V,C,V,0.00,0.00
24/03/2024,11:30,[11:15-11:30[,S,F,V,C,V,0.00,0.00
24/03/2024,11:45,[11:30-11:45[,S,F,V,C,V,0.00,0.00
24/03/2024,12:00,[11:45-12:00[,S,F,V,C,V,0.00,0.00
24/03/2024,12:15,[12:00-12:15[,S,F,V,C,V,0.00,0.00
24/03/2024,12:30,[12:15-12:30[,S,F,V,C,V,0.00,0.00
24/03/2024,12:45,[12:30-12:45[,S,F,V,C,V,0.00,0.00
24/03/2024,13:00,[12:45-13:00[,S,F,V,C,V,0.00,0.00
24/03/2024,13:15,[13:00-13:15[,S,F,V,C,V,0.00,0.00
24/03/2024,13:30,[13:15-13:30[,S,F,V,C,V,0.00,0.00
24/03/2024,13:45,[13:30-13:45[,S,F,V,C,V,0.00,0.00
24/03/2024,14:00,[13:45-14:00[,S,F,V,C,V,0.00,0.00
24/03/2024,14:15,[14:00-14:15[,S,F,V,C,V,0.00,0.00
24/03/2024,14:30,[14:15-14:30[,S,F,V,C,V,0.00,0.00
24/03/2024,14:45,[14:30-14:45[,S,F,V,C,V,0.00,0.00
24/03/2024,15:00,[14:45-15:00[,S,F,V,C,V,0.00,0.00
24/03/2024,15:15,[15:00-15:15[,S,F,V,C,V,0.00,0.00
24/03/2024,15:30,[15:15-15:30[,S,F,V,C,V,0.00,0.00
24/03/2024,15:45,[15:30-15:45[,S,F,V,C,V,0.00,0.00
24/03/2024,16:00,[15:45-16:00[,S,F,V,C,V,0.00,0.00
24/03/2024,16:15,[16:00-16:15[,S,F,V,C,V,0.43,0.43
24/03/2024,16:30,[16:15-16:30[,S,F,V,C,V,0.43,0.43
24/03/2024,16:45,[16:30-16:45[,S,F,V,C,V,0.43,0.43
24/03/2024,17:00,[16:45-17:00[,S,F,V,C,V,0.43,0.43
24/03/2024,17:15,[17:00-17:15[,S,F,V,C,V,3.20,3.20
24/03/2024,17:30,[17:15-17:30[,S,F,V,C,V,3.20,3.20
24/03/2024,17:45,[17:30-17:45[,S,F,V,C,V,3.20,3.20
24/03/2024,18:00,[17:45-18:00[,S,F,V,C,V,3.20,3.20
24/03/2024,18:15,[18:00-18:15[,S,F,V,P,V,16.70,16.70
24/03/2024,18:30,[18:15-18:30[,S,F,V,P,V,16.70,16.70
24/03/2024,18:45,[18:30-18:45[,S,F,V,P,V,16.70,16.70
24/03/2024,19:00,[18:45-19:00[,S,F,V,P,V,16.70,16.70
24/03/2024,19:15,[19:00-19:15[,S,F,V,P,V,34.27,35.00
24/03/2024,19:30,[19:15-19:30[,S,F,V,P,V,34.27,35.00
24/03/2024,19:45,[19:30-19:45[,S,F,V,P,V,34.27,35.00
24/03/2024,20:00,[19:45-20:00[,S,F,V,P,V,34.27,35.00
24/03/2024,20:15,[20:00-20:15[,S,F,V,P,V,34.27,35.00
24/03/2024,20:30,[20:15-20:30[,S,F,V,P,V,34.27,35.00
24/03/2024,20:45,[20:30-20:45[,S,F,V,C,V,34.27,35.00
24/03/2024,21:00,[20:45-21:00[,S,F,V,C,V,34.27,35.00
24/03/2024,21:15,[21:00-21:15[,S,F,V,C,V,35.00,35.00
24/03/2024,21:30,[21:15-21:30[,S,F,V,C,V,35.00,35.00
24/03/2024,21:45,[21:30-21:45[,S,F,V,C,V,35.00,35.00
24/03/2024,22:00,[21:45-22:00[,S,F,V,C,V,35.00,35.00
24/03/2024,22:15,[22:00-22:15[,S,V,V,V,V,28.35,35.00
24/03/2024,22:30,[22:15-22:30[,S,V,V,V,V,28.35,35.00
24/03/2024,22:45,[22:30-22:45[,S,V,V,V,V,28.35,35.00
24/03/2024,23:00,[22:45-23:00[,S,V,V,V,V,28.35,35.00
24/03/2024,23:15,[23:00-23:15[,S,V,V,V,V,35.00,35.00
24/03/2024,23:30,[23:15-23:30[,S,V,V,V,V,35.00,35.00
24/03/2024,23:45,[23:30-23:45[,S,V,V,V,V,35.00,35.00
24/03/2024,23:59,[23:45-00:00[,S,V,V,V,V,35.00,35.00
25/03/2024,00:15,[00:00-00:15[,S,V,V,V,V,30.00,30.00
25/03/2024,00:30,[00:15-00:30[,S,V,V,V,V,30.00,30.00
25/03/2024,00:45,[00:30-00:45[,S,V,V,V,V,30.00,30.00
25/03/2024,01:00,[00:45-01:00[,S,V,V,V,V,30.00,30.00
25/03/2024,01:15,[01:00-01:15[,S,V,V,V,V,28.26,28.26
25/03/2024,01:30,[01:15-01:30[,S,V,V,V,V,28.26,28.26
25/03/2024,01:45,[01:30-01:45[,S,V,V,V,V,28.26,28.26
25/03/2024,02:00,[01:45-02:00[,S,V,V,V,V,28.26,28.26
25/03/2024,02:15,[02:00-02:15[,S,V,V,V,V,30.50,30.50
25/03/2024,02:30,[02:15-02:30[,S,V,V,V,V,30.50,30.50
25/03/2024,02:45,[02:30-02:45[,S,V,V,V,V,30.50,30.50
25/03/2024,03:00,[02:45-03:00[,S,V,V,V,V,30.50,30.50
25/03/2024,03:15,[03:00-03:15[,S,V,V,V,V,28.35,28.35
25/03/2024,03:30,[03:15-03:30[,S,V,V,V,V,28.35,28.35
25/03/2024,03:45,[03:30-03:45[,S,V,V,V,V,28.35,28.35
25/03/2024,04:00,[03:45-04:00[,S,V,V,V,V,28.35,28.35
25/03/2024,04:15,[04:00-04:15[,S,V,V,V,V,34.47,34.47
25/03/2024,04:30,[04:15-04:30[,S,V,V,V,V,34.47,34.47
25/03/2024,04:45,[04:30-04:45[,S,V,V,V,V,34.47,34.47
25/03/2024,05:00,[04:45-05:00[,S,V,V,V,V,34.47,34.47
25/03/2024,05:15,[05:00-05:15[,S,V,V,V,V,35.00,35.00
25/03/2024,05:30,[05:15-05:30[,S,V,V,V,V,35.00,35.00
25/03/2024,05:45,[05:30-05:45[,S,V,V,V,V,35.00,35.00
25/03/2024,06:00,[05:45-06:00[,S,V,V,V,V,35.00,35.00
25/03/2024,06:15,[06:00-06:15[,S,V,V,V,V,35.61,75.75
25/03/2024,06:30,[06:15-06:30[,S,V,V,V,V,35.61,75.75
25/03/2024,06:45,[06:30-06:45[,S,V,V,V,V,35.61,75.75
25/03/2024,07:00,[06:45-07:00[,S,V,V,V,V,35.61,75.75
25/03/2024,07:15,[07:00-07:15[,S,V,F,V,C,44.96,59.00
25/03/2024,07:30,[07:15-07:30[,S,V,F,V,C,44.96,59.00
25/03/2024,07:45,[07:30-07:45[,S,V,F,V,C,44.96,59.00
25/03/2024,08:00,[07:45-08:00[,S,V,F,V,C,44.96,59.00
25/03/2024,08:15,[08:00-08:15[,S,F,F,C,C,35.00,35.00
25/03/2024,08:30,[08:15-08:30[,S,F,F,C,C,35.00,35.00
25/03/2024,08:45,[08:30-08:45[,S,F,F,C,C,35.00,35.00
25/03/2024,09:00,[08:45-09:00[,S,F,F,C,C,35.00,35.00
25/03/2024,09:15,[09:00-09:15[,S,F,F,P,C,20.00,20.00
25/03/2024,09:30,[09:15-09:30[,S,F,F,P,C,20.00,20.00
25/03/2024,09:45,[09:30-09:45[,S,F,F,P,P,20.00,20.00
25/03/2024,10:00,[09:45-10:00[,S,F,F,P,P,20.00,20.00
25/03/2024,10:15,[10:00-10:15[,S,F,F,P,P,13.30,13.30
25/03/2024,10:30,[10:15-10:30[,S,F,F,P,P,13.30,13.30
25/03/2024,10:45,[10:30-10:45[,S,F,F,C,P,13.30,13.30
25/03/2024,11:00,[10:45-11:00[,S,F,F,C,P,13.30,13.30
25/03/2024,11:15,[11:00-11:15[,S,F,F,C,P,12.21,12.21
25/03/2024,11:30,[11:15-11:30[,S,F,F,C,P,12.21,12.21
25/03/2024,11:45,[11:30-11:45[,S,F,F,C,P,12.21,12.21
25/03/2024,12:00,[11:45-12:00[,S,F,F,C,P,12.21,12.21
25/03/2024,12:15,[12:00-12:15[,S,F,F,C,C,4.00,4.00
25/03/2024,12:30,[12:15-12:30[,S,F,F,C,C,4.00,4.00
25/03/2024,12:45,[12:30-12:45[,S,F,F,C,C,4.00,4.00
25/03/2024,13:00,[12:45-13:00[,S,F,F,C,C,4.00,4.00
25/03/2024,13:15,[13:00-13:15[,S,F,F,C,C,3.20,3.20
25/03/2024,13:30,[13:15-13:30[,S,F,F,C,C,3.20,3.20
25/03/2024,13:45,[13:30-13:45[,S,F,F,C,C,3.20,3.20
25/03/2024,14:00,[13:45-14:00[,S,F,F,C,C,3.20,3.20
25/03/2024,14:15,[14:00-14:15[,S,F,F,C,C,2.10,2.10
25/03/2024,14:30,[14:15-14:30[,S,F,F,C,C,2.10,2.10
25/03/2024,14:45,[14:30-14:45[,S,F,F,C,C,2.10,2.10
25/03/2024,15:00,[14:45-15:00[,S,F,F,C,C,2.10,2.10
25/03/2024,15:15,[15:00-15:15[,S,F,F,C,C,3.12,3.12
25/03/2024,15:30,[15:15-15:30[,S,F,F,C,C,3.12,3.12
25/03/2024,15:45,[15:30-15:45[,S,F,F,C,C,3.12,3.12
25/03/2024,16:00,[15:45-16:00[,S,F,F,C,C,3.12,3.12
25/03/2024,16:15,[16:00-16:15[,S,F,F,C,C,3.20,3.20
25/03/2024,16:30,[16:15-16:30[,S,F,F,C,C,3.20,3.20
25/03/2024,16:45,[16:30-16:45[,S,F,F,C,C,3.20,3.20
25/03/2024,17:00,[16:45-17:00[,S,F,F,C,C,3.20,3.20
25/03/2024,17:15,[17:00-17:15[,S,F,F,C,C,3.20,3.20
25/03/2024,17:30,[17:15-17:30[,S,F,F,C,C,3.20,3.20
25/03/2024,17:45,[17:30-17:45[,S,F,F,C,C,3.20,3.20
25/03/2024,18:00,[17:45-18:00[,S,F,F,C,C,3.20,3.20
25/03/2024,18:15,[18:00-18:15[,S,F,F,P,C,20.02,20.02
25/03/2024,18:30,[18:15-18:30[,S,F,F,P,C,20.02,20.02
25/03/2024,18:45,[18:30-18:45[,S,F,F,P,P,20.02,20.02
25/03/2024,19:00,[18:45-19:00[,S,F,F,P,P,20.02,20.02
25/03/2024,19:15,[19:00-19:15[,S,F,F,P,P,35.00,35.00
25/03/2024,19:30,[19:15-19:30[,S,F,F,P,P,35.00,35.00
25/03/2024,19:45,[19:30-19:45[,S,F,F,P,P,35.00,35.00
25/03/2024,20:00,[19:45-20:00[,S,F,F,P,P,35.00,35.00
25/03/2024,20:15,[20:00-20:15[,S,F,F,P,P,29.11,29.11
25/03/2024,20:30,[20:15-20:30[,S,F,F,P,P,29.11,29.11
25/03/2024,20:45,[20:30-20:45[,S,F,F,C,P,29.11,29.11
25/03/2024,21:00,[20:45-21:00[,S,F,F,C,P,29.11,29.11
25/03/2024,21:15,[21:00-21:15[,S,F,F,C,C,17.20,17.20
25/03/2024,21:30,[21:15-21:30[,S,F,F,C,C,17.20,17.20
25/03/2024,21:45,[21:30-21:45[,S,F,F,C,C,17.20,17.20
25/03/2024,22:00,[21:45-22:00[,S,F,F,C,C,17.20,17.20
25/03/2024,22:15,[22:00-22:15[,S,V,F,V,C,12.90,12.90
25/03/2024,22:30,[22:15-22:30[,S,V,F,V,C,12.90,12.90
25/03/2024,22:45,[22:30-22:45[,S,V,F,V,C,12.90,12.90
25/03/2024,23:00,[22:45-23:00[,S,V,F,V,C,12.90,12.90
25/03/2024,23:15,[23:00-23:15[,S,V,F,V,C,3.20,3.20
25/03/2024,23:30,[23:15-23:30[,S,V,F,V,C,3.20,3.20
25/03/2024,23:45,[23:30-23:45[,S,V,F,V,C,3.20,3.20
25/03/2024,23:59,[23:45-00:00[,S,V,F,V,C,3.20,3.20
26/03/2024,00:15,[00:00-00:15[,S,V,V,V,V,3.19,3.19
26/03/2024,00:30,[00:15-00:30[,S,V,V,V,V,3.19,3.19
26/03/2024,00:45,[00:30-00:45[,S,V,V,V,V,3.19,3.19
26/03/2024,01:00,[00:45-01:00[,S,V,V,V,V,3.19,3.19
26/03/2024,01:15,[01:00-01:15[,S,V,V,V,V,1.54,1.54
26/03/2024,01:30,[01:15-01:30[,S,V,V,V,V,1.54,1.54
26/03/2024,01:45,[01:30-01:45[,S,V,V,V,V,1.54,1.54
26/03/2024,02:00,[01:45-02:00[,S,V,V,V,V,1.54,1.54
26/03/2024,02:15,[02:00-02:15[,S,V,V,V,V,1.00,1.00
26/03/2024,02:30,[02:15-02:30[,S,V,V,V,V,1.00,1.00
26/03/2024,02:45,[02:30-02:45[,S,V,V,V,V,1.00,1.00
26/03/2024,03:00,[02:45-03:00[,S,V,V,V,V,1.00,1.00
26/03/2024,03:15,[03:00-03:15[,S,V,V,V,V,0.98,0.98
26/03/2024,03:30,[03:15-03:30[,S,V,V,V,V,0.98,0.98
26/03/2024,03:45,[03:30-03:45[,S,V,V,V,V,0.98,0.98
26/03/2024,04:00,[03:45-04:00[,S,V,V,V,V,0.98,0.98
26/03/2024,04:15,[04:00-04:15[,S,V,V,V,V,0.98,0.98
26/03/2024,04:30,[04:15-04:30[,S,V,V,V,V,0.98,0.98
26/03/2024,04:45,[04:30-04:45[,S,V,V,V,V,0.98,0.98
26/03/2024,05:00,[04:45-05:00[,S,V,V,V,V,0.98,0.98
26/03/2024,05:15,[05:00-05:15[,S,V,V,V,V,3.20,3.20
26/03/2024,05:30,[05:15-05:30[,S,V,V,V,V,3.20,3.20
26/03/2024,05:45,[05:30-05:45[,S,V,V,V,V,3.20,3.20
26/03/2024,06:00,[05:45-06:00[,S,V,V,V,V,3.20,3.20
26/03/2024,06:15,[06:00-06:15[,S,V,V,V,V,4.00,4.00
26/03/2024,06:30,[06:15-06:30[,S,V,V,V,V,4.00,4.00
26/03/2024,06:45,[06:30-06:45[,S,V,V,V,V,4.00,4.00
26/03/2024,07:00,[06:45-07:00[,S,V,V,V,V,4.00,4.00
26/03/2024,07:15,[07:00-07:15[,S,V,F,V,C,3.20,3.20
26/03/2024,07:30,[07:15-07:30[,S,V,F,V,C,3.20,3.20
26/03/2024,07:45,[07:30-07:45[,S,V,F,V,C,3.20,3.20
26/03/2024,08:00,[07:45-08:00[,S,V,F,V,C,3.20,3.20
26/03/2024,08:15,[08:00-08:15[,S,F,F,C,C,1.20,1.20
26/03/2024,08:30,[08:15-08:30[,S,F,F,C,C,1.20,1.20
26/03/2024,08:45,[08:30-08:45[,S,F,F,C,C,1.20,1.20
26/03/2024,09:00,[08:45-09:00[,S,F,F,C,C,1.20,1.20
26/03/2024,09:15,[09:00-09:15[,S,F,F,P,C,0.20,0.20
26/03/2024,09:30,[09:15-09:30[,S,F,F,P,C,0.20,0.20
26/03/2024,09:45,[09:30-09:45[,S,F,F,P,P,0.20,0.20
26/03/2024,10:00,[09:45-10:00[,S,F,F,P,P,0.20,0.20
26/03/2024,10:15,[10:00-10:15[,S,F,F,P,P,0.00,0.00
26/03/2024,10:30,[10:15-10:30[,S,F,F,P,P,0.00,0.00
26/03/2024,10:45,[10:30-10:45[,S,F,F,C,P,0.00,0.00
26/03/2024,11:00,[10:45-11:00[,S,F,F,C,P,0.00,0.00
26/03/2024,11:15,[11:00-11:15[,S,F,F,C,P,0.00,0.00
26/03/2024,11:30,[11:15-11:30[,S,F,F,C,P,0.00,0.00
26/03/2024,11:45,[11:30-11:45[,S,F,F,C,P,0.00,0.00
26/03/2024,12:00,[11:45-12:00[,S,F,F,C,P,0.00,0.00
26/03/2024,12:15,[12:00-12:15[,S,F,F,C,C,0.00,0.00
26/03/2024,12:30,[12:15-12:30[,S,F,F,C,C,0.00,0.00
26/03/2024,12:45,[12:30-12:45[,S,F,F,C,C,0.00,0.00
26/03/2024,13:00,[12:45-13:00[,S,F,F,C,C,0.00,0.00
26/03/2024,13:15,[13:00-13:15[,S,F,F,C,C,0.00,0.00
26/03/2024,13:30,[13:15-13:30[,S,F,F,C,C,0.00,0.00
26/03/2024,13:45,[13:30-13:45[,S,F,F,C,C,0.00,0.00
26/03/2024,14:00,[13:45-14:00[,S,F,F,C,C,0.00,0.00
26/03/2024,14:15,[14:00-14:15[,S,F,F,C,C,0.00,0.00
26/03/2024,14:30,[14:15-14:30[,S,F,F,C,C,0.00,0.00
26/03/2024,14:45,[14:30-14:45[,S,F,F,C,C,0.00,0.00
26/03/2024,15:00,[14:45-15:00[,S,F,F,C,C,0.00,0.00
26/03/2024,15:15,[15:00-15:15[,S,F,F,C,C,0.00,0.00
26/03/2024,15:30,[15:15-15:30[,S,F,F,C,C,0.00,0.00
26/03/2024,15:45,[15:30-15:45[,S,F,F,C,C,0.00,0.00
26/03/2024,16:00,[15:45-16:00[,S,F,F,C,C,0.00,0.00
26/03/2024,16:15,[16:00-16:15[,S,F,F,C,C,0.55,0.55
26/03/2024,16:30,[16:15-16:30[,S,F,F,C,C,0.55,0.55
26/03/2024,16:45,[16:30-16:45[,S,F,F,C,C,0.55,0.55
26/03/2024,17:00,[16:45-17:00[,S,F,F,C,C,0.55,0.55
26/03/2024,17:15,[17:00-17:15[,S,F,F,C,C,2.00,2.00
26/03/2024,17:30,[17:15-17:30[,S,F,F,C,C,2.00,2.00
26/03/2024,17:45,[17:30-17:45[,S,F,F,C,C,2.00,2.00
26/03/2024,18:00,[17:45-18:00[,S,F,F,C,C,2.00,2.00
26/03/2024,18:15,[18:00-18:15[,S,F,F,P,C,5.00,5.00
26/03/2024,18:30,[18:15-18:30[,S,F,F,P,C,5.00,5.00
26/03/2024,18:45,[18:30-18:45[,S,F,F,P,P,5.00,5.00
26/03/2024,19:00,[18:45-19:00[,S,F,F,P,P,5.00,5.00
26/03/2024,19:15,[19:00-19:15[,S,F,F,P,P,14.00,14.00
26/03/2024,19:30,[19:15-19:30[,S,F,F,P,P,14.00,14.00
26/03/2024,19:45,[19:30-19:45[,S,F,F,P,P,14.00,14.00
26/03/2024,20:00,[19:45-20:00[,S,F,F,P,P,14.00,14.00
26/03/2024,20:15,[20:00-20:15[,S,F,F,P,P,7.50,7.50
26/03/2024,20:30,[20:15-20:30[,S,F,F,P,P,7.50,7.50
26/03/2024,20:45,[20:30-20:45[,S,F,F,C,P,7.50,7.50
26/03/2024,21:00,[20:45-21:00[,S,F,F,C,P,7.50,7.50
26/03/2024,21:15,[21:00-21:15[,S,F,F,C,C,3.20,3.20
26/03/2024,21:30,[21:15-21:30[,S,F,F,C,C,3.20,3.20
26/03/2024,21:45,[21:30-21:45[,S,F,F,C,C,3.20,3.20
26/03/2024,22:00,[21:45-22:00[,S,F,F,C,C,3.20,3.20
26/03/2024,22:15,[22:00-22:15[,S,V,F,V,C,1.69,1.69
26/03/2024,22:30,[22:15-22:30[,S,V,F,V,C,1.69,1.69
26/03/2024,22:45,[22:30-22:45[,S,V,F,V,C,1.69,1.69
26/03/2024,23:00,[22:45-23:00[,S,V,F,V,C,1.69,1.69
26/03/2024,23:15,[23:00-23:15[,S,V,F,V,C,3.20,3.20
26/03/2024,23:30,[23:15-23:30[,S,V,F,V,C,3.20,3.20
26/03/2024,23:45,[23:30-23:45[,S,V,F,V,C,3.20,3.20
26/03/2024,23:59,[23:45-00:00[,S,V,F,V,C,3.20,3.20
27/03/2024,00:15,[00:00-00:15[,S,V,V,V,V,0.57,0.57
27/03/2024,00:30,[00:15-00:30[,S,V,V,V,V,0.57,0.57
27/03/2024,00:45,[00:30-00:45[,S,V,V,V,V,0.57,0.57
27/03/2024,01:00,[00:45-01:00[,S,V,V,V,V,0.57,0.57
27/03/2024,01:15,[01:00-01:15[,S,V,V,V,V,0.01,0.01
27/03/2024,01:30,[01:15-01:30[,S,V,V,V,V,0.01,0.01
27/03/2024,01:45,[01:30-01:45[,S,V,V,V,V,0.01,0.01
27/03/2024,02:00,[01:45-02:00[,S,V,V,V,V,0.01,0.01
27/03/2024,02:15,[02:00-02:15[,S,V,V,V,V,0.00,0.00
27/03/2024,02:30,[02:15-02:30[,S,V,V,V,V,0.00,0.00
27/03/2024,02:45,[02:30-02:45[,S,V,V,V,V,0.00,0.00
27/03/2024,03:00,[02:45-03:00[,S,V,V,V,V,0.00,0.00
27/03/2024,03:15,[03:00-03:15[,S,V,V,V,V,0.00,0.00
27/03/2024,03:30,[03:15-03:30[,S,V,V,V,V,0.00,0.00
27/03/2024,03:45,[03:30-03:45[,S,V,V,V,V,0.00,0.00
27/03/2024,04:00,[03:45-04:00[,S,V,V,V,V,0.00,0.00
27/03/2024,04:15,[04:00-04:15[,S,V,V,V,V,0.00,0.00
27/03/2024,04:30,[04:15-04:30[,S,V,V,V,V,0.00,0.00
27/03/2024,04:45,[04:30-04:45[,S,V,V,V,V,0.00,0.00
27/03/2024,05:00,[04:45-05:00[,S,V,V,V,V,0.00,0.00
27/03/2024,05:15,[05:00-05:15[,S,V,V,V,V,0.10,0.10
27/03/2024,05:30,[05:15-05:30[,S,V,V,V,V,0.10,0.10
27/03/2024,05:45,[05:30-05:45[,S,V,V,V,V,0.10,0.10
27/03/2024,06:00,[05:45-06:00[,S,V,V,V,V,0.10,0.10
27/03/2024,06:15,[06:00-06:15[,S,V,V,V,V,0.54,0.54
27/03/2024,06:30,[06:15-06:30[,S,V,V,V,V,0.54,0.54
27/03/2024,06:45,[06:30-06:45[,S,V,V,V,V,0.54,0.54
27/03/2024,07:00,[06:45-07:00[,S,V,V,V,V,0.54,0.54
27/03/2024,07:15,[07:00-07:15[,S,V,F,V,C,0.43,0.43
27/03/2024,07:30,[07:15-07:30[,S,V,F,V,C,0.43,0.43
27/03/2024,07:45,[07:30-07:45[,S,V,F,V,C,0.43,0.43
27/03/2024,08:00,[07:45-08:00[,S,V,F,V,C,0.43,0.43
27/03/2024,08:15,[08:00-08:15[,S,F,F,C,C,0.13,0.13
27/03/2024,08:30,[08:15-08:30[,S,F,F,C,C,0.13,0.13
27/03/2024,08:45,[08:30-08:45[,S,F,F,C,C,0.13,0.13
27/03/2024,09:00,[08:45-09:00[,S,F,F,C,C,0.13,0.13
27/03/2024,09:15,[09:00-09:15[,S,F,F,P,C,0.00,0.00
27/03/2024,09:30,[09:15-09:30[,S,F,F,P,C,0.00,0.00
27/03/2024,09:45,[09:30-09:45[,S,F,F,P,P,0.00,0.00
27/03/2024,10:00,[09:45-10:00[,S,F,F,P,P,0.00,0.00
27/03/2024,10:15,[10:00-10:15[,S,F,F,P,P,0.00,0.00
27/03/2024,10:30,[10:15-10:30[,S,F,F,P,P,0.00,0.00
27/03/2024,10:45,[10:30-10:45[,S,F,F,C,P,0.00,0.00
27/03/2024,11:00,[10:45-11:00[,S,F,F,C,P,0.00,0.00
27/03/2024,11:15,[11:00-11:15[,S,F,F,C,P,0.00,0.00
27/03/2024,11:30,[11:15-11:30[,S,F,F,C,P,0.00,0.00
27/03/2024,11:45,[11:30-11:45[,S,F,F,C,P,0.00,0.00
27/03/2024,12:00,[11:45-12:00[,S,F,F,C,P,0.00,0.00
27/03/2024,12:15,[12:00-12:15[,S,F,F,C,C,0.00,0.00
27/03/2024,12:30,[12:15-12:30[,S,F,F,C,C,0.00,0.00
27/03/2024,12:45,[12:30-12:45[,S,F,F,C,C,0.00,0.00
27/03/2024,13:00,[12:45-13:00[,S,F,F,C,C,0.00,0.00
27/03/2024,13:15,[13:00-13:15[,S,F,F,C,C,0.00,0.00
27/03/2024,13:30,[13:15-13:30[,S,F,F,C,C,0.00,0.00
27/03/2024,13:45,[13:30-13:45[,S,F,F,C,C,0.00,0.00
27/03/2024,14:00,[13:45-14:00[,S,F,F,C,C,0.00,0.00
27/03/2024,14:15,[14:00-14:15[,S,F,F,C,C,0.00,0.00
27/03/2024,14:30,[14:15-14:30[,S,F,F,C,C,0.00,0.00
27/03/2024,14:45,[14:30-14:45[,S,F,F,C,C,0.00,0.00
27/03/2024,15:00,[14:45-15:00[,S,F,F,C,C,0.00,0.00
27/03/2024,15:15,[15:00-15:15[,S,F,F,C,C,0.00,0.00
27/03/2024,15:30,[15:15-15:30[,S,F,F,C,C,0.00,0.00
27/03/2024,15:45,[15:30-15:45[,S,F,F,C,C,0.00,0.00
27/03/2024,16:00,[15:45-16:00[,S,F,F,C,C,0.00,0.00
27/03/2024,16:15,[16:00-16:15[,S,F,F,C,C,0.00,0.00
27/03/2024,16:30,[16:15-16:30[,S,F,F,C,C,0.00,0.00
27/03/2024,16:45,[16:30-16:45[,S,F,F,C,C,0.00,0.00
27/03/2024,17:00,[16:45-17:00[,S,F,F,C,C,0.00,0.00
27/03/2024,17:15,[17:00-17:15[,S,F,F,C,C,0.43,0.43
27/03/2024,17:30,[17:15-17:30[,S,F,F,C,C,0.43,0.43
27/03/2024,17:45,[17:30-17:45[,S,F,F,C,C,0.43,0.43
27/03/2024,18:00,[17:45-18:00[,S,F,F,C,C,0.43,0.43
27/03/2024,18:15,[18:00-18:15[,S,F,F,P,C,3.17,3.17
27/03/2024,18:30,[18:15-18:30[,S,F,F,P,C,3.17,3.17
27/03/2024,18:45,[18:30-18:45[,S,F,F,P,P,3.17,3.17
27/03/2024,19:00,[18:45-19:00[,S,F,F,P,P,3.17,3.17
27/03/2024,19:15,[19:00-19:15[,S,F,F,P,P,3.20,3.20
27/03/2024,19:30,[19:15-19:30[,S,F,F,P,P,3.20,3.20
27/03/2024,19:45,[19:30-19:45[,S,F,F,P,P,3.20,3.20
27/03/2024,20:00,[19:45-20:00[,S,F,F,P,P,3.20,3.20
27/03/2024,20:15,[20:00-20:15[,S,F,F,P,P,3.20,3.20
27/03/2024,20:30,[20:15-20:30[,S,F,F,P,P,3.20,3.20
27/03/2024,20:45,[20:30-20:45[,S,F,F,C,P,3.20,3.20
27/03/2024,21:00,[20:45-21:00[,S,F,F,C,P,3.20,3.20
27/03/2024,21:15,[21:00-21:15[,S,F,F,C,C,3.02,3.02
27/03/2024,21:30,[21:15-21:30[,S,F,F,C,C,3.02,3.02
27/03/2024,21:45,[21:30-21:45[,S,F,F,C,C,3.02,3.02
27/03/2024,22:00,[21:45-22:00[,S,F,F,C,C,3.02,3.02
27/03/2024,22:15,[22:00-22:15[,S,V,F,V,C,0.12,0.12
27/03/2024,22:30,[22:15-22:30[,S,V,F,V,C,0.12,0.12
27/03/2024,22:45,[22:30-22:45[,S,V,F,V,C,0.12,0.12
27/03/2024,23:00,[22:45-23:00[,S,V,F,V,C,0.12,0.12
27/03/2024,23:15,[23:00-23:15[,S,V,F,V,C,0.40,0.40
27/03/2024,23:30,[23:15-23:30[,S,V,F,V,C,0.40,0.40
27/03/2024,23:45,[23:30-23:45[,S,V,F,V,C,0.40,0.40
27/03/2024,23:59,[23:45-00:00[,S,V,F,V,C,0.40,0.40
28/03/2024,00:15,[00:00-00:15[,S,V,V,V,V,0.00,0.00
28/03/2024,00:30,[00:15-00:30[,S,V,V,V,V,0.00,0.00
28/03/2024,00:45,[00:30-00:45[,S,V,V,V,V,0.00,0.00
28/03/2024,01:00,[00:45-01:00[,S,V,V,V,V,0.00,0.00
28/03/2024,01:15,[01:00-01:15[,S,V,V,V,V,0.00,0.00
28/03/2024,01:30,[01:15-01:30[,S,V,V,V,V,0.00,0.00
28/03/2024,01:45,[01:30-01:45[,S,V,V,V,V,0.00,0.00
28/03/2024,02:00,[01:45-02:00[,S,V,V,V,V,0.00,0.00
28/03/2024,02:15,[02:00-02:15[,S,V,V,V,V,0.00,0.00
28/03/2024,02:30,[02:15-02:30[,S,V,V,V,V,0.00,0.00
28/03/2024,02:45,[02:30-02:45[,S,V,V,V,V,0.00,0.00
28/03/2024,03:00,[02:45-03:00[,S,V,V,V,V,0.00,0.00
28/03/2024,03:15,[03:00-03:15[,S,V,V,V,V,0.00,0.00
28/03/2024,03:30,[03:15-03:30[,S,V,V,V,V,0.00,0.00
28/03/2024,03:45,[03:30-03:45[,S,V,V,V,V,0.00,0.00
28/03/2024,04:00,[03:45-04:00[,S,V,V,V,V,0.00,0.00
28/03/2024,04:15,[04:00-04:15[,S,V,V,V,V,0.00,0.00
28/03/2024,04:30,[04:15-04:30[,S,V,V,V,V,0.00,0.00
28/03/2024,04:45,[04:30-04:45[,S,V,V,V,V,0.00,0.00
28/03/2024,05:00,[04:45-05:00[,S,V,V,V,V,0.00,0.00
28/03/2024,05:15,[05:00-05:15[,S,V,V,V,V,0.02,0.02
28/03/2024,05:30,[05:15-05:30[,S,V,V,V,V,0.02,0.02
28/03/2024,05:45,[05:30-05:45[,S,V,V,V,V,0.02,0.02
28/03/2024,06:00,[05:45-06:00[,S,V,V,V,V,0.02,0.02
28/03/2024,06:15,[06:00-06:15[,S,V,V,V,V,0.34,0.34
28/03/2024,06:30,[06:15-06:30[,S,V,V,V,V,0.34,0.34
28/03/2024,06:45,[06:30-06:45[,S,V,V,V,V,0.34,0.34
28/03/2024,07:00,[06:45-07:00[,S,V,V,V,V,0.34,0.34
28/03/2024,07:15,[07:00-07:15[,S,V,F,V,C,0.19,0.19
28/03/2024,07:30,[07:15-07:30[,S,V,F,V,C,0.19,0.19
28/03/2024,07:45,[07:30-07:45[,S,V,F,V,C,0.19,0.19
28/03/2024,08:00,[07:45-08:00[,S,V,F,V,C,0.19,0.19
28/03/2024,08:15,[08:00-08:15[,S,F,F,C,C,0.00,0.00
28/03/2024,08:30,[08:15-08:30[,S,F,F,C,C,0.00,0.00
28/03/2024,08:45,[08:30-08:45[,S,F,F,C,C,0.00,0.00
28/03/2024,09:00,[08:45-09:00[,S,F,F,C,C,0.00,0.00
28/03/2024,09:15,[09:00-09:15[,S,F,F,P,C,0.00,0.00
28/03/2024,09:30,[09:15-09:30[,S,F,F,P,C,0.00,0.00
28/03/2024,09:45,[09:30-09:45[,S,F,F,P,P,0.00,0.00
28/03/2024,10:00,[09:45-10:00[,S,F,F,P,P,0.00,0.00
28/03/2024,10:15,[10:00-10:15[,S,F,F,P,P,0.00,0.00
28/03/2024,10:30,[10:15-10:30[,S,F,F,P,P,0.00,0.00
28/03/2024,10:45,[10:30-10:45[,S,F,F,C,P,0.00,0.00
28/03/2024,11:00,[10:45-11:00[,S,F,F,C,P,0.00,0.00
28/03/2024,11:15,[11:00-11:15[,S,F,F,C,P,0.00,0.00
28/03/2024,11:30,[11:15-11:30[,S,F,F,C,P,0.00,0.00
28/03/2024,11:45,[11:30-11:45[,S,F,F,C,P,0.00,0.00
28/03/2024,12:00,[11:45-12:00[,S,F,F,C,P,0.00,0.00
28/03/2024,12:15,[12:00-12:15[,S,F,F,C,C,0.00,0.00
28/03/2024,12:30,[12:15-12:30[,S,F,F,C,C,0.00,0.00
28/03/2024,12:45,[12:30-12:45[,S,F,F,C,C,0.00,0.00
28/03/2024,13:00,[12:45-13:00[,S,F,F,C,C,0.00,0.00
28/03/2024,13:15,[13:00-13:15[,S,F,F,C,C,0.00,0.00
28/03/2024,13:30,[13:15-13:30[,S,F,F,C,C,0.00,0.00
28/03/2024,13:45,[13:30-13:45[,S,F,F,C,C,0.00,0.00
28/03/2024,14:00,[13:45-14:00[,S,F,F,C,C,0.00,0.00
28/03/2024,14:15,[14:00-14:15[,S,F,F,C,C,0.00,0.00
28/03/2024,14:30,[14:15-14:30[,S,F,F,C,C,0.00,0.00
28/03/2024,14:45,[14:30-14:45[,S,F,F,C,C,0.00,0.00
28/03/2024,15:00,[14:45-15:00[,S,F,F,C,C,0.00,0.00
28/03/2024,15:15,[15:00-15:15[,S,F,F,C,C,0.00,0.00
28/03/2024,15:30,[15:15-15:30[,S,F,F,C,C,0.00,0.00
28/03/2024,15:45,[15:30-15:45[,S,F,F,C,C,0.00,0.00
28/03/2024,16:00,[15:45-16:00[,S,F,F,C,C,0.00,0.00
28/03/2024,16:15,[16:00-16:15[,S,F,F,C,C,0.02,0.02
28/03/2024,16:30,[16:15-16:30[,S,F,F,C,C,0.02,0.02
28/03/2024,16:45,[16:30-16:45[,S,F,F,C,C,0.02,0.02
28/03/2024,17:00,[16:45-17:00[,S,F,F,C,C,0.02,0.02
28/03/2024,17:15,[17:00-17:15[,S,F,F,C,C,0.60,0.60
28/03/2024,17:30,[17:15-17:30[,S,F,F,C,C,0.60,0.60
28/03/2024,17:45,[17:30-17:45[,S,F,F,C,C,0.60,0.60
28/03/2024,18:00,[17:45-18:00[,S,F,F,C,C,0.60,0.60
28/03/2024,18:15,[18:00-18:15[,S,F,F,P,C,3.20,3.20
28/03/2024,18:30,[18:15-18:30[,S,F,F,P,C,3.20,3.20
28/03/2024,18:45,[18:30-18:45[,S,F,F,P,P,3.20,3.20
28/03/2024,19:00,[18:45-19:00[,S,F,F,P,P,3.20,3.20
28/03/2024,19:15,[19:00-19:15[,S,F,F,P,P,3.20,3.20
28/03/2024,19:30,[19:15-19:30[,S,F,F,P,P,3.20,3.20
28/03/2024,19:45,[19:30-19:45[,S,F,F,P,P,3.20,3.20
28/03/2024,20:00,[19:45-20:00[,S,F,F,P,P,3.20,3.20
28/03/2024,20:15,[20:00-20:15[,S,F,F,P,P,3.20,3.20
28/03/2024,20:30,[20:15-20:30[,S,F,F,P,P,3.20,3.20
28/03/2024,20:45,[20:30-20:45[,S,F,F,C,P,3.20,3.20
28/03/2024,21:00,[20:45-21:00[,S,F,F,C,P,3.20,3.20
28/03/2024,21:15,[21:00-21:15[,S,F,F,C,C,3.20,3.20
28/03/2024,21:30,[21:15-21:30[,S,F,F,C,C,3.20,3.20
28/03/2024,21:45,[21:30-21:45[,S,F,F,C,C,3.20,3.20
28/03/2024,22:00,[21:45-22:00[,S,F,F,C,C,3.20,3.20
28/03/2024,22:15,[22:00-22:15[,S,V,F,V,C,1.47,1.47
28/03/2024,22:30,[22:15-22:30[,S,V,F,V,C,1.47,1.47
28/03/2024,22:45,[22:30-22:45[,S,V,F,V,C,1.47,1.47
28/03/2024,23:00,[22:45-23:00[,S,V,F,V,C,1.47,1.47
28/03/2024,23:15,[23:00-23:15[,S,V,F,V,C,2.00,2.00
28/03/2024,23:30,[23:15-23:30[,S,V,F,V,C,2.00,2.00
28/03/2024,23:45,[23:30-23:45[,S,V,F,V,C,2.00,2.00
28/03/2024,23:59,[23:45-00:00[,S,V,F,V,C,2.00,2.00
29/03/2024,00:15,[00:00-00:15[,S,V,V,V,V,0.58,0.58
29/03/2024,00:30,[00:15-00:30[,S,V,V,V,V,0.58,0.58
29/03/2024,00:45,[00:30-00:45[,S,V,V,V,V,0.58,0.58
29/03/2024,01:00,[00:45-01:00[,S,V,V,V,V,0.58,0.58
29/03/2024,01:15,[01:00-01:15[,S,V,V,V,V,0.52,0.52
29/03/2024,01:30,[01:15-01:30[,S,V,V,V,V,0.52,0.52
29/03/2024,01:45,[01:30-01:45[,S,V,V,V,V,0.52,0.52
29/03/2024,02:00,[01:45-02:00[,S,V,V,V,V,0.52,0.52
29/03/2024,02:15,[02:00-02:15[,S,V,V,V,V,0.50,0.50
29/03/2024,02:30,[02:15-02:30[,S,V,V,V,V,0.50,0.50
29/03/2024,02:45,[02:30-02:45[,S,V,V,V,V,0.50,0.50
29/03/2024,03:00,[02:45-03:00[,S,V,V,V,V,0.50,0.50
29/03/2024,03:15,[03:00-03:15[,S,V,V,V,V,0.57,0.57
29/03/2024,03:30,[03:15-03:30[,S,V,V,V,V,0.57,0.57
29/03/2024,03:45,[03:30-03:45[,S,V,V,V,V,0.57,0.57
29/03/2024,04:00,[03:45-04:00[,S,V,V,V,V,0.57,0.57
29/03/2024,04:15,[04:00-04:15[,S,V,V,V,V,1.00,1.00
29/03/2024,04:30,[04:15-04:30[,S,V,V,V,V,1.00,1.00
29/03/2024,04:45,[04:30-04:45[,S,V,V,V,V,1.00,1.00
29/03/2024,05:00,[04:45-05:00[,S,V,V,V,V,1.00,1.00
29/03/2024,05:15,[05:00-05:15[,S,V,V,V,V,2.00,2.00
29/03/2024,05:30,[05:15-05:30[,S,V,V,V,V,2.00,2.00
29/03/2024,05:45,[05:30-05:45[,S,V,V,V,V,2.00,2.00
29/03/2024,06:00,[05:45-06:00[,S,V,V,V,V,2.00,2.00
29/03/2024,06:15,[06:00-06:15[,S,V,V,V,V,3.10,3.10
29/03/2024,06:30,[06:15-06:30[,S,V,V,V,V,3.10,3.10
29/03/2024,06:45,[06:30-06:45[,S,V,V,V,V,3.10,3.10
29/03/2024,07:00,[06:45-07:00[,S,V,V,V,V,3.10,3.10
29/03/2024,07:15,[07:00-07:15[,S,V,F,V,C,1.47,1.47
29/03/2024,07:30,[07:15-07:30[,S,V,F,V,C,1.47,1.47
29/03/2024,07:45,[07:30-07:45[,S,V,F,V,C,1.47,1.47
29/03/2024,08:00,[07:45-08:00[,S,V,F,V,C,1.47,1.47
29/03/2024,08:15,[08:00-08:15[,S,F,F,C,C,1.00,1.00
29/03/2024,08:30,[08:15-08:30[,S,F,F,C,C,1.00,1.00
29/03/2024,08:45,[08:30-08:45[,S,F,F,C,C,1.00,1.00
29/03/2024,09:00,[08:45-09:00[,S,F,F,C,C,1.00,1.00
29/03/2024,09:15,[09:00-09:15[,S,F,F,P,C,0.90,0.90
29/03/2024,09:30,[09:15-09:30[,S,F,F,P,C,0.90,0.90
29/03/2024,09:45,[09:30-09:45[,S,F,F,P,P,0.90,0.90
29/03/2024,10:00,[09:45-10:00[,S,F,F,P,P,0.90,0.90
29/03/2024,10:15,[10:00-10:15[,S,F,F,P,P,0.77,0.77
29/03/2024,10:30,[10:15-10:30[,S,F,F,P,P,0.77,0.77
29/03/2024,10:45,[10:30-10:45[,S,F,F,C,P,0.77,0.77
29/03/2024,11:00,[10:45-11:00[,S,F,F,C,P,0.77,0.77
29/03/2024,11:15,[11:00-11:15[,S,F,F,C,P,0.53,0.53
29/03/2024,11:30,[11:15-11:30[,S,F,F,C,P,0.53,0.53
29/03/2024,11:45,[11:30-11:45[,S,F,F,C,P,0.53,0.53
29/03/2024,12:00,[11:45-12:00[,S,F,F,C,P,0.53,0.53
29/03/2024,12:15,[12:00-12:15[,S,F,F,C,C,0.50,0.50
29/03/2024,12:30,[12:15-12:30[,S,F,F,C,C,0.50,0.50
29/03/2024,12:45,[12:30-12:45[,S,F,F,C,C,0.50,0.50
29/03/2024,13:00,[12:45-13:00[,S,F,F,C,C,0.50,0.50
29/03/2024,13:15,[13:00-13:15[,S,F,F,C,C,0.47,0.47
29/03/2024,13:30,[13:15-13:30[,S,F,F,C,C,0.47,0.47
29/03/2024,13:45,[13:30-13:45[,S,F,F,C,C,0.47,0.47
29/03/2024,14:00,[13:45-14:00[,S,F,F,C,C,0.47,0.47
29/03/2024,14:15,[14:00-14:15[,S,F,F,C,C,0.40,0.40
29/03/2024,14:30,[14:15-14:30[,S,F,F,C,C,0.40,0.40
29/03/2024,14:45,[14:30-14:45[,S,F,F,C,C,0.40,0.40
29/03/2024,15:00,[14:45-15:00[,S,F,F,C,C,0.40,0.40
29/03/2024,15:15,[15:00-15:15[,S,F,F,C,C,0.40,0.40
29/03/2024,15:30,[15:15-15:30[,S,F,F,C,C,0.40,0.40
29/03/2024,15:45,[15:30-15:45[,S,F,F,C,C,0.40,0.40
29/03/2024,16:00,[15:45-16:00[,S,F,F,C,C,0.40,0.40
29/03/2024,16:15,[16:00-16:15[,S,F,F,C,C,0.50,0.50
29/03/2024,16:30,[16:15-16:30[,S,F,F,C,C,0.50,0.50
29/03/2024,16:45,[16:30-16:45[,S,F,F,C,C,0.50,0.50
29/03/2024,17:00,[16:45-17:00[,S,F,F,C,C,0.50,0.50
29/03/2024,17:15,[17:00-17:15[,S,F,F,C,C,3.20,3.20
29/03/2024,17:30,[17:15-17:30[,S,F,F,C,C,3.20,3.20
29/03/2024,17:45,[17:30-17:45[,S,F,F,C,C,3.20,3.20
29/03/2024,18:00,[17:45-18:00[,S,F,F,C,C,3.20,3.20
29/03/2024,18:15,[18:00-18:15[,S,F,F,P,C,6.82,6.82
29/03/2024,18:30,[18:15-18:30[,S,F,F,P,C,6.82,6.82
29/03/2024,18:45,[18:30-18:45[,S,F,F,P,P,6.82,6.82
29/03/2024,19:00,[18:45-19:00[,S,F,F,P,P,6.82,6.82
29/03/2024,19:15,[19:00-19:15[,S,F,F,P,P,17.47,17.47
29/03/2024,19:30,[19:15-19:30[,S,F,F,P,P,17.47,17.47
29/03/2024,19:45,[19:30-19:45[,S,F,F,P,P,17.47,17.47
29/03/2024,20:00,[19:45-20:00[,S,F,F,P,P,17.47,17.47
29/03/2024,20:15,[20:00-20:15[,S,F,F,P,P,21.42,21.42
29/03/2024,20:30,[20:15-20:30[,S,F,F,P,P,21.42,21.42
29/03/2024,20:45,[20:30-20:45[,S,F,F,C,P,21.42,21.42
29/03/2024,21:00,[20:45-21:00[,S,F,F,C,P,21.42,21.42
29/03/2024,21:15,[21:00-21:15[,S,F,F,C,C,16.00,16.00
29/03/2024,21:30,[21:15-21:30[,S,F,F,C,C,16.00,16.00
29/03/2024,21:45,[21:30-21:45[,S,F,F,C,C,16.00,16.00
29/03/2024,22:00,[21:45-22:00[,S,F,F,C,C,16.00,16.00
29/03/2024,22:15,[22:00-22:15[,S,V,F,V,C,15.14,15.14
29/03/2024,22:30,[22:15-22:30[,S,V,F,V,C,15.14,15.14
29/03/2024,22:45,[22:30-22:45[,S,V,F,V,C,15.14,15.14
29/03/2024,23:00,[22:45-23:00[,S,V,F,V,C,15.14,15.14
29/03/2024,23:15,[23:00-23:15[,S,V,F,V,C,10.60,10.60
29/03/2024,23:30,[23:15-23:30[,S,V,F,V,C,10.60,10.60
29/03/2024,23:45,[23:30-23:45[,S,V,F,V,C,10.60,10.60
29/03/2024,23:59,[23:45-00:00[,S,V,F,V,C,10.60,10.60
30/03/2024,00:15,[00:00-00:15[,S,V,V,V,V,6.66,6.66
30/03/2024,00:30,[00:15-00:30[,S,V,V,V,V,6.66,6.66
30/03/2024,00:45,[00:30-00:45[,S,V,V,V,V,6.66,6.66
30/03/2024,01:00,[00:45-01:00[,S,V,V,V,V,6.66,6.66
30/03/2024,01:15,[01:00-01:15[,S,V,V,V,V,4.91,4.91
30/03/2024,01:30,[01:15-01:30[,S,V,V,V,V,4.91,4.91
30/03/2024,01:45,[01:30-01:45[,S,V,V,V,V,4.91,4.91
30/03/2024,02:00,[01:45-02:00[,S,V,V,V,V,4.91,4.91
30/03/2024,02:15,[02:00-02:15[,S,V,V,V,V,3.20,3.20
30/03/2024,02:30,[02:15-02:30[,S,V,V,V,V,3.20,3.20
30/03/2024,02:45,[02:30-02:45[,S,V,V,V,V,3.20,3.20
30/03/2024,03:00,[02:45-03:00[,S,V,V,V,V,3.20,3.20
30/03/2024,03:15,[03:00-03:15[,S,V,V,V,V,3.20,3.20
30/03/2024,03:30,[03:15-03:30[,S,V,V,V,V,3.20,3.20
30/03/2024,03:45,[03:30-03:45[,S,V,V,V,V,3.20,3.20
30/03/2024,04:00,[03:45-04:00[,S,V,V,V,V,3.20,3.20
30/03/2024,04:15,[04:00-04:15[,S,V,V,V,V,4.00,4.00
30/03/2024,04:30,[04:15-04:30[,S,V,V,V,V,4.00,4.00
30/03/2024,04:45,[04:30-04:45[,S,V,V,V,V,4.00,4.00
30/03/2024,05:00,[04:45-05:00[,S,V,V,V,V,4.00,4.00
30/03/2024,05:15,[05:00-05:15[,S,V,V,V,V,6.00,6.00
30/03/2024,05:30,[05:15-05:30[,S,V,V,V,V,6.00,6.00
30/03/2024,05:45,[05:30-05:45[,S,V,V,V,V,6.00,6.00
30/03/2024,06:00,[05:45-06:00[,S,V,V,V,V,6.00,6.00
30/03/2024,06:15,[06:00-06:15[,S,V,V,V,V,5.04,5.04
30/03/2024,06:30,[06:15-06:30[,S,V,V,V,V,5.04,5.04
30/03/2024,06:45,[06:30-06:45[,S,V,V,V,V,5.04,5.04
30/03/2024,07:00,[06:45-07:00[,S,V,V,V,V,5.04,5.04
30/03/2024,07:15,[07:00-07:15[,S,V,V,V,V,3.20,3.20
30/03/2024,07:30,[07:15-07:30[,S,V,V,V,V,3.20,3.20
30/03/2024,07:45,[07:30-07:45[,S,V,V,V,V,3.20,3.20
30/03/2024,08:00,[07:45-08:00[,S,V,V,V,V,3.20,3.20
30/03/2024,08:15,[08:00-08:15[,S,F,V,C,V,1.00,1.00
30/03/2024,08:30,[08:15-08:30[,S,F,V,C,V,1.00,1.00
30/03/2024,08:45,[08:30-08:45[,S,F,V,C,V,1.00,1.00
30/03/2024,09:00,[08:45-09:00[,S,F,V,C,V,1.00,1.00
30/03/2024,09:15,[09:00-09:15[,S,F,V,P,V,0.58,0.58
30/03/2024,09:30,[09:15-09:30[,S,F,V,P,V,0.58,0.58
30/03/2024,09:45,[09:30-09:45[,S,F,F,P,C,0.58,0.58
30/03/2024,10:00,[09:45-10:00[,S,F,F,P,C,0.58,0.58
30/03/2024,10:15,[10:00-10:15[,S,F,F,P,C,0.43,0.43
30/03/2024,10:30,[10:15-10:30[,S,F,F,P,C,0.43,0.43
30/03/2024,10:45,[10:30-10:45[,S,F,F,C,C,0.43,0.43
30/03/2024,11:00,[10:45-11:00[,S,F,F,C,C,0.43,0.43
30/03/2024,11:15,[11:00-11:15[,S,F,F,C,C,0.43,0.43
30/03/2024,11:30,[11:15-11:30[,S,F,F,C,C,0.43,0.43
30/03/2024,11:45,[11:30-11:45[,S,F,F,C,C,0.43,0.43
30/03/2024,12:00,[11:45-12:00[,S,F,F,C,C,0.43,0.43
30/03/2024,12:15,[12:00-12:15[,S,F,F,C,C,0.43,0.43
30/03/2024,12:30,[12:15-12:30[,S,F,F,C,C,0.43,0.43
30/03/2024,12:45,[12:30-12:45[,S,F,F,C,C,0.43,0.43
30/03/2024,13:00,[12:45-13:00[,S,F,F,C,C,0.43,0.43
30/03/2024,13:15,[13:00-13:15[,S,F,V,C,V,0.43,0.43
30/03/2024,13:30,[13:15-13:30[,S,F,V,C,V,0.43,0.43
30/03/2024,13:45,[13:30-13:45[,S,F,V,C,V,0.43,0.43
30/03/2024,14:00,[13:45-14:00[,S,F,V,C,V,0.43,0.43
30/03/2024,14:15,[14:00-14:15[,S,F,V,C,V,0.43,0.43
30/03/2024,14:30,[14:15-14:30[,S,F,V,C,V,0.43,0.43
30/03/2024,14:45,[14:30-14:45[,S,F,V,C,V,0.43,0.43
30/03/2024,15:00,[14:45-15:00[,S,F,V,C,V,0.43,0.43
30/03/2024,15:15,[15:00-15:15[,S,F,V,C,V,0.50,0.50
30/03/2024,15:30,[15:15-15:30[,S,F,V,C,V,0.50,0.50
30/03/2024,15:45,[15:30-15:45[,S,F,V,C,V,0.50,0.50
30/03/2024,16:00,[15:45-16:00[,S,F,V,C,V,0.50,0.50
30/03/2024,16:15,[16:00-16:15[,S,F,V,C,V,1.47,1.47
30/03/2024,16:30,[16:15-16:30[,S,F,V,C,V,1.47,1.47
30/03/2024,16:45,[16:30-16:45[,S,F,V,C,V,1.47,1.47
30/03/2024,17:00,[16:45-17:00[,S,F,V,C,V,1.47,1.47
30/03/2024,17:15,[17:00-17:15[,S,F,V,C,V,3.50,3.50
30/03/2024,17:30,[17:15-17:30[,S,F,V,C,V,3.50,3.50
30/03/2024,17:45,[17:30-17:45[,S,F,V,C,V,3.50,3.50
30/03/2024,18:00,[17:45-18:00[,S,F,V,C,V,3.50,3.50
30/03/2024,18:15,[18:00-18:15[,S,F,V,P,V,9.36,9.36
30/03/2024,18:30,[18:15-18:30[,S,F,V,P,V,9.36,9.36
30/03/2024,18:45,[18:30-18:45[,S,F,F,P,C,9.36,9.36
30/03/2024,19:00,[18:45-19:00[,S,F,F,P,C,9.36,9.36
30/03/2024,19:15,[19:00-19:15[,S,F,F,P,C,16.70,16.70
30/03/2024,19:30,[19:15-19:30[,S,F,F,P,C,16.70,16.70
30/03/2024,19:45,[19:30-19:45[,S,F,F,P,C,16.70,16.70
30/03/2024,20:00,[19:45-20:00[,S,F,F,P,C,16.70,16.70
30/03/2024,20:15,[20:00-20:15[,S,F,F,P,C,16.27,16.27
30/03/2024,20:30,[20:15-20:30[,S,F,F,P,C,16.27,16.27
30/03/2024,20:45,[20:30-20:45[,S,F,F,C,C,16.27,16.27
30/03/2024,21:00,[20:45-21:00[,S,F,F,C,C,16.27,16.27
30/03/2024,21:15,[21:00-21:15[,S,F,F,C,C,6.66,6.66
30/03/2024,21:30,[21:15-21:30[,S,F,F,C,C,6.66,6.66
30/03/2024,21:45,[21:30-21:45[,S,F,F,C,C,6.66,6.66
30/03/2024,22:00,[21:45-22:00[,S,F,F,C,C,6.66,6.66
30/03/2024,22:15,[22:00-22:15[,S,V,V,V,V,3.38,3.38
30/03/2024,22:30,[22:15-22:30[,S,V,V,V,V,3.38,3.38
30/03/2024,22:45,[22:30-22:45[,S,V,V,V,V,3.38,3.38
30/03/2024,23:00,[22:45-23:00[,S,V,V,V,V,3.38,3.38
30/03/2024,23:15,[23:00-23:15[,S,V,V,V,V,3.20,3.20
30/03/2024,23:30,[23:15-23:30[,S,V,V,V,V,3.20,3.20
30/03/2024,23:45,[23:30-23:45[,S,V,V,V,V,3.20,3.20
30/03/2024,23:59,[23:45-00:00[,S,V,V,V,V,3.20,3.20
31/03/2024,00:15,[00:00-00:15[,S,V,V,V,V,1.63,1.63
31/03/2024,00:30,[00:15-00:30[,S,V,V,V,V,1.63,1.63
31/03/2024,00:45,[00:30-00:45[,S,V,V,V,V,1.63,1.63
31/03/2024,02:00,[00:45-02:00[,S,V,V,V,V,1.63,1.63
31/03/2024,02:15,[02:00-02:15[,S,V,V,V,V,0.50,0.50
31/03/2024,02:30,[02:15-02:30[,S,V,V,V,V,0.50,0.50
31/03/2024,02:45,[02:30-02:45[,S,V,V,V,V,0.50,0.50
31/03/2024,03:00,[02:45-03:00[,S,V,V,V,V,0.50,0.50
31/03/2024,03:15,[03:00-03:15[,S,V,V,V,V,0.50,0.50
31/03/2024,03:30,[03:15-03:30[,S,V,V,V,V,0.50,0.50
31/03/2024,03:45,[03:30-03:45[,S,V,V,V,V,0.50,0.50
31/03/2024,04:00,[03:45-04:00[,S,V,V,V,V,0.50,0.50
31/03/2024,04:15,[04:00-04:15[,S,V,V,V,V,0.50,0.50
31/03/2024,04:30,[04:15-04:30[,S,V,V,V,V,0.50,0.50
31/03/2024,04:45,[04:30-04:45[,S,V,V,V,V,0.50,0.50
31/03/2024,05:00,[04:45-05:00[,S,V,V,V,V,0.50,0.50
31/03/2024,05:15,[05:00-05:15[,S,V,V,V,V,0.60,0.60
31/03/2024,05:30,[05:15-05:30[,S,V,V,V,V,0.60,0.60
31/03/2024,05:45,[05:30-05:45[,S,V,V,V,V,0.60,0.60
31/03/2024,06:00,[05:45-06:00[,S,V,V,V,V,0.60,0.60
31/03/2024,06:15,[06:00-06:15[,S,V,V,V,V,0.50,0.50
31/03/2024,06:30,[06:15-06:30[,S,V,V,V,V,0.50,0.50
31/03/2024,06:45,[06:30-06:45[,S,V,V,V,V,0.50,0.50
31/03/2024,07:00,[06:45-07:00[,S,V,V,V,V,0.50,0.50
31/03/2024,07:15,[07:00-07:15[,S,V,V,V,V,0.60,0.60
31/03/2024,07:30,[07:15-07:30[,S,V,V,V,V,0.60,0.60
31/03/2024,07:45,[07:30-07:45[,S,V,V,V,V,0.60,0.60
31/03/2024,08:00,[07:45-08:00[,S,V,V,V,V,0.60,0.60
31/03/2024,08:15,[08:00-08:15[,S,F,V,C,V,0.50,0.50
31/03/2024,08:30,[08:15-08:30[,S,F,V,C,V,0.50,0.50
31/03/2024,08:45,[08:30-08:45[,S,F,V,C,V,0.50,0.50
31/03/2024,09:00,[08:45-09:00[,S,F,V,C,V,0.50,0.50
31/03/2024,09:15,[09:00-09:15[,S,F,V,C,V,0.50,0.50
31/03/2024,09:30,[09:15-09:30[,S,F,V,C,V,0.50,0.50
31/03/2024,09:45,[09:30-09:45[,S,F,V,C,V,0.50,0.50
31/03/2024,10:00,[09:45-10:00[,S,F,V,C,V,0.50,0.50
31/03/2024,10:15,[10:00-10:15[,S,F,V,C,V,0.40,0.40
31/03/2024,10:30,[10:15-10:30[,S,F,V,C,V,0.40,0.40
31/03/2024,10:45,[10:30-10:45[,S,F,V,P,V,0.40,0.40
31/03/2024,11:00,[10:45-11:00[,S,F,V,P,V,0.40,0.40
31/03/2024,11:15,[11:00-11:15[,S,F,V,P,V,0.00,0.00
31/03/2024,11:30,[11:15-11:30[,S,F,V,P,V,0.00,0.00
31/03/2024,11:45,[11:30-11:45[,S,F,V,P,V,0.00,0.00
31/03/2024,12:00,[11:45-12:00[,S,F,V,P,V,0.00,0.00
31/03/2024,12:15,[12:00-12:15[,S,F,V,P,V,0.00,0.00
31/03/2024,12:30,[12:15-12:30[,S,F,V,P,V,0.00,0.00
31/03/2024,12:45,[12:30-12:45[,S,F,V,P,V,0.00,0.00
31/03/2024,13:00,[12:45-13:00[,S,F,V,P,V,0.00,0.00
31/03/2024,13:15,[13:00-13:15[,S,F,V,C,V,0.00,0.00
31/03/2024,13:30,[13:15-13:30[,S,F,V,C,V,0.00,0.00
31/03/2024,13:45,[13:30-13:45[,S,F,V,C,V,0.00,0.00
31/03/2024,14:00,[13:45-14:00[,S,F,V,C,V,0.00,0.00
31/03/2024,14:15,[14:00-14:15[,S,F,V,C,V,0.00,0.00
31/03/2024,14:30,[14:15-14:30[,S,F,V,C,V,0.00,0.00
31/03/2024,14:45,[14:30-14:45[,S,F,V,C,V,0.00,0.00
31/03/2024,15:00,[14:45-15:00[,S,F,V,C,V,0.00,0.00
31/03/2024,15:15,[15:00-15:15[,S,F,V,C,V,0.00,0.00
31/03/2024,15:30,[15:15-15:30[,S,F,V,C,V,0.00,0.00
31/03/2024,15:45,[15:30-15:45[,S,F,V,C,V,0.00,0.00
31/03/2024,16:00,[15:45-16:00[,S,F,V,C,V,0.00,0.00
31/03/2024,16:15,[16:00-16:15[,S,F,V,C,V,0.00,0.00
31/03/2024,16:30,[16:15-16:30[,S,F,V,C,V,0.00,0.00
31/03/2024,16:45,[16:30-16:45[,S,F,V,C,V,0.00,0.00
31/03/2024,17:00,[16:45-17:00[,S,F,V,C,V,0.00,0.00
31/03/2024,17:15,[17:00-17:15[,S,F,V,C,V,0.00,0.00
31/03/2024,17:30,[17:15-17:30[,S,F,V,C,V,0.00,0.00
31/03/2024,17:45,[17:30-17:45[,S,F,V,C,V,0.00,0.00
31/03/2024,18:00,[17:45-18:00[,S,F,V,C,V,0.00,0.00
31/03/2024,18:15,[18:00-18:15[,S,F,V,C,V,0.00,0.00
31/03/2024,18:30,[18:15-18:30[,S,F,V,C,V,0.00,0.00
31/03/2024,18:45,[18:30-18:45[,S,F,V,C,V,0.00,0.00
31/03/2024,19:00,[18:45-19:00[,S,F,V,C,V,0.00,0.00
31/03/2024,19:15,[19:00-19:15[,S,F,V,C,V,1.69,1.69
31/03/2024,19:30,[19:15-19:30[,S,F,V,C,V,1.69,1.69
31/03/2024,19:45,[19:30-19:45[,S,F,V,P,V,1.69,1.69
31/03/2024,20:00,[19:45-20:00[,S,F,V,P,V,1.69,1.69
31/03/2024,20:15,[20:00-20:15[,S,F,V,P,V,3.20,3.20
31/03/2024,20:30,[20:15-20:30[,S,F,V,P,V,3.20,3.20
31/03/2024,20:45,[20:30-20:45[,S,F,V,P,V,3.20,3.20
31/03/2024,21:00,[20:45-21:00[,S,F,V,P,V,3.20,3.20
31/03/2024,21:15,[21:00-21:15[,S,F,V,C,V,3.20,3.20
31/03/2024,21:30,[21:15-21:30[,S,F,V,C,V,3.20,3.20
31/03/2024,21:45,[21:30-21:45[,S,F,V,C,V,3.20,3.20
31/03/2024,22:00,[21:45-22:00[,S,F,V,C,V,3.20,3.20
31/03/2024,22:15,[22:00-22:15[,S,V,V,V,V,1.63,1.63
31/03/2024,22:30,[22:15-22:30[,S,V,V,V,V,1.63,1.63
31/03/2024,22:45,[22:30-22:45[,S,V,V,V,V,1.63,1.63
31/03/2024,23:00,[22:45-23:00[,S,V,V,V,V,1.63,1.63
31/03/2024,23:15,[23:00-23:15[,S,V,V,V,V,0.70,0.70
31/03/2024,23:30,[23:15-23:30[,S,V,V,V,V,0.70,0.70
31/03/2024,23:45,[23:30-23:45[,S,V,V,V,V,0.70,0.70
31/03/2024,23:59,[23:45-00:00[,S,V,V,V,V,0.70,0.70
01/04/2024,00:15,[00:00-00:15[,S,V,V,V,V,0.02,0.02
01/04/2024,00:30,[00:15-00:30[,S,V,V,V,V,0.02,0.02
01/04/2024,00:45,[00:30-00:45[,S,V,V,V,V,0.02,0.02
01/04/2024,01:00,[00:45-01:00[,S,V,V,V,V,0.02,0.02
01/04/2024,01:15,[01:00-01:15[,S,V,V,V,V,0.00,0.00
01/04/2024,01:30,[01:15-01:30[,S,V,V,V,V,0.00,0.00
01/04/2024,01:45,[01:30-01:45[,S,V,V,V,V,0.00,0.00
01/04/2024,02:00,[01:45-02:00[,S,V,V,V,V,0.00,0.00
01/04/2024,02:15,[02:00-02:15[,S,V,V,V,V,0.00,0.00
01/04/2024,02:30,[02:15-02:30[,S,V,V,V,V,0.00,0.00
01/04/2024,02:45,[02:30-02:45[,S,V,V,V,V,0.00,0.00
01/04/2024,03:00,[02:45-03:00[,S,V,V,V,V,0.00,0.00
01/04/2024,03:15,[03:00-03:15[,S,V,V,V,V,0.00,0.00
01/04/2024,03:30,[03:15-03:30[,S,V,V,V,V,0.00,0.00
01/04/2024,03:45,[03:30-03:45[,S,V,V,V,V,0.00,0.00
01/04/2024,04:00,[03:45-04:00[,S,V,V,V,V,0.00,0.00
01/04/2024,04:15,[04:00-04:15[,S,V,V,V,V,0.00,0.00
01/04/2024,04:30,[04:15-04:30[,S,V,V,V,V,0.00,0.00
01/04/2024,04:45,[04:30-04:45[,S,V,V,V,V,0.00,0.00
01/04/2024,05:00,[04:45-05:00[,S,V,V,V,V,0.00,0.00
01/04/2024,05:15,[05:00-05:15[,S,V,V,V,V,0.13,0.13
01/04/2024,05:30,[05:15-05:30[,S,V,V,V,V,0.13,0.13
01/04/2024,05:45,[05:30-05:45[,S,V,V,V,V,0.13,0.13
01/04/2024,06:00,[05:45-06:00[,S,V,V,V,V,0.13,0.13
01/04/2024,06:15,[06:00-06:15[,S,V,V,V,V,1.19,1.19
01/04/2024,06:30,[06:15-06:30[,S,V,V,V,V,1.19,1.19
01/04/2024,06:45,[06:30-06:45[,S,V,V,V,V,1.19,1.19
01/04/2024,07:00,[06:45-07:00[,S,V,V,V,V,1.19,1.19
01/04/2024,07:15,[07:00-07:15[,S,V,F,V,C,0.94,0.94
01/04/2024,07:30,[07:15-07:30[,S,V,F,V,C,0.94,0.94
01/04/2024,07:45,[07:30-07:45[,S,V,F,V,C,0.94,0.94
01/04/2024,08:00,[07:45-08:00[,S,V,F,V,C,0.94,0.94
01/04/2024,08:15,[08:00-08:15[,S,F,F,C,C,0.13,0.13
01/04/2024,08:30,[08:15-08:30[,S,F,F,C,C,0.13,0.13
01/04/2024,08:45,[08:30-08:45[,S,F,F,C,C,0.13,0.13
01/04/2024,09:00,[08:45-09:00[,S,F,F,C,C,0.13,0.13
01/04/2024,09:15,[09:00-09:15[,S,F,F,C,C,0.00,0.00
01/04/2024,09:30,[09:15-09:30[,S,F,F,C,P,0.00,0.00
01/04/2024,09:45,[09:30-09:45[,S,F,F,C,P,0.00,0.00
01/04/2024,10:00,[09:45-10:00[,S,F,F,C,P,0.00,0.00
01/04/2024,10:15,[10:00-10:15[,S,F,F,C,P,0.00,0.00
01/04/2024,10:30,[10:15-10:30[,S,F,F,C,P,0.00,0.00
01/04/2024,10:45,[10:30-10:45[,S,F,F,P,P,0.00,0.00
01/04/2024,11:00,[10:45-11:00[,S,F,F,P,P,0.00,0.00
01/04/2024,11:15,[11:00-11:15[,S,F,F,P,P,0.00,0.00
01/04/2024,11:30,[11:15-11:30[,S,F,F,P,P,0.00,0.00
01/04/2024,11:45,[11:30-11:45[,S,F,F,P,P,0.00,0.00
01/04/2024,12:00,[11:45-12:00[,S,F,F,P,P,0.00,0.00
01/04/2024,12:15,[12:00-12:15[,S,F,F,P,P,0.00,0.00
01/04/2024,12:30,[12:15-12:30[,S,F,F,P,C,0.00,0.00
01/04/2024,12:45,[12:30-12:45[,S,F,F,P,C,0.00,0.00
01/04/2024,13:00,[12:45-13:00[,S,F,F,P,C,0.00,0.00
01/04/2024,13:15,[13:00-13:15[,S,F,F,C,C,0.00,-0.01
01/04/2024,13:30,[13:15-13:30[,S,F,F,C,C,0.00,-0.01
01/04/2024,13:45,[13:30-13:45[,S,F,F,C,C,0.00,-0.01
01/04/2024,14:00,[13:45-14:00[,S,F,F,C,C,0.00,-0.01
01/04/2024,14:15,[14:00-14:15[,S,F,F,C,C,0.00,-0.01
01/04/2024,14:30,[14:15-14:30[,S,F,F,C,C,0.00,-0.01
01/04/2024,14:45,[14:30-14:45[,S,F,F,C,C,0.00,-0.01
01/04/2024,15:00,[14:45-15:00[,S,F,F,C,C,0.00,-0.01
01/04/2024,15:15,[15:00-15:15[,S,F,F,C,C,0.00,-0.01
01/04/2024,15:30,[15:15-15:30[,S,F,F,C,C,0.00,-0.01
01/04/2024,15:45,[15:30-15:45[,S,F,F,C,C,0.00,-0.01
01/04/2024,16:00,[15:45-16:00[,S,F,F,C,C,0.00,-0.01
01/04/2024,16:15,[16:00-16:15[,S,F,F,C,C,0.00,0.00
01/04/2024,16:30,[16:15-16:30[,S,F,F,C,C,0.00,0.00
01/04/2024,16:45,[16:30-16:45[,S,F,F,C,C,0.00,0.00
01/04/2024,17:00,[16:45-17:00[,S,F,F,C,C,0.00,0.00
01/04/2024,17:15,[17:00-17:15[,S,F,F,C,C,0.00,0.00
01/04/2024,17:30,[17:15-17:30[,S,F,F,C,C,0.00,0.00
01/04/2024,17:45,[17:30-17:45[,S,F,F,C,C,0.00,0.00
01/04/2024,18:00,[17:45-18:00[,S,F,F,C,C,0.00,0.00
01/04/2024,18:15,[18:00-18:15[,S,F,F,C,C,0.44,0.44
01/04/2024,18:30,[18:15-18:30[,S,F,F,C,C,0.44,0.44
01/04/2024,18:45,[18:30-18:45[,S,F,F,C,C,0.44,0.44
01/04/2024,19:00,[18:45-19:00[,S,F,F,C,C,0.44,0.44
01/04/2024,19:15,[19:00-19:15[,S,F,F,C,C,11.33,11.33
01/04/2024,19:30,[19:15-19:30[,S,F,F,C,C,11.33,11.33
01/04/2024,19:45,[19:30-19:45[,S,F,F,P,C,11.33,11.33
01/04/2024,20:00,[19:45-20:00[,S,F,F,P,C,11.33,11.33
01/04/2024,20:15,[20:00-20:15[,S,F,F,P,C,21.43,21.43
01/04/2024,20:30,[20:15-20:30[,S,F,F,P,C,21.43,21.43
01/04/2024,20:45,[20:30-20:45[,S,F,F,P,C,21.43,21.43
01/04/2024,21:00,[20:45-21:00[,S,F,F,P,C,21.43,21.43
01/04/2024,21:15,[21:00-21:15[,S,F,F,C,C,17.47,17.47
01/04/2024,21:30,[21:15-21:30[,S,F,F,C,C,17.47,17.47
01/04/2024,21:45,[21:30-21:45[,S,F,F,C,C,17.47,17.47
01/04/2024,22:00,[21:45-22:00[,S,F,F,C,C,17.47,17.47
01/04/2024,22:15,[22:00-22:15[,S,V,F,V,C,12.58,12.58
01/04/2024,22:30,[22:15-22:30[,S,V,F,V,C,12.58,12.58
01/04/2024,22:45,[22:30-22:45[,S,V,F,V,C,12.58,12.58
01/04/2024,23:00,[22:45-23:00[,S,V,F,V,C,12.58,12.58
01/04/2024,23:15,[23:00-23:15[,S,V,F,V,C,3.60,3.60
01/04/2024,23:30,[23:15-23:30[,S,V,F,V,C,3.60,3.60
01/04/2024,23:45,[23:30-23:45[,S,V,F,V,C,3.60,3.60
01/04/2024,23:59,[23:45-00:00[,S,V,F,V,C,3.60,3.60
02/04/2024,00:15,[00:00-00:15[,S,V,V,V,V,3.25,3.25
02/04/2024,00:30,[00:15-00:30[,S,V,V,V,V,3.25,3.25
02/04/2024,00:45,[00:30-00:45[,S,V,V,V,V,3.25,3.25
02/04/2024,01:00,[00:45-01:00[,S,V,V,V,V,3.25,3.25
02/04/2024,01:15,[01:00-01:15[,S,V,V,V,V,3.25,3.25
02/04/2024,01:30,[01:15-01:30[,S,V,V,V,V,3.25,3.25
02/04/2024,01:45,[01:30-01:45[,S,V,V,V,V,3.25,3.25
02/04/2024,02:00,[01:45-02:00[,S,V,V,V,V,3.25,3.25
02/04/2024,02:15,[02:00-02:15[,S,V,V,V,V,1.63,1.63
02/04/2024,02:30,[02:15-02:30[,S,V,V,V,V,1.63,1.63
02/04/2024,02:45,[02:30-02:45[,S,V,V,V,V,1.63,1.63
02/04/2024,03:00,[02:45-03:00[,S,V,V,V,V,1.63,1.63
02/04/2024,03:15,[03:00-03:15[,S,V,V,V,V,2.00,2.00
02/04/2024,03:30,[03:15-03:30[,S,V,V,V,V,2.00,2.00
02/04/2024,03:45,[03:30-03:45[,S,V,V,V,V,2.00,2.00
02/04/2024,04:00,[03:45-04:00[,S,V,V,V,V,2.00,2.00
02/04/2024,04:15,[04:00-04:15[,S,V,V,V,V,3.00,3.25
02/04/2024,04:30,[04:15-04:30[,S,V,V,V,V,3.00,3.25
02/04/2024,04:45,[04:30-04:45[,S,V,V,V,V,3.00,3.25
02/04/2024,05:00,[04:45-05:00[,S,V,V,V,V,3.00,3.25
02/04/2024,05:15,[05:00-05:15[,S,V,V,V,V,2.87,20.00
02/04/2024,05:30,[05:15-05:30[,S,V,V,V,V,2.87,20.00
02/04/2024,05:45,[05:30-05:45[,S,V,V,V,V,2.87,20.00
02/04/2024,06:00,[05:45-06:00[,S,V,V,V,V,2.87,20.00
02/04/2024,06:15,[06:00-06:15[,S,V,V,V,V,3.00,35.00
02/04/2024,06:30,[06:15-06:30[,S,V,V,V,V,3.00,35.00
02/04/2024,06:45,[06:30-06:45[,S,V,V,V,V,3.00,35.00
02/04/2024,07:00,[06:45-07:00[,S,V,V,V,V,3.00,35.00
02/04/2024,07:15,[07:00-07:15[,S,V,F,V,C,8.69,35.00
02/04/2024,07:30,[07:15-07:30[,S,V,F,V,C,8.69,35.00
02/04/2024,07:45,[07:30-07:45[,S,V,F,V,C,8.69,35.00
02/04/2024,08:00,[07:45-08:00[,S,V,F,V,C,8.69,35.00
02/04/2024,08:15,[08:00-08:15[,S,F,F,C,C,10.02,10.02
02/04/2024,08:30,[08:15-08:30[,S,F,F,C,C,10.02,10.02
02/04/2024,08:45,[08:30-08:45[,S,F,F,C,C,10.02,10.02
02/04/2024,09:00,[08:45-09:00[,S,F,F,C,C,10.02,10.02
02/04/2024,09:15,[09:00-09:15[,S,F,F,C,C,1.63,1.63
02/04/2024,09:30,[09:15-09:30[,S,F,F,C,P,1.63,1.63
02/04/2024,09:45,[09:30-09:45[,S,F,F,C,P,1.63,1.63
02/04/2024,10:00,[09:45-10:00[,S,F,F,C,P,1.63,1.63
02/04/2024,10:15,[10:00-10:15[,S,F,F,C,P,0.44,0.44
02/04/2024,10:30,[10:15-10:30[,S,F,F,C,P,0.44,0.44
02/04/2024,10:45,[10:30-10:45[,S,F,F,P,P,0.44,0.44
02/04/2024,11:00,[10:45-11:00[,S,F,F,P,P,0.44,0.44
02/04/2024,11:15,[11:00-11:15[,S,F,F,P,P,0.44,0.44
02/04/2024,11:30,[11:15-11:30[,S,F,F,P,P,0.44,0.44
02/04/2024,11:45,[11:30-11:45[,S,F,F,P,P,0.44,0.44
02/04/2024,12:00,[11:45-12:00[,S,F,F,P,P,0.44,0.44
02/04/2024,12:15,[12:00-12:15[,S,F,F,P,P,0.01,0.01
02/04/2024,12:30,[12:15-12:30[,S,F,F,P,C,0.01,0.01
02/04/2024,12:45,[12:30-12:45[,S,F,F,P,C,0.01,0.01
02/04/2024,13:00,[12:45-13:00[,S,F,F,P,C,0.01,0.01
02/04/2024,13:15,[13:00-13:15[,S,F,F,C,C,0.00,0.00
02/04/2024,13:30,[13:15-13:30[,S,F,F,C,C,0.00,0.00
02/04/2024,13:45,[13:30-13:45[,S,F,F,C,C,0.00,0.00
02/04/2024,14:00,[13:45-14:00[,S,F,F,C,C,0.00,0.00
02/04/2024,14:15,[14:00-14:15[,S,F,F,C,C,0.00,0.00
02/04/2024,14:30,[14:15-14:30[,S,F,F,C,C,0.00,0.00
02/04/2024,14:45,[14:30-14:45[,S,F,F,C,C,0.00,0.00
02/04/2024,15:00,[14:45-15:00[,S,F,F,C,C,0.00,0.00
02/04/2024,15:15,[15:00-15:15[,S,F,F,C,C,0.01,0.01
02/04/2024,15:30,[15:15-15:30[,S,F,F,C,C,0.01,0.01
02/04/2024,15:45,[15:30-15:45[,S,F,F,C,C,0.01,0.01
02/04/2024,16:00,[15:45-16:00[,S,F,F,C,C,0.01,0.01
02/04/2024,16:15,[16:00-16:15[,S,F,F,C,C,0.94,0.94
02/04/2024,16:30,[16:15-16:30[,S,F,F,C,C,0.94,0.94
02/04/2024,16:45,[16:30-16:45[,S,F,F,C,C,0.94,0.94
02/04/2024,17:00,[16:45-17:00[,S,F,F,C,C,0.94,0.94
02/04/2024,17:15,[17:00-17:15[,S,F,F,C,C,2.77,2.77
02/04/2024,17:30,[17:15-17:30[,S,F,F,C,C,2.77,2.77
02/04/2024,17:45,[17:30-17:45[,S,F,F,C,C,2.77,2.77
02/04/2024,18:00,[17:45-18:00[,S,F,F,C,C,2.77,2.77
02/04/2024,18:15,[18:00-18:15[,S,F,F,C,C,8.69,8.69
02/04/2024,18:30,[18:15-18:30[,S,F,F,C,C,8.69,8.69
02/04/2024,18:45,[18:30-18:45[,S,F,F,C,C,8.69,8.69
02/04/2024,19:00,[18:45-19:00[,S,F,F,C,C,8.69,8.69
02/04/2024,19:15,[19:00-19:15[,S,F,F,C,C,32.67,34.90
02/04/2024,19:30,[19:15-19:30[,S,F,F,C,C,32.67,34.90
02/04/2024,19:45,[19:30-19:45[,S,F,F,P,C,32.67,34.90
02/04/2024,20:00,[19:45-20:00[,S,F,F,P,C,32.67,34.90
02/04/2024,20:15,[20:00-20:15[,S,F,F,P,C,33.42,35.00
02/04/2024,20:30,[20:15-20:30[,S,F,F,P,C,33.42,35.00
02/04/2024,20:45,[20:30-20:45[,S,F,F,P,C,33.42,35.00
02/04/2024,21:00,[20:45-21:00[,S,F,F,P,C,33.42,35.00
02/04/2024,21:15,[21:00-21:15[,S,F,F,C,C,29.60,29.60
02/04/2024,21:30,[21:15-21:30[,S,F,F,C,C,29.60,29.60
02/04/2024,21:45,[21:30-21:45[,S,F,F,C,C,29.60,29.60
02/04/2024,22:00,[21:45-22:00[,S,F,F,C,C,29.60,29.60
02/04/2024,22:15,[22:00-22:15[,S,V,F,V,C,5.00,5.00
02/04/2024,22:30,[22:15-22:30[,S,V,F,V,C,5.00,5.00
02/04/2024,22:45,[22:30-22:45[,S,V,F,V,C,5.00,5.00
02/04/2024,23:00,[22:45-23:00[,S,V,F,V,C,5.00,5.00
02/04/2024,23:15,[23:00-23:15[,S,V,F,V,C,3.25,3.25
02/04/2024,23:30,[23:15-23:30[,S,V,F,V,C,3.25,3.25
02/04/2024,23:45,[23:30-23:45[,S,V,F,V,C,3.25,3.25
02/04/2024,23:59,[23:45-00:00[,S,V,F,V,C,3.25,3.25
03/04/2024,00:15,[00:00-00:15[,S,V,V,V,V,1.68,1.68
03/04/2024,00:30,[00:15-00:30[,S,V,V,V,V,1.68,1.68
03/04/2024,00:45,[00:30-00:45[,S,V,V,V,V,1.68,1.68
03/04/2024,01:00,[00:45-01:00[,S,V,V,V,V,1.68,1.68
03/04/2024,01:15,[01:00-01:15[,S,V,V,V,V,1.35,1.35
03/04/2024,01:30,[01:15-01:30[,S,V,V,V,V,1.35,1.35
03/04/2024,01:45,[01:30-01:45[,S,V,V,V,V,1.35,1.35
03/04/2024,02:00,[01:45-02:00[,S,V,V,V,V,1.35,1.35
03/04/2024,02:15,[02:00-02:15[,S,V,V,V,V,1.00,1.00
03/04/2024,02:30,[02:15-02:30[,S,V,V,V,V,1.00,1.00
03/04/2024,02:45,[02:30-02:45[,S,V,V,V,V,1.00,1.00
03/04/2024,03:00,[02:45-03:00[,S,V,V,V,V,1.00,1.00
03/04/2024,03:15,[03:00-03:15[,S,V,V,V,V,0.09,0.09
03/04/2024,03:30,[03:15-03:30[,S,V,V,V,V,0.09,0.09
03/04/2024,03:45,[03:30-03:45[,S,V,V,V,V,0.09,0.09
03/04/2024,04:00,[03:45-04:00[,S,V,V,V,V,0.09,0.09
03/04/2024,04:15,[04:00-04:15[,S,V,V,V,V,1.00,1.00
03/04/2024,04:30,[04:15-04:30[,S,V,V,V,V,1.00,1.00
03/04/2024,04:45,[04:30-04:45[,S,V,V,V,V,1.00,1.00
03/04/2024,05:00,[04:45-05:00[,S,V,V,V,V,1.00,1.00
03/04/2024,05:15,[05:00-05:15[,S,V,V,V,V,3.25,3.25
03/04/2024,05:30,[05:15-05:30[,S,V,V,V,V,3.25,3.25
03/04/2024,05:45,[05:30-05:45[,S,V,V,V,V,3.25,3.25
03/04/2024,06:00,[05:45-06:00[,S,V,V,V,V,3.25,3.25
03/04/2024,06:15,[06:00-06:15[,S,V,V,V,V,28.07,28.07
03/04/2024,06:30,[06:15-06:30[,S,V,V,V,V,28.07,28.07
03/04/2024,06:45,[06:30-06:45[,S,V,V,V,V,28.07,28.07
03/04/2024,07:00,[06:45-07:00[,S,V,V,V,V,28.07,28.07
03/04/2024,07:15,[07:00-07:15[,S,V,F,V,C,32.08,34.90
03/04/2024,07:30,[07:15-07:30[,S,V,F,V,C,32.08,34.90
03/04/2024,07:45,[07:30-07:45[,S,V,F,V,C,32.08,34.90
03/04/2024,08:00,[07:45-08:00[,S,V,F,V,C,32.08,34.90
03/04/2024,08:15,[08:00-08:15[,S,F,F,C,C,5.50,5.50
03/04/2024,08:30,[08:15-08:30[,S,F,F,C,C,5.50,5.50
03/04/2024,08:45,[08:30-08:45[,S,F,F,C,C,5.50,5.50
03/04/2024,09:00,[08:45-09:00[,S,F,F,C,C,5.50,5.50
03/04/2024,09:15,[09:00-09:15[,S,F,F,C,C,2.00,2.00
03/04/2024,09:30,[09:15-09:30[,S,F,F,C,P,2.00,2.00
03/04/2024,09:45,[09:30-09:45[,S,F,F,C,P,2.00,2.00
03/04/2024,10:00,[09:45-10:00[,S,F,F,C,P,2.00,2.00
03/04/2024,10:15,[10:00-10:15[,S,F,F,C,P,0.44,0.44
03/04/2024,10:30,[10:15-10:30[,S,F,F,C,P,0.44,0.44
03/04/2024,10:45,[10:30-10:45[,S,F,F,P,P,0.44,0.44
03/04/2024,11:00,[10:45-11:00[,S,F,F,P,P,0.44,0.44
03/04/2024,11:15,[11:00-11:15[,S,F,F,P,P,0.00,0.00
03/04/2024,11:30,[11:15-11:30[,S,F,F,P,P,0.00,0.00
03/04/2024,11:45,[11:30-11:45[,S,F,F,P,P,0.00,0.00
03/04/2024,12:00,[11:45-12:00[,S,F,F,P,P,0.00,0.00
03/04/2024,12:15,[12:00-12:15[,S,F,F,P,P,0.00,0.00
03/04/2024,12:30,[12:15-12:30[,S,F,F,P,C,0.00,0.00
03/04/2024,12:45,[12:30-12:45[,S,F,F,P,C,0.00,0.00
03/04/2024,13:00,[12:45-13:00[,S,F,F,P,C,0.00,0.00
03/04/2024,13:15,[13:00-13:15[,S,F,F,C,C,0.00,0.00
03/04/2024,13:30,[13:15-13:30[,S,F,F,C,C,0.00,0.00
03/04/2024,13:45,[13:30-13:45[,S,F,F,C,C,0.00,0.00
03/04/2024,14:00,[13:45-14:00[,S,F,F,C,C,0.00,0.00
03/04/2024,14:15,[14:00-14:15[,S,F,F,C,C,0.00,0.00
03/04/2024,14:30,[14:15-14:30[,S,F,F,C,C,0.00,0.00
03/04/2024,14:45,[14:30-14:45[,S,F,F,C,C,0.00,0.00
03/04/2024,15:00,[14:45-15:00[,S,F,F,C,C,0.00,0.00
03/04/2024,15:15,[15:00-15:15[,S,F,F,C,C,0.00,0.00
03/04/2024,15:30,[15:15-15:30[,S,F,F,C,C,0.00,0.00
03/04/2024,15:45,[15:30-15:45[,S,F,F,C,C,0.00,0.00
03/04/2024,16:00,[15:45-16:00[,S,F,F,C,C,0.00,0.00
03/04/2024,16:15,[16:00-16:15[,S,F,F,C,C,0.00,0.00
03/04/2024,16:30,[16:15-16:30[,S,F,F,C,C,0.00,0.00
03/04/2024,16:45,[16:30-16:45[,S,F,F,C,C,0.00,0.00
03/04/2024,17:00,[16:45-17:00[,S,F,F,C,C,0.00,0.00
03/04/2024,17:15,[17:00-17:15[,S,F,F,C,C,0.40,0.40
03/04/2024,17:30,[17:15-17:30[,S,F,F,C,C,0.40,0.40
03/04/2024,17:45,[17:30-17:45[,S,F,F,C,C,0.40,0.40
03/04/2024,18:00,[17:45-18:00[,S,F,F,C,C,0.40,0.40
03/04/2024,18:15,[18:00-18:15[,S,F,F,C,C,6.76,6.76
03/04/2024,18:30,[18:15-18:30[,S,F,F,C,C,6.76,6.76
03/04/2024,18:45,[18:30-18:45[,S,F,F,C,C,6.76,6.76
03/04/2024,19:00,[18:45-19:00[,S,F,F,C,C,6.76,6.76
03/04/2024,19:15,[19:00-19:15[,S,F,F,C,C,35.00,35.00
03/04/2024,19:30,[19:15-19:30[,S,F,F,C,C,35.00,35.00
03/04/2024,19:45,[19:30-19:45[,S,F,F,P,C,35.00,35.00
03/04/2024,20:00,[19:45-20:00[,S,F,F,P,C,35.00,35.00
03/04/2024,20:15,[20:00-20:15[,S,F,F,P,C,35.00,35.00
03/04/2024,20:30,[20:15-20:30[,S,F,F,P,C,35.00,35.00
03/04/2024,20:45,[20:30-20:45[,S,F,F,P,C,35.00,35.00
03/04/2024,21:00,[20:45-21:00[,S,F,F,P,C,35.00,35.00
03/04/2024,21:15,[21:00-21:15[,S,F,F,C,C,31.62,31.62
03/04/2024,21:30,[21:15-21:30[,S,F,F,C,C,31.62,31.62
03/04/2024,21:45,[21:30-21:45[,S,F,F,C,C,31.62,31.62
03/04/2024,22:00,[21:45-22:00[,S,F,F,C,C,31.62,31.62
03/04/2024,22:15,[22:00-22:15[,S,V,F,V,C,25.43,25.43
03/04/2024,22:30,[22:15-22:30[,S,V,F,V,C,25.43,25.43
03/04/2024,22:45,[22:30-22:45[,S,V,F,V,C,25.43,25.43
03/04/2024,23:00,[22:45-23:00[,S,V,F,V,C,25.43,25.43
03/04/2024,23:15,[23:00-23:15[,S,V,F,V,C,2.60,2.60
03/04/2024,23:30,[23:15-23:30[,S,V,F,V,C,2.60,2.60
03/04/2024,23:45,[23:30-23:45[,S,V,F,V,C,2.60,2.60
03/04/2024,23:59,[23:45-00:00[,S,V,F,V,C,2.60,2.60
04/04/2024,00:15,[00:00-00:15[,S,V,V,V,V,0.44,0.44
04/04/2024,00:30,[00:15-00:30[,S,V,V,V,V,0.44,0.44
04/04/2024,00:45,[00:30-00:45[,S,V,V,V,V,0.44,0.44
04/04/2024,01:00,[00:45-01:00[,S,V,V,V,V,0.44,0.44
04/04/2024,01:15,[01:00-01:15[,S,V,V,V,V,3.25,3.25
04/04/2024,01:30,[01:15-01:30[,S,V,V,V,V,3.25,3.25
04/04/2024,01:45,[01:30-01:45[,S,V,V,V,V,3.25,3.25
04/04/2024,02:00,[01:45-02:00[,S,V,V,V,V,3.25,3.25
04/04/2024,02:15,[02:00-02:15[,S,V,V,V,V,4.99,4.99
04/04/2024,02:30,[02:15-02:30[,S,V,V,V,V,4.99,4.99
04/04/2024,02:45,[02:30-02:45[,S,V,V,V,V,4.99,4.99
04/04/2024,03:00,[02:45-03:00[,S,V,V,V,V,4.99,4.99
04/04/2024,03:15,[03:00-03:15[,S,V,V,V,V,3.25,3.25
04/04/2024,03:30,[03:15-03:30[,S,V,V,V,V,3.25,3.25
04/04/2024,03:45,[03:30-03:45[,S,V,V,V,V,3.25,3.25
04/04/2024,04:00,[03:45-04:00[,S,V,V,V,V,3.25,3.25
04/04/2024,04:15,[04:00-04:15[,S,V,V,V,V,3.25,3.25
04/04/2024,04:30,[04:15-04:30[,S,V,V,V,V,3.25,3.25
04/04/2024,04:45,[04:30-04:45[,S,V,V,V,V,3.25,3.25
04/04/2024,05:00,[04:45-05:00[,S,V,V,V,V,3.25,3.25
04/04/2024,05:15,[05:00-05:15[,S,V,V,V,V,3.25,3.25
04/04/2024,05:30,[05:15-05:30[,S,V,V,V,V,3.25,3.25
04/04/2024,05:45,[05:30-05:45[,S,V,V,V,V,3.25,3.25
04/04/2024,06:00,[05:45-06:00[,S,V,V,V,V,3.25,3.25
04/04/2024,06:15,[06:00-06:15[,S,V,V,V,V,10.18,11.19
04/04/2024,06:30,[06:15-06:30[,S,V,V,V,V,10.18,11.19
04/04/2024,06:45,[06:30-06:45[,S,V,V,V,V,10.18,11.19
04/04/2024,07:00,[06:45-07:00[,S,V,V,V,V,10.18,11.19
04/04/2024,07:15,[07:00-07:15[,S,V,F,V,C,13.47,13.47
04/04/2024,07:30,[07:15-07:30[,S,V,F,V,C,13.47,13.47
04/04/2024,07:45,[07:30-07:45[,S,V,F,V,C,13.47,13.47
04/04/2024,08:00,[07:45-08:00[,S,V,F,V,C,13.47,13.47
04/04/2024,08:15,[08:00-08:15[,S,F,F,C,C,3.74,3.74
04/04/2024,08:30,[08:15-08:30[,S,F,F,C,C,3.74,3.74
04/04/2024,08:45,[08:30-08:45[,S,F,F,C,C,3.74,3.74
04/04/2024,09:00,[08:45-09:00[,S,F,F,C,C,3.74,3.74
04/04/2024,09:15,[09:00-09:15[,S,F,F,C,C,0.44,0.44
04/04/2024,09:30,[09:15-09:30[,S,F,F,C,P,0.44,0.44
04/04/2024,09:45,[09:30-09:45[,S,F,F,C,P,0.44,0.44
04/04/2024,10:00,[09:45-10:00[,S,F,F,C,P,0.44,0.44
04/04/2024,10:15,[10:00-10:15[,S,F,F,C,P,0.00,0.00
04/04/2024,10:30,[10:15-10:30[,S,F,F,C,P,0.00,0.00
04/04/2024,10:45,[10:30-10:45[,S,F,F,P,P,0.00,0.00
04/04/2024,11:00,[10:45-11:00[,S,F,F,P,P,0.00,0.00
04/04/2024,11:15,[11:00-11:15[,S,F,F,P,P,0.00,0.00
04/04/2024,11:30,[11:15-11:30[,S,F,F,P,P,0.00,0.00
04/04/2024,11:45,[11:30-11:45[,S,F,F,P,P,0.00,0.00
04/04/2024,12:00,[11:45-12:00[,S,F,F,P,P,0.00,0.00
04/04/2024,12:15,[12:00-12:15[,S,F,F,P,P,0.00,0.00
04/04/2024,12:30,[12:15-12:30[,S,F,F,P,C,0.00,0.00
04/04/2024,12:45,[12:30-12:45[,S,F,F,P,C,0.00,0.00
04/04/2024,13:00,[12:45-13:00[,S,F,F,P,C,0.00,0.00
04/04/2024,13:15,[13:00-13:15[,S,F,F,C,C,0.00,0.00
04/04/2024,13:30,[13:15-13:30[,S,F,F,C,C,0.00,0.00
04/04/2024,13:45,[13:30-13:45[,S,F,F,C,C,0.00,0.00
04/04/2024,14:00,[13:45-14:00[,S,F,F,C,C,0.00,0.00
04/04/2024,14:15,[14:00-14:15[,S,F,F,C,C,0.00,0.00
04/04/2024,14:30,[14:15-14:30[,S,F,F,C,C,0.00,0.00
04/04/2024,14:45,[14:30-14:45[,S,F,F,C,C,0.00,0.00
04/04/2024,15:00,[14:45-15:00[,S,F,F,C,C,0.00,0.00
04/04/2024,15:15,[15:00-15:15[,S,F,F,C,C,0.00,0.00
04/04/2024,15:30,[15:15-15:30[,S,F,F,C,C,0.00,0.00
04/04/2024,15:45,[15:30-15:45[,S,F,F,C,C,0.00,0.00
04/04/2024,16:00,[15:45-16:00[,S,F,F,C,C,0.00,0.00
04/04/2024,16:15,[16:00-16:15[,S,F,F,C,C,0.00,0.00
04/04/2024,16:30,[16:15-16:30[,S,F,F,C,C,0.00,0.00
04/04/2024,16:45,[16:30-16:45[,S,F,F,C,C,0.00,0.00
04/04/2024,17:00,[16:45-17:00[,S,F,F,C,C,0.00,0.00
04/04/2024,17:15,[17:00-17:15[,S,F,F,C,C,0.00,0.00
04/04/2024,17:30,[17:15-17:30[,S,F,F,C,C,0.00,0.00
04/04/2024,17:45,[17:30-17:45[,S,F,F,C,C,0.00,0.00
04/04/2024,18:00,[17:45-18:00[,S,F,F,C,C,0.00,0.00
04/04/2024,18:15,[18:00-18:15[,S,F,F,C,C,3.25,3.25
04/04/2024,18:30,[18:15-18:30[,S,F,F,C,C,3.25,3.25
04/04/2024,18:45,[18:30-18:45[,S,F,F,C,C,3.25,3.25
04/04/2024,19:00,[18:45-19:00[,S,F,F,C,C,3.25,3.25
04/04/2024,19:15,[19:00-19:15[,S,F,F,C,C,10.00,10.00
04/04/2024,19:30,[19:15-19:30[,S,F,F,C,C,10.00,10.00
04/04/2024,19:45,[19:30-19:45[,S,F,F,P,C,10.00,10.00
04/04/2024,20:00,[19:45-20:00[,S,F,F,P,C,10.00,10.00
04/04/2024,20:15,[20:00-20:15[,S,F,F,P,C,25.00,25.00
04/04/2024,20:30,[20:15-20:30[,S,F,F,P,C,25.00,25.00
04/04/2024,20:45,[20:30-20:45[,S,F,F,P,C,25.00,25.00
04/04/2024,21:00,[20:45-21:00[,S,F,F,P,C,25.00,25.00
04/04/2024,21:15,[21:00-21:15[,S,F,F,C,C,4.60,4.60
04/04/2024,21:30,[21:15-21:30[,S,F,F,C,C,4.60,4.60
04/04/2024,21:45,[21:30-21:45[,S,F,F,C,C,4.60,4.60
04/04/2024,22:00,[21:45-22:00[,S,F,F,C,C,4.60,4.60
04/04/2024,22:15,[22:00-22:15[,S,V,F,V,C,3.25,3.25
04/04/2024,22:30,[22:15-22:30[,S,V,F,V,C,3.25,3.25
04/04/2024,22:45,[22:30-22:45[,S,V,F,V,C,3.25,3.25
04/04/2024,23:00,[22:45-23:00[,S,V,F,V,C,3.25,3.25
04/04/2024,23:15,[23:00-23:15[,S,V,F,V,C,0.44,0.44
04/04/2024,23:30,[23:15-23:30[,S,V,F,V,C,0.44,0.44
04/04/2024,23:45,[23:30-23:45[,S,V,F,V,C,0.44,0.44
04/04/2024,23:59,[23:45-00:00[,S,V,F,V,C,0.44,0.44
05/04/2024,00:15,[00:00-00:15[,S,V,V,V,V,0.48,0.48
05/04/2024,00:30,[00:15-00:30[,S,V,V,V,V,0.48,0.48
05/04/2024,00:45,[00:30-00:45[,S,V,V,V,V,0.48,0.48
05/04/2024,01:00,[00:45-01:00[,S,V,V,V,V,0.48,0.48
05/04/2024,01:15,[01:00-01:15[,S,V,V,V,V,0.01,0.01
05/04/2024,01:30,[01:15-01:30[,S,V,V,V,V,0.01,0.01
05/04/2024,01:45,[01:30-01:45[,S,V,V,V,V,0.01,0.01
05/04/2024,02:00,[01:45-02:00[,S,V,V,V,V,0.01,0.01
05/04/2024,02:15,[02:00-02:15[,S,V,V,V,V,0.00,0.00
05/04/2024,02:30,[02:15-02:30[,S,V,V,V,V,0.00,0.00
05/04/2024,02:45,[02:30-02:45[,S,V,V,V,V,0.00,0.00
05/04/2024,03:00,[02:45-03:00[,S,V,V,V,V,0.00,0.00
05/04/2024,03:15,[03:00-03:15[,S,V,V,V,V,0.00,0.00
05/04/2024,03:30,[03:15-03:30[,S,V,V,V,V,0.00,0.00
05/04/2024,03:45,[03:30-03:45[,S,V,V,V,V,0.00,0.00
05/04/2024,04:00,[03:45-04:00[,S,V,V,V,V,0.00,0.00
05/04/2024,04:15,[04:00-04:15[,S,V,V,V,V,0.00,0.00
05/04/2024,04:30,[04:15-04:30[,S,V,V,V,V,0.00,0.00
05/04/2024,04:45,[04:30-04:45[,S,V,V,V,V,0.00,0.00
05/04/2024,05:00,[04:45-05:00[,S,V,V,V,V,0.00,0.00
05/04/2024,05:15,[05:00-05:15[,S,V,V,V,V,0.00,0.40
05/04/2024,05:30,[05:15-05:30[,S,V,V,V,V,0.00,0.40
05/04/2024,05:45,[05:30-05:45[,S,V,V,V,V,0.00,0.40
05/04/2024,06:00,[05:45-06:00[,S,V,V,V,V,0.00,0.40
05/04/2024,06:15,[06:00-06:15[,S,V,V,V,V,0.00,3.25
05/04/2024,06:30,[06:15-06:30[,S,V,V,V,V,0.00,3.25
05/04/2024,06:45,[06:30-06:45[,S,V,V,V,V,0.00,3.25
05/04/2024,07:00,[06:45-07:00[,S,V,V,V,V,0.00,3.25
05/04/2024,07:15,[07:00-07:15[,S,V,F,V,C,0.04,2.97
05/04/2024,07:30,[07:15-07:30[,S,V,F,V,C,0.04,2.97
05/04/2024,07:45,[07:30-07:45[,S,V,F,V,C,0.04,2.97
05/04/2024,08:00,[07:45-08:00[,S,V,F,V,C,0.04,2.97
05/04/2024,08:15,[08:00-08:15[,S,F,F,C,C,0.00,0.00
05/04/2024,08:30,[08:15-08:30[,S,F,F,C,C,0.00,0.00
05/04/2024,08:45,[08:30-08:45[,S,F,F,C,C,0.00,0.00
05/04/2024,09:00,[08:45-09:00[,S,F,F,C,C,0.00,0.00
05/04/2024,09:15,[09:00-09:15[,S,F,F,C,C,0.00,0.00
05/04/2024,09:30,[09:15-09:30[,S,F,F,C,P,0.00,0.00
05/04/2024,09:45,[09:30-09:45[,S,F,F,C,P,0.00,0.00
05/04/2024,10:00,[09:45-10:00[,S,F,F,C,P,0.00,0.00
05/04/2024,10:15,[10:00-10:15[,S,F,F,C,P,0.00,0.00
05/04/2024,10:30,[10:15-10:30[,S,F,F,C,P,0.00,0.00
05/04/2024,10:45,[10:30-10:45[,S,F,F,P,P,0.00,0.00
05/04/2024,11:00,[10:45-11:00[,S,F,F,P,P,0.00,0.00
05/04/2024,11:15,[11:00-11:15[,S,F,F,P,P,0.00,0.00
05/04/2024,11:30,[11:15-11:30[,S,F,F,P,P,0.00,0.00
05/04/2024,11:45,[11:30-11:45[,S,F,F,P,P,0.00,0.00
05/04/2024,12:00,[11:45-12:00[,S,F,F,P,P,0.00,0.00
05/04/2024,12:15,[12:00-12:15[,S,F,F,P,P,0.00,0.00
05/04/2024,12:30,[12:15-12:30[,S,F,F,P,C,0.00,0.00
05/04/2024,12:45,[12:30-12:45[,S,F,F,P,C,0.00,0.00
05/04/2024,13:00,[12:45-13:00[,S,F,F,P,C,0.00,0.00
05/04/2024,13:15,[13:00-13:15[,S,F,F,C,C,-0.01,-0.01
05/04/2024,13:30,[13:15-13:30[,S,F,F,C,C,-0.01,-0.01
05/04/2024,13:45,[13:30-13:45[,S,F,F,C,C,-0.01,-0.01
05/04/2024,14:00,[13:45-14:00[,S,F,F,C,C,-0.01,-0.01
05/04/2024,14:15,[14:00-14:15[,S,F,F,C,C,-0.01,-0.01
05/04/2024,14:30,[14:15-14:30[,S,F,F,C,C,-0.01,-0.01
05/04/2024,14:45,[14:30-14:45[,S,F,F,C,C,-0.01,-0.01
05/04/2024,15:00,[14:45-15:00[,S,F,F,C,C,-0.01,-0.01
05/04/2024,15:15,[15:00-15:15[,S,F,F,C,C,0.00,0.00
05/04/2024,15:30,[15:15-15:30[,S,F,F,C,C,0.00,0.00
05/04/2024,15:45,[15:30-15:45[,S,F,F,C,C,0.00,0.00
05/04/2024,16:00,[15:45-16:00[,S,F,F,C,C,0.00,0.00
05/04/2024,16:15,[16:00-16:15[,S,F,F,C,C,0.00,0.00
05/04/2024,16:30,[16:15-16:30[,S,F,F,C,C,0.00,0.00
05/04/2024,16:45,[16:30-16:45[,S,F,F,C,C,0.00,0.00
05/04/2024,17:00,[16:45-17:00[,S,F,F,C,C,0.00,0.00
05/04/2024,17:15,[17:00-17:15[,S,F,F,C,C,0.00,0.00
05/04/2024,17:30,[17:15-17:30[,S,F,F,C,C,0.00,0.00
05/04/2024,17:45,[17:30-17:45[,S,F,F,C,C,0.00,0.00
05/04/2024,18:00,[17:45-18:00[,S,F,F,C,C,0.00,0.00
05/04/2024,18:15,[18:00-18:15[,S,F,F,C,C,0.00,0.00
05/04/2024,18:30,[18:15-18:30[,S,F,F,C,C,0.00,0.00
05/04/2024,18:45,[18:30-18:45[,S,F,F,C,C,0.00,0.00
05/04/2024,19:00,[18:45-19:00[,S,F,F,C,C,0.00,0.00
05/04/2024,19:15,[19:00-19:15[,S,F,F,C,C,0.02,0.02
05/04/2024,19:30,[19:15-19:30[,S,F,F,C,C,0.02,0.02
05/04/2024,19:45,[19:30-19:45[,S,F,F,P,C,0.02,0.02
05/04/2024,20:00,[19:45-20:00[,S,F,F,P,C,0.02,0.02
05/04/2024,20:15,[20:00-20:15[,S,F,F,P,C,0.55,2.00
05/04/2024,20:30,[20:15-20:30[,S,F,F,P,C,0.55,2.00
05/04/2024,20:45,[20:30-20:45[,S,F,F,P,C,0.55,2.00
05/04/2024,21:00,[20:45-21:00[,S,F,F,P,C,0.55,2.00
05/04/2024,21:15,[21:00-21:15[,S,F,F,C,C,1.00,1.00
05/04/2024,21:30,[21:15-21:30[,S,F,F,C,C,1.00,1.00
05/04/2024,21:45,[21:30-21:45[,S,F,F,C,C,1.00,1.00
05/04/2024,22:00,[21:45-22:00[,S,F,F,C,C,1.00,1.00
05/04/2024,22:15,[22:00-22:15[,S,V,F,V,C,0.00,0.00
05/04/2024,22:30,[22:15-22:30[,S,V,F,V,C,0.00,0.00
05/04/2024,22:45,[22:30-22:45[,S,V,F,V,C,0.00,0.00
05/04/2024,23:00,[22:45-23:00[,S,V,F,V,C,0.00,0.00
05/04/2024,23:15,[23:00-23:15[,S,V,F,V,C,0.00,0.00
05/04/2024,23:30,[23:15-23:30[,S,V,F,V,C,0.00,0.00
05/04/2024,23:45,[23:30-23:45[,S,V,F,V,C,0.00,0.00
05/04/2024,23:59,[23:45-00:00[,S,V,F,V,C,0.00,0.00
06/04/2024,00:15,[00:00-00:15[,S,V,V,V,V,0.00,0.00
06/04/2024,00:30,[00:15-00:30[,S,V,V,V,V,0.00,0.00
06/04/2024,00:45,[00:30-00:45[,S,V,V,V,V,0.00,0.00
06/04/2024,01:00,[00:45-01:00[,S,V,V,V,V,0.00,0.00
06/04/2024,01:15,[01:00-01:15[,S,V,V,V,V,0.00,0.00
06/04/2024,01:30,[01:15-01:30[,S,V,V,V,V,0.00,0.00
06/04/2024,01:45,[01:30-01:45[,S,V,V,V,V,0.00,0.00
06/04/2024,02:00,[01:45-02:00[,S,V,V,V,V,0.00,0.00
06/04/2024,02:15,[02:00-02:15[,S,V,V,V,V,0.00,0.00
06/04/2024,02:30,[02:15-02:30[,S,V,V,V,V,0.00,0.00
06/04/2024,02:45,[02:30-02:45[,S,V,V,V,V,0.00,0.00
06/04/2024,03:00,[02:45-03:00[,S,V,V,V,V,0.00,0.00
06/04/2024,03:15,[03:00-03:15[,S,V,V,V,V,0.00,0.00
06/04/2024,03:30,[03:15-03:30[,S,V,V,V,V,0.00,0.00
06/04/2024,03:45,[03:30-03:45[,S,V,V,V,V,0.00,0.00
06/04/2024,04:00,[03:45-04:00[,S,V,V,V,V,0.00,0.00
06/04/2024,04:15,[04:00-04:15[,S,V,V,V,V,0.00,0.00
06/04/2024,04:30,[04:15-04:30[,S,V,V,V,V,0.00,0.00
06/04/2024,04:45,[04:30-04:45[,S,V,V,V,V,0.00,0.00
06/04/2024,05:00,[04:45-05:00[,S,V,V,V,V,0.00,0.00
06/04/2024,05:15,[05:00-05:15[,S,V,V,V,V,0.00,0.00
06/04/2024,05:30,[05:15-05:30[,S,V,V,V,V,0.00,0.00
06/04/2024,05:45,[05:30-05:45[,S,V,V,V,V,0.00,0.00
06/04/2024,06:00,[05:45-06:00[,S,V,V,V,V,0.00,0.00
06/04/2024,06:15,[06:00-06:15[,S,V,V,V,V,0.00,0.00
06/04/2024,06:30,[06:15-06:30[,S,V,V,V,V,0.00,0.00
06/04/2024,06:45,[06:30-06:45[,S,V,V,V,V,0.00,0.00
06/04/2024,07:00,[06:45-07:00[,S,V,V,V,V,0.00,0.00
06/04/2024,07:15,[07:00-07:15[,S,V,V,V,V,0.00,0.00
06/04/2024,07:30,[07:15-07:30[,S,V,V,V,V,0.00,0.00
06/04/2024,07:45,[07:30-07:45[,S,V,V,V,V,0.00,0.00
06/04/2024,08:00,[07:45-08:00[,S,V,V,V,V,0.00,0.00
06/04/2024,08:15,[08:00-08:15[,S,F,V,C,V,0.00,0.00
06/04/2024,08:30,[08:15-08:30[,S,F,V,C,V,0.00,0.00
06/04/2024,08:45,[08:30-08:45[,S,F,V,C,V,0.00,0.00
06/04/2024,09:00,[08:45-09:00[,S,F,V,C,V,0.00,0.00
06/04/2024,09:15,[09:00-09:15[,S,F,F,C,C,-0.01,-0.01
06/04/2024,09:30,[09:15-09:30[,S,F,F,C,C,-0.01,-0.01
06/04/2024,09:45,[09:30-09:45[,S,F,F,C,C,-0.01,-0.01
06/04/2024,10:00,[09:45-10:00[,S,F,F,C,C,-0.01,-0.01
06/04/2024,10:15,[10:00-10:15[,S,F,F,C,C,-0.01,-0.01
06/04/2024,10:30,[10:15-10:30[,S,F,F,C,C,-0.01,-0.01
06/04/2024,10:45,[10:30-10:45[,S,F,F,P,C,-0.01,-0.01
06/04/2024,11:00,[10:45-11:00[,S,F,F,P,C,-0.01,-0.01
06/04/2024,11:15,[11:00-11:15[,S,F,F,P,C,-0.01,-0.01
06/04/2024,11:30,[11:15-11:30[,S,F,F,P,C,-0.01,-0.01
06/04/2024,11:45,[11:30-11:45[,S,F,F,P,C,-0.01,-0.01
06/04/2024,12:00,[11:45-12:00[,S,F,F,P,C,-0.01,-0.01
06/04/2024,12:15,[12:00-12:15[,S,F,F,P,C,-0.01,-0.01
06/04/2024,12:30,[12:15-12:30[,S,F,F,P,C,-0.01,-0.01
06/04/2024,12:45,[12:30-12:45[,S,F,F,P,C,-0.01,-0.01
06/04/2024,13:00,[12:45-13:00[,S,F,F,P,C,-0.01,-0.01
06/04/2024,13:15,[13:00-13:15[,S,F,F,C,C,-0.01,-0.01
06/04/2024,13:30,[13:15-13:30[,S,F,F,C,C,-0.01,-0.01
06/04/2024,13:45,[13:30-13:45[,S,F,F,C,C,-0.01,-0.01
06/04/2024,14:00,[13:45-14:00[,S,F,F,C,C,-0.01,-0.01
06/04/2024,14:15,[14:00-14:15[,S,F,V,C,V,-0.01,-0.02
06/04/2024,14:30,[14:15-14:30[,S,F,V,C,V,-0.01,-0.02
06/04/2024,14:45,[14:30-14:45[,S,F,V,C,V,-0.01,-0.02
06/04/2024,15:00,[14:45-15:00[,S,F,V,C,V,-0.01,-0.02
06/04/2024,15:15,[15:00-15:15[,S,F,V,C,V,-0.01,-0.01
06/04/2024,15:30,[15:15-15:30[,S,F,V,C,V,-0.01,-0.01
06/04/2024,15:45,[15:30-15:45[,S,F,V,C,V,-0.01,-0.01
06/04/2024,16:00,[15:45-16:00[,S,F,V,C,V,-0.01,-0.01
06/04/2024,16:15,[16:00-16:15[,S,F,V,C,V,-0.01,-0.01
06/04/2024,16:30,[16:15-16:30[,S,F,V,C,V,-0.01,-0.01
06/04/2024,16:45,[16:30-16:45[,S,F,V,C,V,-0.01,-0.01
06/04/2024,17:00,[16:45-17:00[,S,F,V,C,V,-0.01,-0.01
06/04/2024,17:15,[17:00-17:15[,S,F,V,C,V,0.00,0.00
06/04/2024,17:30,[17:15-17:30[,S,F,V,C,V,0.00,0.00
06/04/2024,17:45,[17:30-17:45[,S,F,V,C,V,0.00,0.00
06/04/2024,18:00,[17:45-18:00[,S,F,V,C,V,0.00,0.00
06/04/2024,18:15,[18:00-18:15[,S,F,V,C,V,0.01,0.01
06/04/2024,18:30,[18:15-18:30[,S,F,V,C,V,0.01,0.01
06/04/2024,18:45,[18:30-18:45[,S,F,V,C,V,0.01,0.01
06/04/2024,19:00,[18:45-19:00[,S,F,V,C,V,0.01,0.01
06/04/2024,19:15,[19:00-19:15[,S,F,V,C,V,3.25,3.25
06/04/2024,19:30,[19:15-19:30[,S,F,V,C,V,3.25,3.25
06/04/2024,19:45,[19:30-19:45[,S,F,V,P,V,3.25,3.25
06/04/2024,20:00,[19:45-20:00[,S,F,V,P,V,3.25,3.25
06/04/2024,20:15,[20:00-20:15[,S,F,F,P,C,8.00,8.00
06/04/2024,20:30,[20:15-20:30[,S,F,F,P,C,8.00,8.00
06/04/2024,20:45,[20:30-20:45[,S,F,F,P,C,8.00,8.00
06/04/2024,21:00,[20:45-21:00[,S,F,F,P,C,8.00,8.00
06/04/2024,21:15,[21:00-21:15[,S,F,F,C,C,3.44,3.44
06/04/2024,21:30,[21:15-21:30[,S,F,F,C,C,3.44,3.44
06/04/2024,21:45,[21:30-21:45[,S,F,F,C,C,3.44,3.44
06/04/2024,22:00,[21:45-22:00[,S,F,F,C,C,3.44,3.44
06/04/2024,22:15,[22:00-22:15[,S,V,V,V,V,3.25,3.25
06/04/2024,22:30,[22:15-22:30[,S,V,V,V,V,3.25,3.25
06/04/2024,22:45,[22:30-22:45[,S,V,V,V,V,3.25,3.25
06/04/2024,23:00,[22:45-23:00[,S,V,V,V,V,3.25,3.25
06/04/2024,23:15,[23:00-23:15[,S,V,V,V,V,0.97,0.97
06/04/2024,23:30,[23:15-23:30[,S,V,V,V,V,0.97,0.97
06/04/2024,23:45,[23:30-23:45[,S,V,V,V,V,0.97,0.97
06/04/2024,23:59,[23:45-00:00[,S,V,V,V,V,0.97,0.97
07/04/2024,00:15,[00:00-00:15[,S,V,V,V,V,0.15,0.15
07/04/2024,00:30,[00:15-00:30[,S,V,V,V,V,0.15,0.15
07/04/2024,00:45,[00:30-00:45[,S,V,V,V,V,0.15,0.15
07/04/2024,01:00,[00:45-01:00[,S,V,V,V,V,0.15,0.15
07/04/2024,01:15,[01:00-01:15[,S,V,V,V,V,0.00,0.00
07/04/2024,01:30,[01:15-01:30[,S,V,V,V,V,0.00,0.00
07/04/2024,01:45,[01:30-01:45[,S,V,V,V,V,0.00,0.00
07/04/2024,02:00,[01:45-02:00[,S,V,V,V,V,0.00,0.00
07/04/2024,02:15,[02:00-02:15[,S,V,V,V,V,0.00,0.00
07/04/2024,02:30,[02:15-02:30[,S,V,V,V,V,0.00,0.00
07/04/2024,02:45,[02:30-02:45[,S,V,V,V,V,0.00,0.00
07/04/2024,03:00,[02:45-03:00[,S,V,V,V,V,0.00,0.00
07/04/2024,03:15,[03:00-03:15[,S,V,V,V,V,0.00,0.00
07/04/2024,03:30,[03:15-03:30[,S,V,V,V,V,0.00,0.00
07/04/2024,03:45,[03:30-03:45[,S,V,V,V,V,0.00,0.00
07/04/2024,04:00,[03:45-04:00[,S,V,V,V,V,0.00,0.00
07/04/2024,04:15,[04:00-04:15[,S,V,V,V,V,0.00,0.00
07/04/2024,04:30,[04:15-04:30[,S,V,V,V,V,0.00,0.00
07/04/2024,04:45,[04:30-04:45[,S,V,V,V,V,0.00,0.00
07/04/2024,05:00,[04:45-05:00[,S,V,V,V,V,0.00,0.00
07/04/2024,05:15,[05:00-05:15[,S,V,V,V,V,0.00,0.00
07/04/2024,05:30,[05:15-05:30[,S,V,V,V,V,0.00,0.00
07/04/2024,05:45,[05:30-05:45[,S,V,V,V,V,0.00,0.00
07/04/2024,06:00,[05:45-06:00[,S,V,V,V,V,0.00,0.00
07/04/2024,06:15,[06:00-06:15[,S,V,V,V,V,0.00,0.00
07/04/2024,06:30,[06:15-06:30[,S,V,V,V,V,0.00,0.00
07/04/2024,06:45,[06:30-06:45[,S,V,V,V,V,0.00,0.00
07/04/2024,07:00,[06:45-07:00[,S,V,V,V,V,0.00,0.00
07/04/2024,07:15,[07:00-07:15[,S,V,V,V,V,0.00,0.00
07/04/2024,07:30,[07:15-07:30[,S,V,V,V,V,0.00,0.00
07/04/2024,07:45,[07:30-07:45[,S,V,V,V,V,0.00,0.00
07/04/2024,08:00,[07:45-08:00[,S,V,V,V,V,0.00,0.00
07/04/2024,08:15,[08:00-08:15[,S,F,V,C,V,0.00,0.00
07/04/2024,08:30,[08:15-08:30[,S,F,V,C,V,0.00,0.00
07/04/2024,08:45,[08:30-08:45[,S,F,V,C,V,0.00,0.00
07/04/2024,09:00,[08:45-09:00[,S,F,V,C,V,0.00,0.00
07/04/2024,09:15,[09:00-09:15[,S,F,V,C,V,0.00,0.00
07/04/2024,09:30,[09:15-09:30[,S,F,V,C,V,0.00,0.00
07/04/2024,09:45,[09:30-09:45[,S,F,V,C,V,0.00,0.00
07/04/2024,10:00,[09:45-10:00[,S,F,V,C,V,0.00,0.00
07/04/2024,10:15,[10:00-10:15[,S,F,V,C,V,0.00,0.00
07/04/2024,10:30,[10:15-10:30[,S,F,V,C,V,0.00,0.00
07/04/2024,10:45,[10:30-10:45[,S,F,V,P,V,0.00,0.00
07/04/2024,11:00,[10:45-11:00[,S,F,V,P,V,0.00,0.00
07/04/2024,11:15,[11:00-11:15[,S,F,V,P,V,0.00,0.00
07/04/2024,11:30,[11:15-11:30[,S,F,V,P,V,0.00,0.00
07/04/2024,11:45,[11:30-11:45[,S,F,V,P,V,0.00,0.00
07/04/2024,12:00,[11:45-12:00[,S,F,V,P,V,0.00,0.00
07/04/2024,12:15,[12:00-12:15[,S,F,V,P,V,-0.01,-0.01
07/04/2024,12:30,[12:15-12:30[,S,F,V,P,V,-0.01,-0.01
07/04/2024,12:45,[12:30-12:45[,S,F,V,P,V,-0.01,-0.01
07/04/2024,13:00,[12:45-13:00[,S,F,V,P,V,-0.01,-0.01
07/04/2024,13:15,[13:00-13:15[,S,F,V,C,V,-0.01,-0.01
07/04/2024,13:30,[13:15-13:30[,S,F,V,C,V,-0.01,-0.01
07/04/2024,13:45,[13:30-13:45[,S,F,V,C,V,-0.01,-0.01
07/04/2024,14:00,[13:45-14:00[,S,F,V,C,V,-0.01,-0.01
07/04/2024,14:15,[14:00-14:15[,S,F,V,C,V,-0.01,-0.01
07/04/2024,14:30,[14:15-14:30[,S,F,V,C,V,-0.01,-0.01
07/04/2024,14:45,[14:30-14:45[,S,F,V,C,V,-0.01,-0.01
07/04/2024,15:00,[14:45-15:00[,S,F,V,C,V,-0.01,-0.01
07/04/2024,15:15,[15:00-15:15[,S,F,V,C,V,-0.01,-0.01
07/04/2024,15:30,[15:15-15:30[,S,F,V,C,V,-0.01,-0.01
07/04/2024,15:45,[15:30-15:45[,S,F,V,C,V,-0.01,-0.01
07/04/2024,16:00,[15:45-16:00[,S,F,V,C,V,-0.01,-0.01
07/04/2024,16:15,[16:00-16:15[,S,F,V,C,V,0.00,0.00
07/04/2024,16:30,[16:15-16:30[,S,F,V,C,V,0.00,0.00
07/04/2024,16:45,[16:30-16:45[,S,F,V,C,V,0.00,0.00
07/04/2024,17:00,[16:45-17:00[,S,F,V,C,V,0.00,0.00
07/04/2024,17:15,[17:00-17:15[,S,F,V,C,V,0.00,0.00
07/04/2024,17:30,[17:15-17:30[,S,F,V,C,V,0.00,0.00
07/04/2024,17:45,[17:30-17:45[,S,F,V,C,V,0.00,0.00
07/04/2024,18:00,[17:45-18:00[,S,F,V,C,V,0.00,0.00
07/04/2024,18:15,[18:00-18:15[,S,F,V,C,V,0.40,0.40
07/04/2024,18:30,[18:15-18:30[,S,F,V,C,V,0.40,0.40
07/04/2024,18:45,[18:30-18:45[,S,F,V,C,V,0.40,0.40
07/04/2024,19:00,[18:45-19:00[,S,F,V,C,V,0.40,0.40
07/04/2024,19:15,[19:00-19:15[,S,F,V,C,V,25.00,25.00
07/04/2024,19:30,[19:15-19:30[,S,F,V,C,V,25.00,25.00
07/04/2024,19:45,[19:30-19:45[,S,F,V,P,V,25.00,25.00
07/04/2024,20:00,[19:45-20:00[,S,F,V,P,V,25.00,25.00
07/04/2024,20:15,[20:00-20:15[,S,F,V,P,V,35.00,35.00
07/04/2024,20:30,[20:15-20:30[,S,F,V,P,V,35.00,35.00
07/04/2024,20:45,[20:30-20:45[,S,F,V,P,V,35.00,35.00
07/04/2024,21:00,[20:45-21:00[,S,F,V,P,V,35.00,35.00
07/04/2024,21:15,[21:00-21:15[,S,F,V,C,V,25.00,25.00
07/04/2024,21:30,[21:15-21:30[,S,F,V,C,V,25.00,25.00
07/04/2024,21:45,[21:30-21:45[,S,F,V,C,V,25.00,25.00
07/04/2024,22:00,[21:45-22:00[,S,F,V,C,V,25.00,25.00
07/04/2024,22:15,[22:00-22:15[,S,V,V,V,V,10.66,10.66
07/04/2024,22:30,[22:15-22:30[,S,V,V,V,V,10.66,10.66
07/04/2024,22:45,[22:30-22:45[,S,V,V,V,V,10.66,10.66
07/04/2024,23:00,[22:45-23:00[,S,V,V,V,V,10.66,10.66
07/04/2024,23:15,[23:00-23:15[,S,V,V,V,V,1.33,1.33
07/04/2024,23:30,[23:15-23:30[,S,V,V,V,V,1.33,1.33
07/04/2024,23:45,[23:30-23:45[,S,V,V,V,V,1.33,1.33
07/04/2024,23:59,[23:45-00:00[,S,V,V,V,V,1.33,1.33
08/04/2024,00:15,[00:00-00:15[,S,V,V,V,V,0.00,0.00
08/04/2024,00:30,[00:15-00:30[,S,V,V,V,V,0.00,0.00
08/04/2024,00:45,[00:30-00:45[,S,V,V,V,V,0.00,0.00
08/04/2024,01:00,[00:45-01:00[,S,V,V,V,V,0.00,0.00
08/04/2024,01:15,[01:00-01:15[,S,V,V,V,V,0.00,0.00
08/04/2024,01:30,[01:15-01:30[,S,V,V,V,V,0.00,0.00
08/04/2024,01:45,[01:30-01:45[,S,V,V,V,V,0.00,0.00
08/04/2024,02:00,[01:45-02:00[,S,V,V,V,V,0.00,0.00
08/04/2024,02:15,[02:00-02:15[,S,V,V,V,V,0.00,0.00
08/04/2024,02:30,[02:15-02:30[,S,V,V,V,V,0.00,0.00
08/04/2024,02:45,[02:30-02:45[,S,V,V,V,V,0.00,0.00
08/04/2024,03:00,[02:45-03:00[,S,V,V,V,V,0.00,0.00
08/04/2024,03:15,[03:00-03:15[,S,V,V,V,V,0.00,0.00
08/04/2024,03:30,[03:15-03:30[,S,V,V,V,V,0.00,0.00
08/04/2024,03:45,[03:30-03:45[,S,V,V,V,V,0.00,0.00
08/04/2024,04:00,[03:45-04:00[,S,V,V,V,V,0.00,0.00
08/04/2024,04:15,[04:00-04:15[,S,V,V,V,V,0.00,0.00
08/04/2024,04:30,[04:15-04:30[,S,V,V,V,V,0.00,0.00
08/04/2024,04:45,[04:30-04:45[,S,V,V,V,V,0.00,0.00
08/04/2024,05:00,[04:45-05:00[,S,V,V,V,V,0.00,0.00
08/04/2024,05:15,[05:00-05:15[,S,V,V,V,V,0.00,0.00
08/04/2024,05:30,[05:15-05:30[,S,V,V,V,V,0.00,0.00
08/04/2024,05:45,[05:30-05:45[,S,V,V,V,V,0.00,0.00
08/04/2024,06:00,[05:45-06:00[,S,V,V,V,V,0.00,0.00
08/04/2024,06:15,[06:00-06:15[,S,V,V,V,V,0.55,3.25
08/04/2024,06:30,[06:15-06:30[,S,V,V,V,V,0.55,3.25
08/04/2024,06:45,[06:30-06:45[,S,V,V,V,V,0.55,3.25
08/04/2024,07:00,[06:45-07:00[,S,V,V,V,V,0.55,3.25
08/04/2024,07:15,[07:00-07:15[,S,V,F,V,C,3.17,3.25
08/04/2024,07:30,[07:15-07:30[,S,V,F,V,C,3.17,3.25
08/04/2024,07:45,[07:30-07:45[,S,V,F,V,C,3.17,3.25
08/04/2024,08:00,[07:45-08:00[,S,V,F,V,C,3.17,3.25
08/04/2024,08:15,[08:00-08:15[,S,F,F,C,C,0.00,0.00
08/04/2024,08:30,[08:15-08:30[,S,F,F,C,C,0.00,0.00
08/04/2024,08:45,[08:30-08:45[,S,F,F,C,C,0.00,0.00
08/04/2024,09:00,[08:45-09:00[,S,F,F,C,C,0.00,0.00
08/04/2024,09:15,[09:00-09:15[,S,F,F,C,C,0.00,0.00
08/04/2024,09:30,[09:15-09:30[,S,F,F,C,P,0.00,0.00
08/04/2024,09:45,[09:30-09:45[,S,F,F,C,P,0.00,0.00
08/04/2024,10:00,[09:45-10:00[,S,F,F,C,P,0.00,0.00
08/04/2024,10:15,[10:00-10:15[,S,F,F,C,P,0.00,0.00
08/04/2024,10:30,[10:15-10:30[,S,F,F,C,P,0.00,0.00
08/04/2024,10:45,[10:30-10:45[,S,F,F,P,P,0.00,0.00
08/04/2024,11:00,[10:45-11:00[,S,F,F,P,P,0.00,0.00
08/04/2024,11:15,[11:00-11:15[,S,F,F,P,P,0.00,0.00
08/04/2024,11:30,[11:15-11:30[,S,F,F,P,P,0.00,0.00
08/04/2024,11:45,[11:30-11:45[,S,F,F,P,P,0.00,0.00
08/04/2024,12:00,[11:45-12:00[,S,F,F,P,P,0.00,0.00
08/04/2024,12:15,[12:00-12:15[,S,F,F,P,P,0.00,0.00
08/04/2024,12:30,[12:15-12:30[,S,F,F,P,C,0.00,0.00
08/04/2024,12:45,[12:30-12:45[,S,F,F,P,C,0.00,0.00
08/04/2024,13:00,[12:45-13:00[,S,F,F,P,C,0.00,0.00
08/04/2024,13:15,[13:00-13:15[,S,F,F,C,C,0.00,0.00
08/04/2024,13:30,[13:15-13:30[,S,F,F,C,C,0.00,0.00
08/04/2024,13:45,[13:30-13:45[,S,F,F,C,C,0.00,0.00
08/04/2024,14:00,[13:45-14:00[,S,F,F,C,C,0.00,0.00
08/04/2024,14:15,[14:00-14:15[,S,F,F,C,C,0.00,0.00
08/04/2024,14:30,[14:15-14:30[,S,F,F,C,C,0.00,0.00
08/04/2024,14:45,[14:30-14:45[,S,F,F,C,C,0.00,0.00
08/04/2024,15:00,[14:45-15:00[,S,F,F,C,C,0.00,0.00
08/04/2024,15:15,[15:00-15:15[,S,F,F,C,C,-0.01,-0.01
08/04/2024,15:30,[15:15-15:30[,S,F,F,C,C,-0.01,-0.01
08/04/2024,15:45,[15:30-15:45[,S,F,F,C,C,-0.01,-0.01
08/04/2024,16:00,[15:45-16:00[,S,F,F,C,C,-0.01,-0.01
08/04/2024,16:15,[16:00-16:15[,S,F,F,C,C,0.00,0.00
08/04/2024,16:30,[16:15-16:30[,S,F,F,C,C,0.00,0.00
08/04/2024,16:45,[16:30-16:45[,S,F,F,C,C,0.00,0.00
08/04/2024,17:00,[16:45-17:00[,S,F,F,C,C,0.00,0.00
08/04/2024,17:15,[17:00-17:15[,S,F,F,C,C,0.00,0.00
08/04/2024,17:30,[17:15-17:30[,S,F,F,C,C,0.00,0.00
08/04/2024,17:45,[17:30-17:45[,S,F,F,C,C,0.00,0.00
08/04/2024,18:00,[17:45-18:00[,S,F,F,C,C,0.00,0.00
08/04/2024,18:15,[18:00-18:15[,S,F,F,C,C,0.00,0.00
08/04/2024,18:30,[18:15-18:30[,S,F,F,C,C,0.00,0.00
08/04/2024,18:45,[18:30-18:45[,S,F,F,C,C,0.00,0.00
08/04/2024,19:00,[18:45-19:00[,S,F,F,C,C,0.00,0.00
08/04/2024,19:15,[19:00-19:15[,S,F,F,C,C,0.44,0.44
08/04/2024,19:30,[19:15-19:30[,S,F,F,C,C,0.44,0.44
08/04/2024,19:45,[19:30-19:45[,S,F,F,P,C,0.44,0.44
08/04/2024,20:00,[19:45-20:00[,S,F,F,P,C,0.44,0.44
08/04/2024,20:15,[20:00-20:15[,S,F,F,P,C,3.25,3.25
08/04/2024,20:30,[20:15-20:30[,S,F,F,P,C,3.25,3.25
08/04/2024,20:45,[20:30-20:45[,S,F,F,P,C,3.25,3.25
08/04/2024,21:00,[20:45-21:00[,S,F,F,P,C,3.25,3.25
08/04/2024,21:15,[21:00-21:15[,S,F,F,C,C,1.00,1.00
08/04/2024,21:30,[21:15-21:30[,S,F,F,C,C,1.00,1.00
08/04/2024,21:45,[21:30-21:45[,S,F,F,C,C,1.00,1.00
08/04/2024,22:00,[21:45-22:00[,S,F,F,C,C,1.00,1.00
08/04/2024,22:15,[22:00-22:15[,S,V,F,V,C,0.00,0.00
08/04/2024,22:30,[22:15-22:30[,S,V,F,V,C,0.00,0.00
08/04/2024,22:45,[22:30-22:45[,S,V,F,V,C,0.00,0.00
08/04/2024,23:00,[22:45-23:00[,S,V,F,V,C,0.00,0.00
08/04/2024,23:15,[23:00-23:15[,S,V,F,V,C,0.00,0.00
08/04/2024,23:30,[23:15-23:30[,S,V,F,V,C,0.00,0.00
08/04/2024,23:45,[23:30-23:45[,S,V,F,V,C,0.00,0.00
08/04/2024,23:59,[23:45-00:00[,S,V,F,V,C,0.00,0.00
09/04/2024,00:15,[00:00-00:15[,S,V,V,V,V,0.00,0.00
09/04/2024,00:30,[00:15-00:30[,S,V,V,V,V,0.00,0.00
09/04/2024,00:45,[00:30-00:45[,S,V,V,V,V,0.00,0.00
09/04/2024,01:00,[00:45-01:00[,S,V,V,V,V,0.00,0.00
09/04/2024,01:15,[01:00-01:15[,S,V,V,V,V,0.00,0.00
09/04/2024,01:30,[01:15-01:30[,S,V,V,V,V,0.00,0.00
09/04/2024,01:45,[01:30-01:45[,S,V,V,V,V,0.00,0.00
09/04/2024,02:00,[01:45-02:00[,S,V,V,V,V,0.00,0.00
09/04/2024,02:15,[02:00-02:15[,S,V,V,V,V,0.00,0.00
09/04/2024,02:30,[02:15-02:30[,S,V,V,V,V,0.00,0.00
09/04/2024,02:45,[02:30-02:45[,S,V,V,V,V,0.00,0.00
09/04/2024,03:00,[02:45-03:00[,S,V,V,V,V,0.00,0.00
09/04/2024,03:15,[03:00-03:15[,S,V,V,V,V,0.00,0.00
09/04/2024,03:30,[03:15-03:30[,S,V,V,V,V,0.00,0.00
09/04/2024,03:45,[03:30-03:45[,S,V,V,V,V,0.00,0.00
09/04/2024,04:00,[03:45-04:00[,S,V,V,V,V,0.00,0.00
09/04/2024,04:15,[04:00-04:15[,S,V,V,V,V,0.00,0.00
09/04/2024,04:30,[04:15-04:30[,S,V,V,V,V,0.00,0.00
09/04/2024,04:45,[04:30-04:45[,S,V,V,V,V,0.00,0.00
09/04/2024,05:00,[04:45-05:00[,S,V,V,V,V,0.00,0.00
09/04/2024,05:15,[05:00-05:15[,S,V,V,V,V,0.00,0.00
09/04/2024,05:30,[05:15-05:30[,S,V,V,V,V,0.00,0.00
09/04/2024,05:45,[05:30-05:45[,S,V,V,V,V,0.00,0.00
09/04/2024,06:00,[05:45-06:00[,S,V,V,V,V,0.00,0.00
09/04/2024,06:15,[06:00-06:15[,S,V,V,V,V,0.00,0.00
09/04/2024,06:30,[06:15-06:30[,S,V,V,V,V,0.00,0.00
09/04/2024,06:45,[06:30-06:45[,S,V,V,V,V,0.00,0.00
09/04/2024,07:00,[06:45-07:00[,S,V,V,V,V,0.00,0.00
09/04/2024,07:15,[07:00-07:15[,S,V,F,V,C,0.00,0.00
09/04/2024,07:30,[07:15-07:30[,S,V,F,V,C,0.00,0.00
09/04/2024,07:45,[07:30-07:45[,S,V,F,V,C,0.00,0.00
09/04/2024,08:00,[07:45-08:00[,S,V,F,V,C,0.00,0.00
09/04/2024,08:15,[08:00-08:15[,S,F,F,C,C,0.00,0.00
09/04/2024,08:30,[08:15-08:30[,S,F,F,C,C,0.00,0.00
09/04/2024,08:45,[08:30-08:45[,S,F,F,C,C,0.00,0.00
09/04/2024,09:00,[08:45-09:00[,S,F,F,C,C,0.00,0.00
09/04/2024,09:15,[09:00-09:15[,S,F,F,C,C,0.00,0.00
09/04/2024,09:30,[09:15-09:30[,S,F,F,C,P,0.00,0.00
09/04/2024,09:45,[09:30-09:45[,S,F,F,C,P,0.00,0.00
09/04/2024,10:00,[09:45-10:00[,S,F,F,C,P,0.00,0.00
09/04/2024,10:15,[10:00-10:15[,S,F,F,C,P,-0.01,-0.01
09/04/2024,10:30,[10:15-10:30[,S,F,F,C,P,-0.01,-0.01
09/04/2024,10:45,[10:30-10:45[,S,F,F,P,P,-0.01,-0.01
09/04/2024,11:00,[10:45-11:00[,S,F,F,P,P,-0.01,-0.01
09/04/2024,11:15,[11:00-11:15[,S,F,F,P,P,-0.01,-0.02
09/04/2024,11:30,[11:15-11:30[,S,F,F,P,P,-0.01,-0.02
09/04/2024,11:45,[11:30-11:45[,S,F,F,P,P,-0.01,-0.02
09/04/2024,12:00,[11:45-12:00[,S,F,F,P,P,-0.01,-0.02
09/04/2024,12:15,[12:00-12:15[,S,F,F,P,P,-0.01,-0.02
09/04/2024,12:30,[12:15-12:30[,S,F,F,P,C,-0.01,-0.02
09/04/2024,12:45,[12:30-12:45[,S,F,F,P,C,-0.01,-0.02
09/04/2024,13:00,[12:45-13:00[,S,F,F,P,C,-0.01,-0.02
09/04/2024,13:15,[13:00-13:15[,S,F,F,C,C,-0.01,-0.02
09/04/2024,13:30,[13:15-13:30[,S,F,F,C,C,-0.01,-0.02
09/04/2024,13:45,[13:30-13:45[,S,F,F,C,C,-0.01,-0.02
09/04/2024,14:00,[13:45-14:00[,S,F,F,C,C,-0.01,-0.02
09/04/2024,14:15,[14:00-14:15[,S,F,F,C,C,-0.01,-0.02
09/04/2024,14:30,[14:15-14:30[,S,F,F,C,C,-0.01,-0.02
09/04/2024,14:45,[14:30-14:45[,S,F,F,C,C,-0.01,-0.02
09/04/2024,15:00,[14:45-15:00[,S,F,F,C,C,-0.01,-0.02
09/04/2024,15:15,[15:00-15:15[,S,F,F,C,C,-0.02,-0.02
09/04/2024,15:30,[15:15-15:30[,S,F,F,C,C,-0.02,-0.02
09/04/2024,15:45,[15:30-15:45[,S,F,F,C,C,-0.02,-0.02
09/04/2024,16:00,[15:45-16:00[,S,F,F,C,C,-0.02,-0.02
09/04/2024,16:15,[16:00-16:15[,S,F,F,C,C,-0.02,-0.02
09/04/2024,16:30,[16:15-16:30[,S,F,F,C,C,-0.02,-0.02
09/04/2024,16:45,[16:30-16:45[,S,F,F,C,C,-0.02,-0.02
09/04/2024,17:00,[16:45-17:00[,S,F,F,C,C,-0.02,-0.02
09/04/2024,17:15,[17:00-17:15[,S,F,F,C,C,0.00,0.00
09/04/2024,17:30,[17:15-17:30[,S,F,F,C,C,0.00,0.00
09/04/2024,17:45,[17:30-17:45[,S,F,F,C,C,0.00,0.00
09/04/2024,18:00,[17:45-18:00[,S,F,F,C,C,0.00,0.00
09/04/2024,18:15,[18:00-18:15[,S,F,F,C,C,0.01,0.01
09/04/2024,18:30,[18:15-18:30[,S,F,F,C,C,0.01,0.01
09/04/2024,18:45,[18:30-18:45[,S,F,F,C,C,0.01,0.01
09/04/2024,19:00,[18:45-19:00[,S,F,F,C,C,0.01,0.01
09/04/2024,19:15,[19:00-19:15[,S,F,F,C,C,5.00,5.00
09/04/2024,19:30,[19:15-19:30[,S,F,F,C,C,5.00,5.00
09/04/2024,19:45,[19:30-19:45[,S,F,F,P,C,5.00,5.00
09/04/2024,20:00,[19:45-20:00[,S,F,F,P,C,5.00,5.00
09/04/2024,20:15,[20:00-20:15[,S,F,F,P,C,14.72,14.72
09/04/2024,20:30,[20:15-20:30[,S,F,F,P,C,14.72,14.72
09/04/2024,20:45,[20:30-20:45[,S,F,F,P,C,14.72,14.72
09/04/2024,21:00,[20:45-21:00[,S,F,F,P,C,14.72,14.72
09/04/2024,21:15,[21:00-21:15[,S,F,F,C,C,6.35,6.35
09/04/2024,21:30,[21:15-21:30[,S,F,F,C,C,6.35,6.35
09/04/2024,21:45,[21:30-21:45[,S,F,F,C,C,6.35,6.35
09/04/2024,22:00,[21:45-22:00[,S,F,F,C,C,6.35,6.35
09/04/2024,22:15,[22:00-22:15[,S,V,F,V,C,5.00,5.00
09/04/2024,22:30,[22:15-22:30[,S,V,F,V,C,5.00,5.00
09/04/2024,22:45,[22:30-22:45[,S,V,F,V,C,5.00,5.00
09/04/2024,23:00,[22:45-23:00[,S,V,F,V,C,5.00,5.00
09/04/2024,23:15,[23:00-23:15[,S,V,F,V,C,4.21,4.21
09/04/2024,23:30,[23:15-23:30[,S,V,F,V,C,4.21,4.21
09/04/2024,23:45,[23:30-23:45[,S,V,F,V,C,4.21,4.21
09/04/2024,23:59,[23:45-00:00[,S,V,F,V,C,4.21,4.21
10/04/2024,00:15,[00:00-00:15[,S,V,V,V,V,3.25,3.25
10/04/2024,00:30,[00:15-00:30[,S,V,V,V,V,3.25,3.25
10/04/2024,00:45,[00:30-00:45[,S,V,V,V,V,3.25,3.25
10/04/2024,01:00,[00:45-01:00[,S,V,V,V,V,3.25,3.25
10/04/2024,01:15,[01:00-01:15[,S,V,V,V,V,1.00,1.00
10/04/2024,01:30,[01:15-01:30[,S,V,V,V,V,1.00,1.00
10/04/2024,01:45,[01:30-01:45[,S,V,V,V,V,1.00,1.00
10/04/2024,02:00,[01:45-02:00[,S,V,V,V,V,1.00,1.00
10/04/2024,02:15,[02:00-02:15[,S,V,V,V,V,0.44,0.44
10/04/2024,02:30,[02:15-02:30[,S,V,V,V,V,0.44,0.44
10/04/2024,02:45,[02:30-02:45[,S,V,V,V,V,0.44,0.44
10/04/2024,03:00,[02:45-03:00[,S,V,V,V,V,0.44,0.44
10/04/2024,03:15,[03:00-03:15[,S,V,V,V,V,0.35,0.35
10/04/2024,03:30,[03:15-03:30[,S,V,V,V,V,0.35,0.35
10/04/2024,03:45,[03:30-03:45[,S,V,V,V,V,0.35,0.35
10/04/2024,04:00,[03:45-04:00[,S,V,V,V,V,0.35,0.35
10/04/2024,04:15,[04:00-04:15[,S,V,V,V,V,1.00,1.00
10/04/2024,04:30,[04:15-04:30[,S,V,V,V,V,1.00,1.00
10/04/2024,04:45,[04:30-04:45[,S,V,V,V,V,1.00,1.00
10/04/2024,05:00,[04:45-05:00[,S,V,V,V,V,1.00,1.00
10/04/2024,05:15,[05:00-05:15[,S,V,V,V,V,2.17,2.17
10/04/2024,05:30,[05:15-05:30[,S,V,V,V,V,2.17,2.17
10/04/2024,05:45,[05:30-05:45[,S,V,V,V,V,2.17,2.17
10/04/2024,06:00,[05:45-06:00[,S,V,V,V,V,2.17,2.17
10/04/2024,06:15,[06:00-06:15[,S,V,V,V,V,35.00,35.00
10/04/2024,06:30,[06:15-06:30[,S,V,V,V,V,35.00,35.00
10/04/2024,06:45,[06:30-06:45[,S,V,V,V,V,35.00,35.00
10/04/2024,07:00,[06:45-07:00[,S,V,V,V,V,35.00,35.00
10/04/2024,07:15,[07:00-07:15[,S,V,F,V,C,7.68,7.68
10/04/2024,07:30,[07:15-07:30[,S,V,F,V,C,7.68,7.68
10/04/2024,07:45,[07:30-07:45[,S,V,F,V,C,7.68,7.68
10/04/2024,08:00,[07:45-08:00[,S,V,F,V,C,7.68,7.68
10/04/2024,08:15,[08:00-08:15[,S,F,F,C,C,0.00,0.00
10/04/2024,08:30,[08:15-08:30[,S,F,F,C,C,0.00,0.00
10/04/2024,08:45,[08:30-08:45[,S,F,F,C,C,0.00,0.00
10/04/2024,09:00,[08:45-09:00[,S,F,F,C,C,0.00,0.00
10/04/2024,09:15,[09:00-09:15[,S,F,F,C,C,-0.01,-0.01
10/04/2024,09:30,[09:15-09:30[,S,F,F,C,P,-0.01,-0.01
10/04/2024,09:45,[09:30-09:45[,S,F,F,C,P,-0.01,-0.01
10/04/2024,10:00,[09:45-10:00[,S,F,F,C,P,-0.01,-0.01
10/04/2024,10:15,[10:00-10:15[,S,F,F,C,P,-0.03,-0.03
10/04/2024,10:30,[10:15-10:30[,S,F,F,C,P,-0.03,-0.03
10/04/2024,10:45,[10:30-10:45[,S,F,F,P,P,-0.03,-0.03
10/04/2024,11:00,[10:45-11:00[,S,F,F,P,P,-0.03,-0.03
10/04/2024,11:15,[11:00-11:15[,S,F,F,P,P,-0.03,-0.03
10/04/2024,11:30,[11:15-11:30[,S,F,F,P,P,-0.03,-0.03
10/04/2024,11:45,[11:30-11:45[,S,F,F,P,P,-0.03,-0.03
10/04/2024,12:00,[11:45-12:00[,S,F,F,P,P,-0.03,-0.03
10/04/2024,12:15,[12:00-12:15[,S,F,F,P,P,-0.03,-0.03
10/04/2024,12:30,[12:15-12:30[,S,F,F,P,C,-0.03,-0.03
10/04/2024,12:45,[12:30-12:45[,S,F,F,P,C,-0.03,-0.03
10/04/2024,13:00,[12:45-13:00[,S,F,F,P,C,-0.03,-0.03
10/04/2024,13:15,[13:00-13:15[,S,F,F,C,C,-0.03,-0.05
10/04/2024,13:30,[13:15-13:30[,S,F,F,C,C,-0.03,-0.05
10/04/2024,13:45,[13:30-13:45[,S,F,F,C,C,-0.03,-0.05
10/04/2024,14:00,[13:45-14:00[,S,F,F,C,C,-0.03,-0.05
10/04/2024,14:15,[14:00-14:15[,S,F,F,C,C,-0.03,-0.05
10/04/2024,14:30,[14:15-14:30[,S,F,F,C,C,-0.03,-0.05
10/04/2024,14:45,[14:30-14:45[,S,F,F,C,C,-0.03,-0.05
10/04/2024,15:00,[14:45-15:00[,S,F,F,C,C,-0.03,-0.05
10/04/2024,15:15,[15:00-15:15[,S,F,F,C,C,-0.03,-0.05
10/04/2024,15:30,[15:15-15:30[,S,F,F,C,C,-0.03,-0.05
10/04/2024,15:45,[15:30-15:45[,S,F,F,C,C,-0.03,-0.05
10/04/2024,16:00,[15:45-16:00[,S,F,F,C,C,-0.03,-0.05
10/04/2024,16:15,[16:00-16:15[,S,F,F,C,C,-0.03,-0.05
10/04/2024,16:30,[16:15-16:30[,S,F,F,C,C,-0.03,-0.05
10/04/2024,16:45,[16:30-16:45[,S,F,F,C,C,-0.03,-0.05
10/04/2024,17:00,[16:45-17:00[,S,F,F,C,C,-0.03,-0.05
10/04/2024,17:15,[17:00-17:15[,S,F,F,C,C,-0.01,-0.01
10/04/2024,17:30,[17:15-17:30[,S,F,F,C,C,-0.01,-0.01
10/04/2024,17:45,[17:30-17:45[,S,F,F,C,C,-0.01,-0.01
10/04/2024,18:00,[17:45-18:00[,S,F,F,C,C,-0.01,-0.01
10/04/2024,18:15,[18:00-18:15[,S,F,F,C,C,0.00,0.00
10/04/2024,18:30,[18:15-18:30[,S,F,F,C,C,0.00,0.00
10/04/2024,18:45,[18:30-18:45[,S,F,F,C,C,0.00,0.00
10/04/2024,19:00,[18:45-19:00[,S,F,F,C,C,0.00,0.00
10/04/2024,19:15,[19:00-19:15[,S,F,F,C,C,6.00,6.00
10/04/2024,19:30,[19:15-19:30[,S,F,F,C,C,6.00,6.00
10/04/2024,19:45,[19:30-19:45[,S,F,F,P,C,6.00,6.00
10/04/2024,20:00,[19:45-20:00[,S,F,F,P,C,6.00,6.00
10/04/2024,20:15,[20:00-20:15[,S,F,F,P,C,34.45,34.45
10/04/2024,20:30,[20:15-20:30[,S,F,F,P,C,34.45,34.45
10/04/2024,20:45,[20:30-20:45[,S,F,F,P,C,34.45,34.45
10/04/2024,21:00,[20:45-21:00[,S,F,F,P,C,34.45,34.45
10/04/2024,21:15,[21:00-21:15[,S,F,F,C,C,5.00,5.00
10/04/2024,21:30,[21:15-21:30[,S,F,F,C,C,5.00,5.00
10/04/2024,21:45,[21:30-21:45[,S,F,F,C,C,5.00,5.00
10/04/2024,22:00,[21:45-22:00[,S,F,F,C,C,5.00,5.00
10/04/2024,22:15,[22:00-22:15[,S,V,F,V,C,3.25,3.25
10/04/2024,22:30,[22:15-22:30[,S,V,F,V,C,3.25,3.25
10/04/2024,22:45,[22:30-22:45[,S,V,F,V,C,3.25,3.25
10/04/2024,23:00,[22:45-23:00[,S,V,F,V,C,3.25,3.25
10/04/2024,23:15,[23:00-23:15[,S,V,F,V,C,3.25,3.25
10/04/2024,23:30,[23:15-23:30[,S,V,F,V,C,3.25,3.25
10/04/2024,23:45,[23:30-23:45[,S,V,F,V,C,3.25,3.25
10/04/2024,23:59,[23:45-00:00[,S,V,F,V,C,3.25,3.25
11/04/2024,00:15,[00:00-00:15[,S,V,V,V,V,1.00,1.00
11/04/2024,00:30,[00:15-00:30[,S,V,V,V,V,1.00,1.00
11/04/2024,00:45,[00:30-00:45[,S,V,V,V,V,1.00,1.00
11/04/2024,01:00,[00:45-01:00[,S,V,V,V,V,1.00,1.00
11/04/2024,01:15,[01:00-01:15[,S,V,V,V,V,0.04,0.04
11/04/2024,01:30,[01:15-01:30[,S,V,V,V,V,0.04,0.04
11/04/2024,01:45,[01:30-01:45[,S,V,V,V,V,0.04,0.04
11/04/2024,02:00,[01:45-02:00[,S,V,V,V,V,0.04,0.04
11/04/2024,02:15,[02:00-02:15[,S,V,V,V,V,0.00,0.00
11/04/2024,02:30,[02:15-02:30[,S,V,V,V,V,0.00,0.00
11/04/2024,02:45,[02:30-02:45[,S,V,V,V,V,0.00,0.00
11/04/2024,03:00,[02:45-03:00[,S,V,V,V,V,0.00,0.00
11/04/2024,03:15,[03:00-03:15[,S,V,V,V,V,0.00,0.00
11/04/2024,03:30,[03:15-03:30[,S,V,V,V,V,0.00,0.00
11/04/2024,03:45,[03:30-03:45[,S,V,V,V,V,0.00,0.00
11/04/2024,04:00,[03:45-04:00[,S,V,V,V,V,0.00,0.00
11/04/2024,04:15,[04:00-04:15[,S,V,V,V,V,1.47,1.47
11/04/2024,04:30,[04:15-04:30[,S,V,V,V,V,1.47,1.47
11/04/2024,04:45,[04:30-04:45[,S,V,V,V,V,1.47,1.47
11/04/2024,05:00,[04:45-05:00[,S,V,V,V,V,1.47,1.47
11/04/2024,05:15,[05:00-05:15[,S,V,V,V,V,3.60,3.60
11/04/2024,05:30,[05:15-05:30[,S,V,V,V,V,3.60,3.60
11/04/2024,05:45,[05:30-05:45[,S,V,V,V,V,3.60,3.60
11/04/2024,06:00,[05:45-06:00[,S,V,V,V,V,3.60,3.60
11/04/2024,06:15,[06:00-06:15[,S,V,V,V,V,22.32,22.42
11/04/2024,06:30,[06:15-06:30[,S,V,V,V,V,22.32,22.42
11/04/2024,06:45,[06:30-06:45[,S,V,V,V,V,22.32,22.42
11/04/2024,07:00,[06:45-07:00[,S,V,V,V,V,22.32,22.42
11/04/2024,07:15,[07:00-07:15[,S,V,F,V,C,17.04,17.04
11/04/2024,07:30,[07:15-07:30[,S,V,F,V,C,17.04,17.04
11/04/2024,07:45,[07:30-07:45[,S,V,F,V,C,17.04,17.04
11/04/2024,08:00,[07:45-08:00[,S,V,F,V,C,17.04,17.04
11/04/2024,08:15,[08:00-08:15[,S,F,F,C,C,0.01,0.01
11/04/2024,08:30,[08:15-08:30[,S,F,F,C,C,0.01,0.01
11/04/2024,08:45,[08:30-08:45[,S,F,F,C,C,0.01,0.01
11/04/2024,09:00,[08:45-09:00[,S,F,F,C,C,0.01,0.01
11/04/2024,09:15,[09:00-09:15[,S,F,F,C,C,0.00,0.00
11/04/2024,09:30,[09:15-09:30[,S,F,F,C,P,0.00,0.00
11/04/2024,09:45,[09:30-09:45[,S,F,F,C,P,0.00,0.00
11/04/2024,10:00,[09:45-10:00[,S,F,F,C,P,0.00,0.00
11/04/2024,10:15,[10:00-10:15[,S,F,F,C,P,-0.01,-0.01
11/04/2024,10:30,[10:15-10:30[,S,F,F,C,P,-0.01,-0.01
11/04/2024,10:45,[10:30-10:45[,S,F,F,P,P,-0.01,-0.01
11/04/2024,11:00,[10:45-11:00[,S,F,F,P,P,-0.01,-0.01
11/04/2024,11:15,[11:00-11:15[,S,F,F,P,P,-0.01,-0.01
11/04/2024,11:30,[11:15-11:30[,S,F,F,P,P,-0.01,-0.01
11/04/2024,11:45,[11:30-11:45[,S,F,F,P,P,-0.01,-0.01
11/04/2024,12:00,[11:45-12:00[,S,F,F,P,P,-0.01,-0.01
11/04/2024,12:15,[12:00-12:15[,S,F,F,P,P,-0.01,-0.01
11/04/2024,12:30,[12:15-12:30[,S,F,F,P,C,-0.01,-0.01
11/04/2024,12:45,[12:30-12:45[,S,F,F,P,C,-0.01,-0.01
11/04/2024,13:00,[12:45-13:00[,S,F,F,P,C,-0.01,-0.01
11/04/2024,13:15,[13:00-13:15[,S,F,F,C,C,-0.02,-0.02
11/04/2024,13:30,[13:15-13:30[,S,F,F,C,C,-0.02,-0.02
11/04/2024,13:45,[13:30-13:45[,S,F,F,C,C,-0.02,-0.02
11/04/2024,14:00,[13:45-14:00[,S,F,F,C,C,-0.02,-0.02
11/04/2024,14:15,[14:00-14:15[,S,F,F,C,C,-0.01,-0.01
11/04/2024,14:30,[14:15-14:30[,S,F,F,C,C,-0.01,-0.01
11/04/2024,14:45,[14:30-14:45[,S,F,F,C,C,-0.01,-0.01
11/04/2024,15:00,[14:45-15:00[,S,F,F,C,C,-0.01,-0.01
11/04/2024,15:15,[15:00-15:15[,S,F,F,C,C,-0.01,-0.01
11/04/2024,15:30,[15:15-15:30[,S,F,F,C,C,-0.01,-0.01
11/04/2024,15:45,[15:30-15:45[,S,F,F,C,C,-0.01,-0.01
11/04/2024,16:00,[15:45-16:00[,S,F,F,C,C,-0.01,-0.01
11/04/2024,16:15,[16:00-16:15[,S,F,F,C,C,-0.01,-0.01
11/04/2024,16:30,[16:15-16:30[,S,F,F,C,C,-0.01,-0.01
11/04/2024,16:45,[16:30-16:45[,S,F,F,C,C,-0.01,-0.01
11/04/2024,17:00,[16:45-17:00[,S,F,F,C,C,-0.01,-0.01
11/04/2024,17:15,[17:00-17:15[,S,F,F,C,C,0.00,0.00
11/04/2024,17:30,[17:15-17:30[,S,F,F,C,C,0.00,0.00
11/04/2024,17:45,[17:30-17:45[,S,F,F,C,C,0.00,0.00
11/04/2024,18:00,[17:45-18:00[,S,F,F,C,C,0.00,0.00
11/04/2024,18:15,[18:00-18:15[,S,F,F,C,C,4.90,4.90
11/04/2024,18:30,[18:15-18:30[,S,F,F,C,C,4.90,4.90
11/04/2024,18:45,[18:30-18:45[,S,F,F,C,C,4.90,4.90
11/04/2024,19:00,[18:45-19:00[,S,F,F,C,C,4.90,4.90
11/04/2024,19:15,[19:00-19:15[,S,F,F,C,C,60.00,60.00
11/04/2024,19:30,[19:15-19:30[,S,F,F,C,C,60.00,60.00
11/04/2024,19:45,[19:30-19:45[,S,F,F,P,C,60.00,60.00
11/04/2024,20:00,[19:45-20:00[,S,F,F,P,C,60.00,60.00
11/04/2024,20:15,[20:00-20:15[,S,F,F,P,C,70.95,70.95
11/04/2024,20:30,[20:15-20:30[,S,F,F,P,C,70.95,70.95
11/04/2024,20:45,[20:30-20:45[,S,F,F,P,C,70.95,70.95
11/04/2024,21:00,[20:45-21:00[,S,F,F,P,C,70.95,70.95
11/04/2024,21:15,[21:00-21:15[,S,F,F,C,C,70.01,70.01
11/04/2024,21:30,[21:15-21:30[,S,F,F,C,C,70.01,70.01
11/04/2024,21:45,[21:30-21:45[,S,F,F,C,C,70.01,70.01
11/04/2024,22:00,[21:45-22:00[,S,F,F,C,C,70.01,70.01
11/04/2024,22:15,[22:00-22:15[,S,V,F,V,C,34.08,34.08
11/04/2024,22:30,[22:15-22:30[,S,V,F,V,C,34.08,34.08
11/04/2024,22:45,[22:30-22:45[,S,V,F,V,C,34.08,34.08
11/04/2024,23:00,[22:45-23:00[,S,V,F,V,C,34.08,34.08
11/04/2024,23:15,[23:00-23:15[,S,V,F,V,C,23.77,23.77
11/04/2024,23:30,[23:15-23:30[,S,V,F,V,C,23.77,23.77
11/04/2024,23:45,[23:30-23:45[,S,V,F,V,C,23.77,23.77
11/04/2024,23:59,[23:45-00:00[,S,V,F,V,C,23.77,23.77
12/04/2024,00:15,[00:00-00:15[,S,V,V,V,V,15.37,15.37
12/04/2024,00:30,[00:15-00:30[,S,V,V,V,V,15.37,15.37
12/04/2024,00:45,[00:30-00:45[,S,V,V,V,V,15.37,15.37
12/04/2024,01:00,[00:45-01:00[,S,V,V,V,V,15.37,15.37
12/04/2024,01:15,[01:00-01:15[,S,V,V,V,V,12.50,12.50
12/04/2024,01:30,[01:15-01:30[,S,V,V,V,V,12.50,12.50
12/04/2024,01:45,[01:30-01:45[,S,V,V,V,V,12.50,12.50
12/04/2024,02:00,[01:45-02:00[,S,V,V,V,V,12.50,12.50
12/04/2024,02:15,[02:00-02:15[,S,V,V,V,V,11.94,11.94
12/04/2024,02:30,[02:15-02:30[,S,V,V,V,V,11.94,11.94
12/04/2024,02:45,[02:30-02:45[,S,V,V,V,V,11.94,11.94
12/04/2024,03:00,[02:45-03:00[,S,V,V,V,V,11.94,11.94
12/04/2024,03:15,[03:00-03:15[,S,V,V,V,V,12.49,12.49
12/04/2024,03:30,[03:15-03:30[,S,V,V,V,V,12.49,12.49
12/04/2024,03:45,[03:30-03:45[,S,V,V,V,V,12.49,12.49
12/04/2024,04:00,[03:45-04:00[,S,V,V,V,V,12.49,12.49
12/04/2024,04:15,[04:00-04:15[,S,V,V,V,V,16.03,16.93
12/04/2024,04:30,[04:15-04:30[,S,V,V,V,V,16.03,16.93
12/04/2024,04:45,[04:30-04:45[,S,V,V,V,V,16.03,16.93
12/04/2024,05:00,[04:45-05:00[,S,V,V,V,V,16.03,16.93
12/04/2024,05:15,[05:00-05:15[,S,V,V,V,V,6.89,33.47
12/04/2024,05:30,[05:15-05:30[,S,V,V,V,V,6.89,33.47
12/04/2024,05:45,[05:30-05:45[,S,V,V,V,V,6.89,33.47
12/04/2024,06:00,[05:45-06:00[,S,V,V,V,V,6.89,33.47
12/04/2024,06:15,[06:00-06:15[,S,V,V,V,V,18.07,78.44
12/04/2024,06:30,[06:15-06:30[,S,V,V,V,V,18.07,78.44
12/04/2024,06:45,[06:30-06:45[,S,V,V,V,V,18.07,78.44
12/04/2024,07:00,[06:45-07:00[,S,V,V,V,V,18.07,78.44
12/04/2024,07:15,[07:00-07:15[,S,V,F,V,C,42.77,74.04
12/04/2024,07:30,[07:15-07:30[,S,V,F,V,C,42.77,74.04
12/04/2024,07:45,[07:30-07:45[,S,V,F,V,C,42.77,74.04
12/04/2024,08:00,[07:45-08:00[,S,V,F,V,C,42.77,74.04
12/04/2024,08:15,[08:00-08:15[,S,F,F,C,C,5.85,5.85
12/04/2024,08:30,[08:15-08:30[,S,F,F,C,C,5.85,5.85
12/04/2024,08:45,[08:30-08:45[,S,F,F,C,C,5.85,5.85
12/04/2024,09:00,[08:45-09:00[,S,F,F,C,C,5.85,5.85
12/04/2024,09:15,[09:00-09:15[,S,F,F,C,C,0.00,0.00
12/04/2024,09:30,[09:15-09:30[,S,F,F,C,P,0.00,0.00
12/04/2024,09:45,[09:30-09:45[,S,F,F,C,P,0.00,0.00
12/04/2024,10:00,[09:45-10:00[,S,F,F,C,P,0.00,0.00
12/04/2024,10:15,[10:00-10:15[,S,F,F,C,P,0.00,0.00
12/04/2024,10:30,[10:15-10:30[,S,F,F,C,P,0.00,0.00
12/04/2024,10:45,[10:30-10:45[,S,F,F,P,P,0.00,0.00
12/04/2024,11:00,[10:45-11:00[,S,F,F,P,P,0.00,0.00
12/04/2024,11:15,[11:00-11:15[,S,F,F,P,P,0.00,0.00
12/04/2024,11:30,[11:15-11:30[,S,F,F,P,P,0.00,0.00
12/04/2024,11:45,[11:30-11:45[,S,F,F,P,P,0.00,0.00
12/04/2024,12:00,[11:45-12:00[,S,F,F,P,P,0.00,0.00
12/04/2024,12:15,[12:00-12:15[,S,F,F,P,P,-0.06,-0.06
12/04/2024,12:30,[12:15-12:30[,S,F,F,P,C,-0.06,-0.06
12/04/2024,12:45,[12:30-12:45[,S,F,F,P,C,-0.06,-0.06
12/04/2024,13:00,[12:45-13:00[,S,F,F,P,C,-0.06,-0.06
12/04/2024,13:15,[13:00-13:15[,S,F,F,C,C,-0.06,-0.06
12/04/2024,13:30,[13:15-13:30[,S,F,F,C,C,-0.06,-0.06
12/04/2024,13:45,[13:30-13:45[,S,F,F,C,C,-0.06,-0.06
12/04/2024,14:00,[13:45-14:00[,S,F,F,C,C,-0.06,-0.06
12/04/2024,14:15,[14:00-14:15[,S,F,F,C,C,-0.10,-0.10
12/04/2024,14:30,[14:15-14:30[,S,F,F,C,C,-0.10,-0.10
12/04/2024,14:45,[14:30-14:45[,S,F,F,C,C,-0.10,-0.10
12/04/2024,15:00,[14:45-15:00[,S,F,F,C,C,-0.10,-0.10
12/04/2024,15:15,[15:00-15:15[,S,F,F,C,C,-0.03,-0.03
12/04/2024,15:30,[15:15-15:30[,S,F,F,C,C,-0.03,-0.03
12/04/2024,15:45,[15:30-15:45[,S,F,F,C,C,-0.03,-0.03
12/04/2024,16:00,[15:45-16:00[,S,F,F,C,C,-0.03,-0.03
12/04/2024,16:15,[16:00-16:15[,S,F,F,C,C,0.00,0.00
12/04/2024,16:30,[16:15-16:30[,S,F,F,C,C,0.00,0.00
12/04/2024,16:45,[16:30-16:45[,S,F,F,C,C,0.00,0.00
12/04/2024,17:00,[16:45-17:00[,S,F,F,C,C,0.00,0.00
12/04/2024,17:15,[17:00-17:15[,S,F,F,C,C,0.00,0.00
12/04/2024,17:30,[17:15-17:30[,S,F,F,C,C,0.00,0.00
12/04/2024,17:45,[17:30-17:45[,S,F,F,C,C,0.00,0.00
12/04/2024,18:00,[17:45-18:00[,S,F,F,C,C,0.00,0.00
12/04/2024,18:15,[18:00-18:15[,S,F,F,C,C,15.77,15.77
12/04/2024,18:30,[18:15-18:30[,S,F,F,C,C,15.77,15.77
12/04/2024,18:45,[18:30-18:45[,S,F,F,C,C,15.77,15.77
12/04/2024,19:00,[18:45-19:00[,S,F,F,C,C,15.77,15.77
12/04/2024,19:15,[19:00-19:15[,S,F,F,C,C,39.35,39.35
12/04/2024,19:30,[19:15-19:30[,S,F,F,C,C,39.35,39.35
12/04/2024,19:45,[19:30-19:45[,S,F,F,P,C,39.35,39.35
12/04/2024,20:00,[19:45-20:00[,S,F,F,P,C,39.35,39.35
12/04/2024,20:15,[20:00-20:15[,S,F,F,P,C,74.23,74.23
12/04/2024,20:30,[20:15-20:30[,S,F,F,P,C,74.23,74.23
12/04/2024,20:45,[20:30-20:45[,S,F,F,P,C,74.23,74.23
12/04/2024,21:00,[20:45-21:00[,S,F,F,P,C,74.23,74.23
12/04/2024,21:15,[21:00-21:15[,S,F,F,C,C,38.05,38.05
12/04/2024,21:30,[21:15-21:30[,S,F,F,C,C,38.05,38.05
12/04/2024,21:45,[21:30-21:45[,S,F,F,C,C,38.05,38.05
12/04/2024,22:00,[21:45-22:00[,S,F,F,C,C,38.05,38.05
12/04/2024,22:15,[22:00-22:15[,S,V,F,V,C,26.67,26.67
12/04/2024,22:30,[22:15-22:30[,S,V,F,V,C,26.67,26.67
12/04/2024,22:45,[22:30-22:45[,S,V,F,V,C,26.67,26.67
12/04/2024,23:00,[22:45-23:00[,S,V,F,V,C,26.67,26.67
12/04/2024,23:15,[23:00-23:15[,S,V,F,V,C,24.15,24.15
12/04/2024,23:30,[23:15-23:30[,S,V,F,V,C,24.15,24.15
12/04/2024,23:45,[23:30-23:45[,S,V,F,V,C,24.15,24.15
12/04/2024,23:59,[23:45-00:00[,S,V,F,V,C,24.15,24.15
13/04/2024,00:15,[00:00-00:15[,S,V,V,V,V,17.73,17.73
13/04/2024,00:30,[00:15-00:30[,S,V,V,V,V,17.73,17.73
13/04/2024,00:45,[00:30-00:45[,S,V,V,V,V,17.73,17.73
13/04/2024,01:00,[00:45-01:00[,S,V,V,V,V,17.73,17.73
13/04/2024,01:15,[01:00-01:15[,S,V,V,V,V,17.15,17.15
13/04/2024,01:30,[01:15-01:30[,S,V,V,V,V,17.15,17.15
13/04/2024,01:45,[01:30-01:45[,S,V,V,V,V,17.15,17.15
13/04/2024,02:00,[01:45-02:00[,S,V,V,V,V,17.15,17.15
13/04/2024,02:15,[02:00-02:15[,S,V,V,V,V,11.13,11.13
13/04/2024,02:30,[02:15-02:30[,S,V,V,V,V,11.13,11.13
13/04/2024,02:45,[02:30-02:45[,S,V,V,V,V,11.13,11.13
13/04/2024,03:00,[02:45-03:00[,S,V,V,V,V,11.13,11.13
13/04/2024,03:15,[03:00-03:15[,S,V,V,V,V,7.74,7.74
13/04/2024,03:30,[03:15-03:30[,S,V,V,V,V,7.74,7.74
13/04/2024,03:45,[03:30-03:45[,S,V,V,V,V,7.74,7.74
13/04/2024,04:00,[03:45-04:00[,S,V,V,V,V,7.74,7.74
13/04/2024,04:15,[04:00-04:15[,S,V,V,V,V,6.79,6.79
13/04/2024,04:30,[04:15-04:30[,S,V,V,V,V,6.79,6.79
13/04/2024,04:45,[04:30-04:45[,S,V,V,V,V,6.79,6.79
13/04/2024,05:00,[04:45-05:00[,S,V,V,V,V,6.79,6.79
13/04/2024,05:15,[05:00-05:15[,S,V,V,V,V,10.39,10.39
13/04/2024,05:30,[05:15-05:30[,S,V,V,V,V,10.39,10.39
13/04/2024,05:45,[05:30-05:45[,S,V,V,V,V,10.39,10.39
13/04/2024,06:00,[05:45-06:00[,S,V,V,V,V,10.39,10.39
13/04/2024,06:15,[06:00-06:15[,S,V,V,V,V,11.76,11.76
13/04/2024,06:30,[06:15-06:30[,S,V,V,V,V,11.76,11.76
13/04/2024,06:45,[06:30-06:45[,S,V,V,V,V,11.76,11.76
13/04/2024,07:00,[06:45-07:00[,S,V,V,V,V,11.76,11.76
13/04/2024,07:15,[07:00-07:15[,S,V,V,V,V,13.26,13.26
13/04/2024,07:30,[07:15-07:30[,S,V,V,V,V,13.26,13.26
13/04/2024,07:45,[07:30-07:45[,S,V,V,V,V,13.26,13.26
13/04/2024,08:00,[07:45-08:00[,S,V,V,V,V,13.26,13.26
13/04/2024,08:15,[08:00-08:15[,S,F,V,C,V,0.01,0.01
13/04/2024,08:30,[08:15-08:30[,S,F,V,C,V,0.01,0.01
13/04/2024,08:45,[08:30-08:45[,S,F,V,C,V,0.01,0.01
13/04/2024,09:00,[08:45-09:00[,S,F,V,C,V,0.01,0.01
13/04/2024,09:15,[09:00-09:15[,S,F,F,C,C,-0.02,-0.02
13/04/2024,09:30,[09:15-09:30[,S,F,F,C,C,-0.02,-0.02
13/04/2024,09:45,[09:30-09:45[,S,F,F,C,C,-0.02,-0.02
13/04/2024,10:00,[09:45-10:00[,S,F,F,C,C,-0.02,-0.02
13/04/2024,10:15,[10:00-10:15[,S,F,F,C,C,-0.06,-0.10
13/04/2024,10:30,[10:15-10:30[,S,F,F,C,C,-0.06,-0.10
13/04/2024,10:45,[10:30-10:45[,S,F,F,P,C,-0.06,-0.10
13/04/2024,11:00,[10:45-11:00[,S,F,F,P,C,-0.06,-0.10
13/04/2024,11:15,[11:00-11:15[,S,F,F,P,C,-0.06,-0.10
13/04/2024,11:30,[11:15-11:30[,S,F,F,P,C,-0.06,-0.10
13/04/2024,11:45,[11:30-11:45[,S,F,F,P,C,-0.06,-0.10
13/04/2024,12:00,[11:45-12:00[,S,F,F,P,C,-0.06,-0.10
13/04/2024,12:15,[12:00-12:15[,S,F,F,P,C,-0.06,-0.10
13/04/2024,12:30,[12:15-12:30[,S,F,F,P,C,-0.06,-0.10
13/04/2024,12:45,[12:30-12:45[,S,F,F,P,C,-0.06,-0.10
13/04/2024,13:00,[12:45-13:00[,S,F,F,P,C,-0.06,-0.10
13/04/2024,13:15,[13:00-13:15[,S,F,F,C,C,-0.06,-0.20
13/04/2024,13:30,[13:15-13:30[,S,F,F,C,C,-0.06,-0.20
13/04/2024,13:45,[13:30-13:45[,S,F,F,C,C,-0.06,-0.20
13/04/2024,14:00,[13:45-14:00[,S,F,F,C,C,-0.06,-0.20
13/04/2024,14:15,[14:00-14:15[,S,F,V,C,V,-0.06,-0.40
13/04/2024,14:30,[14:15-14:30[,S,F,V,C,V,-0.06,-0.40
13/04/2024,14:45,[14:30-14:45[,S,F,V,C,V,-0.06,-0.40
13/04/2024,15:00,[14:45-15:00[,S,F,V,C,V,-0.06,-0.40
13/04/2024,15:15,[15:00-15:15[,S,F,V,C,V,-0.06,-0.40
13/04/2024,15:30,[15:15-15:30[,S,F,V,C,V,-0.06,-0.40
13/04/2024,15:45,[15:30-15:45[,S,F,V,C,V,-0.06,-0.40
13/04/2024,16:00,[15:45-16:00[,S,F,V,C,V,-0.06,-0.40
13/04/2024,16:15,[16:00-16:15[,S,F,V,C,V,-0.06,-0.08
13/04/2024,16:30,[16:15-16:30[,S,F,V,C,V,-0.06,-0.08
13/04/2024,16:45,[16:30-16:45[,S,F,V,C,V,-0.06,-0.08
13/04/2024,17:00,[16:45-17:00[,S,F,V,C,V,-0.06,-0.08
13/04/2024,17:15,[17:00-17:15[,S,F,V,C,V,0.00,0.00
13/04/2024,17:30,[17:15-17:30[,S,F,V,C,V,0.00,0.00
13/04/2024,17:45,[17:30-17:45[,S,F,V,C,V,0.00,0.00
13/04/2024,18:00,[17:45-18:00[,S,F,V,C,V,0.00,0.00
13/04/2024,18:15,[18:00-18:15[,S,F,V,C,V,3.25,3.25
13/04/2024,18:30,[18:15-18:30[,S,F,V,C,V,3.25,3.25
13/04/2024,18:45,[18:30-18:45[,S,F,V,C,V,3.25,3.25
13/04/2024,19:00,[18:45-19:00[,S,F,V,C,V,3.25,3.25
13/04/2024,19:15,[19:00-19:15[,S,F,V,C,V,24.96,24.96
13/04/2024,19:30,[19:15-19:30[,S,F,V,C,V,24.96,24.96
13/04/2024,19:45,[19:30-19:45[,S,F,V,P,V,24.96,24.96
13/04/2024,20:00,[19:45-20:00[,S,F,V,P,V,24.96,24.96
13/04/2024,20:15,[20:00-20:15[,S,F,F,P,C,35.00,35.00
13/04/2024,20:30,[20:15-20:30[,S,F,F,P,C,35.00,35.00
13/04/2024,20:45,[20:30-20:45[,S,F,F,P,C,35.00,35.00
13/04/2024,21:00,[20:45-21:00[,S,F,F,P,C,35.00,35.00
13/04/2024,21:15,[21:00-21:15[,S,F,F,C,C,24.26,24.26
13/04/2024,21:30,[21:15-21:30[,S,F,F,C,C,24.26,24.26
13/04/2024,21:45,[21:30-21:45[,S,F,F,C,C,24.26,24.26
13/04/2024,22:00,[21:45-22:00[,S,F,F,C,C,24.26,24.26
13/04/2024,22:15,[22:00-22:15[,S,V,V,V,V,13.83,13.83
13/04/2024,22:30,[22:15-22:30[,S,V,V,V,V,13.83,13.83
13/04/2024,22:45,[22:30-22:45[,S,V,V,V,V,13.83,13.83
13/04/2024,23:00,[22:45-23:00[,S,V,V,V,V,13.83,13.83
13/04/2024,23:15,[23:00-23:15[,S,V,V,V,V,5.79,5.79
13/04/2024,23:30,[23:15-23:30[,S,V,V,V,V,5.79,5.79
13/04/2024,23:45,[23:30-23:45[,S,V,V,V,V,5.79,5.79
13/04/2024,23:59,[23:45-00:00[,S,V,V,V,V,5.79,5.79
14/04/2024,00:15,[00:00-00:15[,S,V,V,V,V,2.74,2.74
14/04/2024,00:30,[00:15-00:30[,S,V,V,V,V,2.74,2.74
14/04/2024,00:45,[00:30-00:45[,S,V,V,V,V,2.74,2.74
14/04/2024,01:00,[00:45-01:00[,S,V,V,V,V,2.74,2.74
14/04/2024,01:15,[01:00-01:15[,S,V,V,V,V,1.69,1.69
14/04/2024,01:30,[01:15-01:30[,S,V,V,V,V,1.69,1.69
14/04/2024,01:45,[01:30-01:45[,S,V,V,V,V,1.69,1.69
14/04/2024,02:00,[01:45-02:00[,S,V,V,V,V,1.69,1.69
14/04/2024,02:15,[02:00-02:15[,S,V,V,V,V,1.51,1.51
14/04/2024,02:30,[02:15-02:30[,S,V,V,V,V,1.51,1.51
14/04/2024,02:45,[02:30-02:45[,S,V,V,V,V,1.51,1.51
14/04/2024,03:00,[02:45-03:00[,S,V,V,V,V,1.51,1.51
14/04/2024,03:15,[03:00-03:15[,S,V,V,V,V,3.25,3.25
14/04/2024,03:30,[03:15-03:30[,S,V,V,V,V,3.25,3.25
14/04/2024,03:45,[03:30-03:45[,S,V,V,V,V,3.25,3.25
14/04/2024,04:00,[03:45-04:00[,S,V,V,V,V,3.25,3.25
14/04/2024,04:15,[04:00-04:15[,S,V,V,V,V,6.35,6.35
14/04/2024,04:30,[04:15-04:30[,S,V,V,V,V,6.35,6.35
14/04/2024,04:45,[04:30-04:45[,S,V,V,V,V,6.35,6.35
14/04/2024,05:00,[04:45-05:00[,S,V,V,V,V,6.35,6.35
14/04/2024,05:15,[05:00-05:15[,S,V,V,V,V,12.86,12.86
14/04/2024,05:30,[05:15-05:30[,S,V,V,V,V,12.86,12.86
14/04/2024,05:45,[05:30-05:45[,S,V,V,V,V,12.86,12.86
14/04/2024,06:00,[05:45-06:00[,S,V,V,V,V,12.86,12.86
14/04/2024,06:15,[06:00-06:15[,S,V,V,V,V,13.00,13.00
14/04/2024,06:30,[06:15-06:30[,S,V,V,V,V,13.00,13.00
14/04/2024,06:45,[06:30-06:45[,S,V,V,V,V,13.00,13.00
14/04/2024,07:00,[06:45-07:00[,S,V,V,V,V,13.00,13.00
14/04/2024,07:15,[07:00-07:15[,S,V,V,V,V,5.60,5.60
14/04/2024,07:30,[07:15-07:30[,S,V,V,V,V,5.60,5.60
14/04/2024,07:45,[07:30-07:45[,S,V,V,V,V,5.60,5.60
14/04/2024,08:00,[07:45-08:00[,S,V,V,V,V,5.60,5.60
14/04/2024,08:15,[08:00-08:15[,S,F,V,C,V,0.00,0.00
14/04/2024,08:30,[08:15-08:30[,S,F,V,C,V,0.00,0.00
14/04/2024,08:45,[08:30-08:45[,S,F,V,C,V,0.00,0.00
14/04/2024,09:00,[08:45-09:00[,S,F,V,C,V,0.00,0.00
14/04/2024,09:15,[09:00-09:15[,S,F,V,C,V,-0.53,-0.53
14/04/2024,09:30,[09:15-09:30[,S,F,V,C,V,-0.53,-0.53
14/04/2024,09:45,[09:30-09:45[,S,F,V,C,V,-0.53,-0.53
14/04/2024,10:00,[09:45-10:00[,S,F,V,C,V,-0.53,-0.53
14/04/2024,10:15,[10:00-10:15[,S,F,V,C,V,-0.55,-1.00
14/04/2024,10:30,[10:15-10:30[,S,F,V,C,V,-0.55,-1.00
14/04/2024,10:45,[10:30-10:45[,S,F,V,P,V,-0.55,-1.00
14/04/2024,11:00,[10:45-11:00[,S,F,V,P,V,-0.55,-1.00
14/04/2024,11:15,[11:00-11:15[,S,F,V,P,V,-0.50,-1.00
14/04/2024,11:30,[11:15-11:30[,S,F,V,P,V,-0.50,-1.00
14/04/2024,11:45,[11:30-11:45[,S,F,V,P,V,-0.50,-1.00
14/04/2024,12:00,[11:45-12:00[,S,F,V,P,V,-0.50,-1.00
14/04/2024,12:15,[12:00-12:15[,S,F,V,P,V,-0.44,-1.00
14/04/2024,12:30,[12:15-12:30[,S,F,V,P,V,-0.44,-1.00
14/04/2024,12:45,[12:30-12:45[,S,F,V,P,V,-0.44,-1.00
14/04/2024,13:00,[12:45-13:00[,S,F,V,P,V,-0.44,-1.00
14/04/2024,13:15,[13:00-13:15[,S,F,V,C,V,-0.55,-1.00
14/04/2024,13:30,[13:15-13:30[,S,F,V,C,V,-0.55,-1.00
14/04/2024,13:45,[13:30-13:45[,S,F,V,C,V,-0.55,-1.00
14/04/2024,14:00,[13:45-14:00[,S,F,V,C,V,-0.55,-1.00
14/04/2024,14:15,[14:00-14:15[,S,F,V,C,V,-0.57,-1.01
14/04/2024,14:30,[14:15-14:30[,S,F,V,C,V,-0.57,-1.01
14/04/2024,14:45,[14:30-14:45[,S,F,V,C,V,-0.57,-1.01
14/04/2024,15:00,[14:45-15:00[,S,F,V,C,V,-0.57,-1.01
14/04/2024,15:15,[15:00-15:15[,S,F,V,C,V,-0.60,-1.01
14/04/2024,15:30,[15:15-15:30[,S,F,V,C,V,-0.60,-1.01
14/04/2024,15:45,[15:30-15:45[,S,F,V,C,V,-0.60,-1.01
14/04/2024,16:00,[15:45-16:00[,S,F,V,C,V,-0.60,-1.01
14/04/2024,16:15,[16:00-16:15[,S,F,V,C,V,-0.25,-0.25
14/04/2024,16:30,[16:15-16:30[,S,F,V,C,V,-0.25,-0.25
14/04/2024,16:45,[16:30-16:45[,S,F,V,C,V,-0.25,-0.25
14/04/2024,17:00,[16:45-17:00[,S,F,V,C,V,-0.25,-0.25
14/04/2024,17:15,[17:00-17:15[,S,F,V,C,V,-0.02,-0.02
14/04/2024,17:30,[17:15-17:30[,S,F,V,C,V,-0.02,-0.02
14/04/2024,17:45,[17:30-17:45[,S,F,V,C,V,-0.02,-0.02
14/04/2024,18:00,[17:45-18:00[,S,F,V,C,V,-0.02,-0.02
14/04/2024,18:15,[18:00-18:15[,S,F,V,C,V,2.50,2.50
14/04/2024,18:30,[18:15-18:30[,S,F,V,C,V,2.50,2.50
14/04/2024,18:45,[18:30-18:45[,S,F,V,C,V,2.50,2.50
14/04/2024,19:00,[18:45-19:00[,S,F,V,C,V,2.50,2.50
14/04/2024,19:15,[19:00-19:15[,S,F,V,C,V,18.41,18.41
14/04/2024,19:30,[19:15-19:30[,S,F,V,C,V,18.41,18.41
14/04/2024,19:45,[19:30-19:45[,S,F,V,P,V,18.41,18.41
14/04/2024,20:00,[19:45-20:00[,S,F,V,P,V,18.41,18.41
14/04/2024,20:15,[20:00-20:15[,S,F,V,P,V,30.77,30.77
14/04/2024,20:30,[20:15-20:30[,S,F,V,P,V,30.77,30.77
14/04/2024,20:45,[20:30-20:45[,S,F,V,P,V,30.77,30.77
14/04/2024,21:00,[20:45-21:00[,S,F,V,P,V,30.77,30.77
14/04/2024,21:15,[21:00-21:15[,S,F,V,C,V,19.72,19.72
14/04/2024,21:30,[21:15-21:30[,S,F,V,C,V,19.72,19.72
14/04/2024,21:45,[21:30-21:45[,S,F,V,C,V,19.72,19.72
14/04/2024,22:00,[21:45-22:00[,S,F,V,C,V,19.72,19.72
14/04/2024,22:15,[22:00-22:15[,S,V,V,V,V,17.00,17.00
14/04/2024,22:30,[22:15-22:30[,S,V,V,V,V,17.00,17.00
14/04/2024,22:45,[22:30-22:45[,S,V,V,V,V,17.00,17.00
14/04/2024,23:00,[22:45-23:00[,S,V,V,V,V,17.00,17.00
14/04/2024,23:15,[23:00-23:15[,S,V,V,V,V,7.30,7.30
14/04/2024,23:30,[23:15-23:30[,S,V,V,V,V,7.30,7.30
14/04/2024,23:45,[23:30-23:45[,S,V,V,V,V,7.30,7.30
14/04/2024,23:59,[23:45-00:00[,S,V,V,V,V,7.30,7.30
15/04/2024,00:15,[00:00-00:15[,S,V,V,V,V,3.25,3.25
15/04/2024,00:30,[00:15-00:30[,S,V,V,V,V,3.25,3.25
15/04/2024,00:45,[00:30-00:45[,S,V,V,V,V,3.25,3.25
15/04/2024,01:00,[00:45-01:00[,S,V,V,V,V,3.25,3.25
15/04/2024,01:15,[01:00-01:15[,S,V,V,V,V,1.77,1.77
15/04/2024,01:30,[01:15-01:30[,S,V,V,V,V,1.77,1.77
15/04/2024,01:45,[01:30-01:45[,S,V,V,V,V,1.77,1.77
15/04/2024,02:00,[01:45-02:00[,S,V,V,V,V,1.77,1.77
15/04/2024,02:15,[02:00-02:15[,S,V,V,V,V,0.44,0.44
15/04/2024,02:30,[02:15-02:30[,S,V,V,V,V,0.44,0.44
15/04/2024,02:45,[02:30-02:45[,S,V,V,V,V,0.44,0.44
15/04/2024,03:00,[02:45-03:00[,S,V,V,V,V,0.44,0.44
15/04/2024,03:15,[03:00-03:15[,S,V,V,V,V,0.03,0.03
15/04/2024,03:30,[03:15-03:30[,S,V,V,V,V,0.03,0.03
15/04/2024,03:45,[03:30-03:45[,S,V,V,V,V,0.03,0.03
15/04/2024,04:00,[03:45-04:00[,S,V,V,V,V,0.03,0.03
15/04/2024,04:15,[04:00-04:15[,S,V,V,V,V,0.07,0.07
15/04/2024,04:30,[04:15-04:30[,S,V,V,V,V,0.07,0.07
15/04/2024,04:45,[04:30-04:45[,S,V,V,V,V,0.07,0.07
15/04/2024,05:00,[04:45-05:00[,S,V,V,V,V,0.07,0.07
15/04/2024,05:15,[05:00-05:15[,S,V,V,V,V,1.00,1.00
15/04/2024,05:30,[05:15-05:30[,S,V,V,V,V,1.00,1.00
15/04/2024,05:45,[05:30-05:45[,S,V,V,V,V,1.00,1.00
15/04/2024,06:00,[05:45-06:00[,S,V,V,V,V,1.00,1.00
15/04/2024,06:15,[06:00-06:15[,S,V,V,V,V,7.07,10.75
15/04/2024,06:30,[06:15-06:30[,S,V,V,V,V,7.07,10.75
15/04/2024,06:45,[06:30-06:45[,S,V,V,V,V,7.07,10.75
15/04/2024,07:00,[06:45-07:00[,S,V,V,V,V,7.07,10.75
15/04/2024,07:15,[07:00-07:15[,S,V,F,V,C,18.70,18.70
15/04/2024,07:30,[07:15-07:30[,S,V,F,V,C,18.70,18.70
15/04/2024,07:45,[07:30-07:45[,S,V,F,V,C,18.70,18.70
15/04/2024,08:00,[07:45-08:00[,S,V,F,V,C,18.70,18.70
15/04/2024,08:15,[08:00-08:15[,S,F,F,C,C,1.50,1.50
15/04/2024,08:30,[08:15-08:30[,S,F,F,C,C,1.50,1.50
15/04/2024,08:45,[08:30-08:45[,S,F,F,C,C,1.50,1.50
15/04/2024,09:00,[08:45-09:00[,S,F,F,C,C,1.50,1.50
15/04/2024,09:15,[09:00-09:15[,S,F,F,C,C,0.00,0.00
15/04/2024,09:30,[09:15-09:30[,S,F,F,C,P,0.00,0.00
15/04/2024,09:45,[09:30-09:45[,S,F,F,C,P,0.00,0.00
15/04/2024,10:00,[09:45-10:00[,S,F,F,C,P,0.00,0.00
15/04/2024,10:15,[10:00-10:15[,S,F,F,C,P,0.00,0.00
15/04/2024,10:30,[10:15-10:30[,S,F,F,C,P,0.00,0.00
15/04/2024,10:45,[10:30-10:45[,S,F,F,P,P,0.00,0.00
15/04/2024,11:00,[10:45-11:00[,S,F,F,P,P,0.00,0.00
15/04/2024,11:15,[11:00-11:15[,S,F,F,P,P,-0.01,-0.01
15/04/2024,11:30,[11:15-11:30[,S,F,F,P,P,-0.01,-0.01
15/04/2024,11:45,[11:30-11:45[,S,F,F,P,P,-0.01,-0.01
15/04/2024,12:00,[11:45-12:00[,S,F,F,P,P,-0.01,-0.01
15/04/2024,12:15,[12:00-12:15[,S,F,F,P,P,-0.04,-0.04
15/04/2024,12:30,[12:15-12:30[,S,F,F,P,C,-0.04,-0.04
15/04/2024,12:45,[12:30-12:45[,S,F,F,P,C,-0.04,-0.04
15/04/2024,13:00,[12:45-13:00[,S,F,F,P,C,-0.04,-0.04
15/04/2024,13:15,[13:00-13:15[,S,F,F,C,C,-0.10,-0.10
15/04/2024,13:30,[13:15-13:30[,S,F,F,C,C,-0.10,-0.10
15/04/2024,13:45,[13:30-13:45[,S,F,F,C,C,-0.10,-0.10
15/04/2024,14:00,[13:45-14:00[,S,F,F,C,C,-0.10,-0.10
15/04/2024,14:15,[14:00-14:15[,S,F,F,C,C,-0.32,-0.32
15/04/2024,14:30,[14:15-14:30[,S,F,F,C,C,-0.32,-0.32
15/04/2024,14:45,[14:30-14:45[,S,F,F,C,C,-0.32,-0.32
15/04/2024,15:00,[14:45-15:00[,S,F,F,C,C,-0.32,-0.32
15/04/2024,15:15,[15:00-15:15[,S,F,F,C,C,-0.63,-1.00
15/04/2024,15:30,[15:15-15:30[,S,F,F,C,C,-0.63,-1.00
15/04/2024,15:45,[15:30-15:45[,S,F,F,C,C,-0.63,-1.00
15/04/2024,16:00,[15:45-16:00[,S,F,F,C,C,-0.63,-1.00
15/04/2024,16:15,[16:00-16:15[,S,F,F,C,C,-0.09,-0.09
15/04/2024,16:30,[16:15-16:30[,S,F,F,C,C,-0.09,-0.09
15/04/2024,16:45,[16:30-16:45[,S,F,F,C,C,-0.09,-0.09
15/04/2024,17:00,[16:45-17:00[,S,F,F,C,C,-0.09,-0.09
15/04/2024,17:15,[17:00-17:15[,S,F,F,C,C,0.00,0.00
15/04/2024,17:30,[17:15-17:30[,S,F,F,C,C,0.00,0.00
15/04/2024,17:45,[17:30-17:45[,S,F,F,C,C,0.00,0.00
15/04/2024,18:00,[17:45-18:00[,S,F,F,C,C,0.00,0.00
15/04/2024,18:15,[18:00-18:15[,S,F,F,C,C,0.44,0.44
15/04/2024,18:30,[18:15-18:30[,S,F,F,C,C,0.44,0.44
15/04/2024,18:45,[18:30-18:45[,S,F,F,C,C,0.44,0.44
15/04/2024,19:00,[18:45-19:00[,S,F,F,C,C,0.44,0.44
15/04/2024,19:15,[19:00-19:15[,S,F,F,C,C,10.00,10.00
15/04/2024,19:30,[19:15-19:30[,S,F,F,C,C,10.00,10.00
15/04/2024,19:45,[19:30-19:45[,S,F,F,P,C,10.00,10.00
15/04/2024,20:00,[19:45-20:00[,S,F,F,P,C,10.00,10.00
15/04/2024,20:15,[20:00-20:15[,S,F,F,P,C,19.72,19.72
15/04/2024,20:30,[20:15-20:30[,S,F,F,P,C,19.72,19.72
15/04/2024,20:45,[20:30-20:45[,S,F,F,P,C,19.72,19.72
15/04/2024,21:00,[20:45-21:00[,S,F,F,P,C,19.72,19.72
15/04/2024,21:15,[21:00-21:15[,S,F,F,C,C,6.00,6.00
15/04/2024,21:30,[21:15-21:30[,S,F,F,C,C,6.00,6.00
15/04/2024,21:45,[21:30-21:45[,S,F,F,C,C,6.00,6.00
15/04/2024,22:00,[21:45-22:00[,S,F,F,C,C,6.00,6.00
15/04/2024,22:15,[22:00-22:15[,S,V,F,V,C,4.20,4.20
15/04/2024,22:30,[22:15-22:30[,S,V,F,V,C,4.20,4.20
15/04/2024,22:45,[22:30-22:45[,S,V,F,V,C,4.20,4.20
15/04/2024,23:00,[22:45-23:00[,S,V,F,V,C,4.20,4.20
15/04/2024,23:15,[23:00-23:15[,S,V,F,V,C,0.44,0.44
15/04/2024,23:30,[23:15-23:30[,S,V,F,V,C,0.44,0.44
15/04/2024,23:45,[23:30-23:45[,S,V,F,V,C,0.44,0.44
15/04/2024,23:59,[23:45-00:00[,S,V,F,V,C,0.44,0.44
16/04/2024,00:15,[00:00-00:15[,S,V,V,V,V,0.00,0.00
16/04/2024,00:30,[00:15-00:30[,S,V,V,V,V,0.00,0.00
16/04/2024,00:45,[00:30-00:45[,S,V,V,V,V,0.00,0.00
16/04/2024,01:00,[00:45-01:00[,S,V,V,V,V,0.00,0.00
16/04/2024,01:15,[01:00-01:15[,S,V,V,V,V,0.00,0.00
16/04/2024,01:30,[01:15-01:30[,S,V,V,V,V,0.00,0.00
16/04/2024,01:45,[01:30-01:45[,S,V,V,V,V,0.00,0.00
16/04/2024,02:00,[01:45-02:00[,S,V,V,V,V,0.00,0.00
16/04/2024,02:15,[02:00-02:15[,S,V,V,V,V,0.00,0.00
16/04/2024,02:30,[02:15-02:30[,S,V,V,V,V,0.00,0.00
16/04/2024,02:45,[02:30-02:45[,S,V,V,V,V,0.00,0.00
16/04/2024,03:00,[02:45-03:00[,S,V,V,V,V,0.00,0.00
16/04/2024,03:15,[03:00-03:15[,S,V,V,V,V,0.00,0.00
16/04/2024,03:30,[03:15-03:30[,S,V,V,V,V,0.00,0.00
16/04/2024,03:45,[03:30-03:45[,S,V,V,V,V,0.00,0.00
16/04/2024,04:00,[03:45-04:00[,S,V,V,V,V,0.00,0.00
16/04/2024,04:15,[04:00-04:15[,S,V,V,V,V,0.00,0.00
16/04/2024,04:30,[04:15-04:30[,S,V,V,V,V,0.00,0.00
16/04/2024,04:45,[04:30-04:45[,S,V,V,V,V,0.00,0.00
16/04/2024,05:00,[04:45-05:00[,S,V,V,V,V,0.00,0.00
16/04/2024,05:15,[05:00-05:15[,S,V,V,V,V,0.08,0.08
16/04/2024,05:30,[05:15-05:30[,S,V,V,V,V,0.08,0.08
16/04/2024,05:45,[05:30-05:45[,S,V,V,V,V,0.08,0.08
16/04/2024,06:00,[05:45-06:00[,S,V,V,V,V,0.08,0.08
16/04/2024,06:15,[06:00-06:15[,S,V,V,V,V,6.00,6.00
16/04/2024,06:30,[06:15-06:30[,S,V,V,V,V,6.00,6.00
16/04/2024,06:45,[06:30-06:45[,S,V,V,V,V,6.00,6.00
16/04/2024,07:00,[06:45-07:00[,S,V,V,V,V,6.00,6.00
16/04/2024,07:15,[07:00-07:15[,S,V,F,V,C,4.47,4.47
16/04/2024,07:30,[07:15-07:30[,S,V,F,V,C,4.47,4.47
16/04/2024,07:45,[07:30-07:45[,S,V,F,V,C,4.47,4.47
16/04/2024,08:00,[07:45-08:00[,S,V,F,V,C,4.47,4.47
16/04/2024,08:15,[08:00-08:15[,S,F,F,C,C,0.00,0.00
16/04/2024,08:30,[08:15-08:30[,S,F,F,C,C,0.00,0.00
16/04/2024,08:45,[08:30-08:45[,S,F,F,C,C,0.00,0.00
16/04/2024,09:00,[08:45-09:00[,S,F,F,C,C,0.00,0.00
16/04/2024,09:15,[09:00-09:15[,S,F,F,C,C,-0.01,-0.01
16/04/2024,09:30,[09:15-09:30[,S,F,F,C,P,-0.01,-0.01
16/04/2024,09:45,[09:30-09:45[,S,F,F,C,P,-0.01,-0.01
16/04/2024,10:00,[09:45-10:00[,S,F,F,C,P,-0.01,-0.01
16/04/2024,10:15,[10:00-10:15[,S,F,F,C,P,-0.01,-0.01
16/04/2024,10:30,[10:15-10:30[,S,F,F,C,P,-0.01,-0.01
16/04/2024,10:45,[10:30-10:45[,S,F,F,P,P,-0.01,-0.01
16/04/2024,11:00,[10:45-11:00[,S,F,F,P,P,-0.01,-0.01
16/04/2024,11:15,[11:00-11:15[,S,F,F,P,P,-0.03,-0.03
16/04/2024,11:30,[11:15-11:30[,S,F,F,P,P,-0.03,-0.03
16/04/2024,11:45,[11:30-11:45[,S,F,F,P,P,-0.03,-0.03
16/04/2024,12:00,[11:45-12:00[,S,F,F,P,P,-0.03,-0.03
16/04/2024,12:15,[12:00-12:15[,S,F,F,P,P,-0.10,-0.10
16/04/2024,12:30,[12:15-12:30[,S,F,F,P,C,-0.10,-0.10
16/04/2024,12:45,[12:30-12:45[,S,F,F,P,C,-0.10,-0.10
16/04/2024,13:00,[12:45-13:00[,S,F,F,P,C,-0.10,-0.10
16/04/2024,13:15,[13:00-13:15[,S,F,F,C,C,-0.10,-0.10
16/04/2024,13:30,[13:15-13:30[,S,F,F,C,C,-0.10,-0.10
16/04/2024,13:45,[13:30-13:45[,S,F,F,C,C,-0.10,-0.10
16/04/2024,14:00,[13:45-14:00[,S,F,F,C,C,-0.10,-0.10
16/04/2024,14:15,[14:00-14:15[,S,F,F,C,C,-0.10,-0.10
16/04/2024,14:30,[14:15-14:30[,S,F,F,C,C,-0.10,-0.10
16/04/2024,14:45,[14:30-14:45[,S,F,F,C,C,-0.10,-0.10
16/04/2024,15:00,[14:45-15:00[,S,F,F,C,C,-0.10,-0.10
16/04/2024,15:15,[15:00-15:15[,S,F,F,C,C,-0.13,-0.13
16/04/2024,15:30,[15:15-15:30[,S,F,F,C,C,-0.13,-0.13
16/04/2024,15:45,[15:30-15:45[,S,F,F,C,C,-0.13,-0.13
16/04/2024,16:00,[15:45-16:00[,S,F,F,C,C,-0.13,-0.13
16/04/2024,16:15,[16:00-16:15[,S,F,F,C,C,-0.10,-0.10
16/04/2024,16:30,[16:15-16:30[,S,F,F,C,C,-0.10,-0.10
16/04/2024,16:45,[16:30-16:45[,S,F,F,C,C,-0.10,-0.10
16/04/2024,17:00,[16:45-17:00[,S,F,F,C,C,-0.10,-0.10
16/04/2024,17:15,[17:00-17:15[,S,F,F,C,C,-0.01,-0.01
16/04/2024,17:30,[17:15-17:30[,S,F,F,C,C,-0.01,-0.01
16/04/2024,17:45,[17:30-17:45[,S,F,F,C,C,-0.01,-0.01
16/04/2024,18:00,[17:45-18:00[,S,F,F,C,C,-0.01,-0.01
16/04/2024,18:15,[18:00-18:15[,S,F,F,C,C,0.00,0.00
16/04/2024,18:30,[18:15-18:30[,S,F,F,C,C,0.00,0.00
16/04/2024,18:45,[18:30-18:45[,S,F,F,C,C,0.00,0.00
16/04/2024,19:00,[18:45-19:00[,S,F,F,C,C,0.00,0.00
16/04/2024,19:15,[19:00-19:15[,S,F,F,C,C,4.15,4.15
16/04/2024,19:30,[19:15-19:30[,S,F,F,C,C,4.15,4.15
16/04/2024,19:45,[19:30-19:45[,S,F,F,P,C,4.15,4.15
16/04/2024,20:00,[19:45-20:00[,S,F,F,P,C,4.15,4.15
16/04/2024,20:15,[20:00-20:15[,S,F,F,P,C,10.01,10.01
16/04/2024,20:30,[20:15-20:30[,S,F,F,P,C,10.01,10.01
16/04/2024,20:45,[20:30-20:45[,S,F,F,P,C,10.01,10.01
16/04/2024,21:00,[20:45-21:00[,S,F,F,P,C,10.01,10.01
16/04/2024,21:15,[21:00-21:15[,S,F,F,C,C,5.00,5.00
16/04/2024,21:30,[21:15-21:30[,S,F,F,C,C,5.00,5.00
16/04/2024,21:45,[21:30-21:45[,S,F,F,C,C,5.00,5.00
16/04/2024,22:00,[21:45-22:00[,S,F,F,C,C,5.00,5.00
16/04/2024,22:15,[22:00-22:15[,S,V,F,V,C,3.25,3.25
16/04/2024,22:30,[22:15-22:30[,S,V,F,V,C,3.25,3.25
16/04/2024,22:45,[22:30-22:45[,S,V,F,V,C,3.25,3.25
16/04/2024,23:00,[22:45-23:00[,S,V,F,V,C,3.25,3.25
16/04/2024,23:15,[23:00-23:15[,S,V,F,V,C,3.25,3.25
16/04/2024,23:30,[23:15-23:30[,S,V,F,V,C,3.25,3.25
16/04/2024,23:45,[23:30-23:45[,S,V,F,V,C,3.25,3.25
16/04/2024,23:59,[23:45-00:00[,S,V,F,V,C,3.25,3.25
17/04/2024,00:15,[00:00-00:15[,S,V,V,V,V,3.25,3.25
17/04/2024,00:30,[00:15-00:30[,S,V,V,V,V,3.25,3.25
17/04/2024,00:45,[00:30-00:45[,S,V,V,V,V,3.25,3.25
17/04/2024,01:00,[00:45-01:00[,S,V,V,V,V,3.25,3.25
17/04/2024,01:15,[01:00-01:15[,S,V,V,V,V,1.77,1.77
17/04/2024,01:30,[01:15-01:30[,S,V,V,V,V,1.77,1.77
17/04/2024,01:45,[01:30-01:45[,S,V,V,V,V,1.77,1.77
17/04/2024,02:00,[01:45-02:00[,S,V,V,V,V,1.77,1.77
17/04/2024,02:15,[02:00-02:15[,S,V,V,V,V,1.24,1.24
17/04/2024,02:30,[02:15-02:30[,S,V,V,V,V,1.24,1.24
17/04/2024,02:45,[02:30-02:45[,S,V,V,V,V,1.24,1.24
17/04/2024,03:00,[02:45-03:00[,S,V,V,V,V,1.24,1.24
17/04/2024,03:15,[03:00-03:15[,S,V,V,V,V,1.00,1.00
17/04/2024,03:30,[03:15-03:30[,S,V,V,V,V,1.00,1.00
17/04/2024,03:45,[03:30-03:45[,S,V,V,V,V,1.00,1.00
17/04/2024,04:00,[03:45-04:00[,S,V,V,V,V,1.00,1.00
17/04/2024,04:15,[04:00-04:15[,S,V,V,V,V,1.50,1.50
17/04/2024,04:30,[04:15-04:30[,S,V,V,V,V,1.50,1.50
17/04/2024,04:45,[04:30-04:45[,S,V,V,V,V,1.50,1.50
17/04/2024,05:00,[04:45-05:00[,S,V,V,V,V,1.50,1.50
17/04/2024,05:15,[05:00-05:15[,S,V,V,V,V,3.25,3.25
17/04/2024,05:30,[05:15-05:30[,S,V,V,V,V,3.25,3.25
17/04/2024,05:45,[05:30-05:45[,S,V,V,V,V,3.25,3.25
17/04/2024,06:00,[05:45-06:00[,S,V,V,V,V,3.25,3.25
17/04/2024,06:15,[06:00-06:15[,S,V,V,V,V,5.65,19.72
17/04/2024,06:30,[06:15-06:30[,S,V,V,V,V,5.65,19.72
17/04/2024,06:45,[06:30-06:45[,S,V,V,V,V,5.65,19.72
17/04/2024,07:00,[06:45-07:00[,S,V,V,V,V,5.65,19.72
17/04/2024,07:15,[07:00-07:15[,S,V,F,V,C,5.00,5.00
17/04/2024,07:30,[07:15-07:30[,S,V,F,V,C,5.00,5.00
17/04/2024,07:45,[07:30-07:45[,S,V,F,V,C,5.00,5.00
17/04/2024,08:00,[07:45-08:00[,S,V,F,V,C,5.00,5.00
17/04/2024,08:15,[08:00-08:15[,S,F,F,C,C,0.44,0.44
17/04/2024,08:30,[08:15-08:30[,S,F,F,C,C,0.44,0.44
17/04/2024,08:45,[08:30-08:45[,S,F,F,C,C,0.44,0.44
17/04/2024,09:00,[08:45-09:00[,S,F,F,C,C,0.44,0.44
17/04/2024,09:15,[09:00-09:15[,S,F,F,C,C,0.00,0.00
17/04/2024,09:30,[09:15-09:30[,S,F,F,C,P,0.00,0.00
17/04/2024,09:45,[09:30-09:45[,S,F,F,C,P,0.00,0.00
17/04/2024,10:00,[09:45-10:00[,S,F,F,C,P,0.00,0.00
17/04/2024,10:15,[10:00-10:15[,S,F,F,C,P,-0.01,-0.01
17/04/2024,10:30,[10:15-10:30[,S,F,F,C,P,-0.01,-0.01
17/04/2024,10:45,[10:30-10:45[,S,F,F,P,P,-0.01,-0.01
17/04/2024,11:00,[10:45-11:00[,S,F,F,P,P,-0.01,-0.01
17/04/2024,11:15,[11:00-11:15[,S,F,F,P,P,-0.02,-0.02
17/04/2024,11:30,[11:15-11:30[,S,F,F,P,P,-0.02,-0.02
17/04/2024,11:45,[11:30-11:45[,S,F,F,P,P,-0.02,-0.02
17/04/2024,12:00,[11:45-12:00[,S,F,F,P,P,-0.02,-0.02
17/04/2024,12:15,[12:00-12:15[,S,F,F,P,P,-0.03,-0.03
17/04/2024,12:30,[12:15-12:30[,S,F,F,P,C,-0.03,-0.03
17/04/2024,12:45,[12:30-12:45[,S,F,F,P,C,-0.03,-0.03
17/04/2024,13:00,[12:45-13:00[,S,F,F,P,C,-0.03,-0.03
17/04/2024,13:15,[13:00-13:15[,S,F,F,C,C,-0.05,-0.05
17/04/2024,13:30,[13:15-13:30[,S,F,F,C,C,-0.05,-0.05
17/04/2024,13:45,[13:30-13:45[,S,F,F,C,C,-0.05,-0.05
17/04/2024,14:00,[13:45-14:00[,S,F,F,C,C,-0.05,-0.05
17/04/2024,14:15,[14:00-14:15[,S,F,F,C,C,-0.05,-0.05
17/04/2024,14:30,[14:15-14:30[,S,F,F,C,C,-0.05,-0.05
17/04/2024,14:45,[14:30-14:45[,S,F,F,C,C,-0.05,-0.05
17/04/2024,15:00,[14:45-15:00[,S,F,F,C,C,-0.05,-0.05
17/04/2024,15:15,[15:00-15:15[,S,F,F,C,C,-0.03,-0.03
17/04/2024,15:30,[15:15-15:30[,S,F,F,C,C,-0.03,-0.03
17/04/2024,15:45,[15:30-15:45[,S,F,F,C,C,-0.03,-0.03
17/04/2024,16:00,[15:45-16:00[,S,F,F,C,C,-0.03,-0.03
17/04/2024,16:15,[16:00-16:15[,S,F,F,C,C,-0.01,-0.01
17/04/2024,16:30,[16:15-16:30[,S,F,F,C,C,-0.01,-0.01
17/04/2024,16:45,[16:30-16:45[,S,F,F,C,C,-0.01,-0.01
17/04/2024,17:00,[16:45-17:00[,S,F,F,C,C,-0.01,-0.01
17/04/2024,17:15,[17:00-17:15[,S,F,F,C,C,0.00,0.00
17/04/2024,17:30,[17:15-17:30[,S,F,F,C,C,0.00,0.00
17/04/2024,17:45,[17:30-17:45[,S,F,F,C,C,0.00,0.00
17/04/2024,18:00,[17:45-18:00[,S,F,F,C,C,0.00,0.00
17/04/2024,18:15,[18:00-18:15[,S,F,F,C,C,0.44,0.44
17/04/2024,18:30,[18:15-18:30[,S,F,F,C,C,0.44,0.44
17/04/2024,18:45,[18:30-18:45[,S,F,F,C,C,0.44,0.44
17/04/2024,19:00,[18:45-19:00[,S,F,F,C,C,0.44,0.44
17/04/2024,19:15,[19:00-19:15[,S,F,F,C,C,6.00,6.00
17/04/2024,19:30,[19:15-19:30[,S,F,F,C,C,6.00,6.00
17/04/2024,19:45,[19:30-19:45[,S,F,F,P,C,6.00,6.00
17/04/2024,20:00,[19:45-20:00[,S,F,F,P,C,6.00,6.00
17/04/2024,20:15,[20:00-20:15[,S,F,F,P,C,22.34,22.34
17/04/2024,20:30,[20:15-20:30[,S,F,F,P,C,22.34,22.34
17/04/2024,20:45,[20:30-20:45[,S,F,F,P,C,22.34,22.34
17/04/2024,21:00,[20:45-21:00[,S,F,F,P,C,22.34,22.34
17/04/2024,21:15,[21:00-21:15[,S,F,F,C,C,6.00,6.00
17/04/2024,21:30,[21:15-21:30[,S,F,F,C,C,6.00,6.00
17/04/2024,21:45,[21:30-21:45[,S,F,F,C,C,6.00,6.00
17/04/2024,22:00,[21:45-22:00[,S,F,F,C,C,6.00,6.00
17/04/2024,22:15,[22:00-22:15[,S,V,F,V,C,3.25,3.25
17/04/2024,22:30,[22:15-22:30[,S,V,F,V,C,3.25,3.25
17/04/2024,22:45,[22:30-22:45[,S,V,F,V,C,3.25,3.25
17/04/2024,23:00,[22:45-23:00[,S,V,F,V,C,3.25,3.25
17/04/2024,23:15,[23:00-23:15[,S,V,F,V,C,3.25,3.25
17/04/2024,23:30,[23:15-23:30[,S,V,F,V,C,3.25,3.25
17/04/2024,23:45,[23:30-23:45[,S,V,F,V,C,3.25,3.25
17/04/2024,23:59,[23:45-00:00[,S,V,F,V,C,3.25,3.25
18/04/2024,00:15,[00:00-00:15[,S,V,V,V,V,2.90,2.90
18/04/2024,00:30,[00:15-00:30[,S,V,V,V,V,2.90,2.90
18/04/2024,00:45,[00:30-00:45[,S,V,V,V,V,2.90,2.90
18/04/2024,01:00,[00:45-01:00[,S,V,V,V,V,2.90,2.90
18/04/2024,01:15,[01:00-01:15[,S,V,V,V,V,2.20,2.20
18/04/2024,01:30,[01:15-01:30[,S,V,V,V,V,2.20,2.20
18/04/2024,01:45,[01:30-01:45[,S,V,V,V,V,2.20,2.20
18/04/2024,02:00,[01:45-02:00[,S,V,V,V,V,2.20,2.20
18/04/2024,02:15,[02:00-02:15[,S,V,V,V,V,2.00,2.00
18/04/2024,02:30,[02:15-02:30[,S,V,V,V,V,2.00,2.00
18/04/2024,02:45,[02:30-02:45[,S,V,V,V,V,2.00,2.00
18/04/2024,03:00,[02:45-03:00[,S,V,V,V,V,2.00,2.00
18/04/2024,03:15,[03:00-03:15[,S,V,V,V,V,1.77,1.77
18/04/2024,03:30,[03:15-03:30[,S,V,V,V,V,1.77,1.77
18/04/2024,03:45,[03:30-03:45[,S,V,V,V,V,1.77,1.77
18/04/2024,04:00,[03:45-04:00[,S,V,V,V,V,1.77,1.77
18/04/2024,04:15,[04:00-04:15[,S,V,V,V,V,2.00,2.00
18/04/2024,04:30,[04:15-04:30[,S,V,V,V,V,2.00,2.00
18/04/2024,04:45,[04:30-04:45[,S,V,V,V,V,2.00,2.00
18/04/2024,05:00,[04:45-05:00[,S,V,V,V,V,2.00,2.00
18/04/2024,05:15,[05:00-05:15[,S,V,V,V,V,3.25,3.25
18/04/2024,05:30,[05:15-05:30[,S,V,V,V,V,3.25,3.25
18/04/2024,05:45,[05:30-05:45[,S,V,V,V,V,3.25,3.25
18/04/2024,06:00,[05:45-06:00[,S,V,V,V,V,3.25,3.25
18/04/2024,06:15,[06:00-06:15[,S,V,V,V,V,5.15,21.03
18/04/2024,06:30,[06:15-06:30[,S,V,V,V,V,5.15,21.03
18/04/2024,06:45,[06:30-06:45[,S,V,V,V,V,5.15,21.03
18/04/2024,07:00,[06:45-07:00[,S,V,V,V,V,5.15,21.03
18/04/2024,07:15,[07:00-07:15[,S,V,F,V,C,6.00,6.00
18/04/2024,07:30,[07:15-07:30[,S,V,F,V,C,6.00,6.00
18/04/2024,07:45,[07:30-07:45[,S,V,F,V,C,6.00,6.00
18/04/2024,08:00,[07:45-08:00[,S,V,F,V,C,6.00,6.00
18/04/2024,08:15,[08:00-08:15[,S,F,F,C,C,1.77,1.77
18/04/2024,08:30,[08:15-08:30[,S,F,F,C,C,1.77,1.77
18/04/2024,08:45,[08:30-08:45[,S,F,F,C,C,1.77,1.77
18/04/2024,09:00,[08:45-09:00[,S,F,F,C,C,1.77,1.77
18/04/2024,09:15,[09:00-09:15[,S,F,F,C,C,0.00,0.00
18/04/2024,09:30,[09:15-09:30[,S,F,F,C,P,0.00,0.00
18/04/2024,09:45,[09:30-09:45[,S,F,F,C,P,0.00,0.00
18/04/2024,10:00,[09:45-10:00[,S,F,F,C,P,0.00,0.00
18/04/2024,10:15,[10:00-10:15[,S,F,F,C,P,0.00,0.00
18/04/2024,10:30,[10:15-10:30[,S,F,F,C,P,0.00,0.00
18/04/2024,10:45,[10:30-10:45[,S,F,F,P,P,0.00,0.00
18/04/2024,11:00,[10:45-11:00[,S,F,F,P,P,0.00,0.00
18/04/2024,11:15,[11:00-11:15[,S,F,F,P,P,0.00,0.00
18/04/2024,11:30,[11:15-11:30[,S,F,F,P,P,0.00,0.00
18/04/2024,11:45,[11:30-11:45[,S,F,F,P,P,0.00,0.00
18/04/2024,12:00,[11:45-12:00[,S,F,F,P,P,0.00,0.00
18/04/2024,12:15,[12:00-12:15[,S,F,F,P,P,0.00,0.00
18/04/2024,12:30,[12:15-12:30[,S,F,F,P,C,0.00,0.00
18/04/2024,12:45,[12:30-12:45[,S,F,F,P,C,0.00,0.00
18/04/2024,13:00,[12:45-13:00[,S,F,F,P,C,0.00,0.00
18/04/2024,13:15,[13:00-13:15[,S,F,F,C,C,0.00,0.00
18/04/2024,13:30,[13:15-13:30[,S,F,F,C,C,0.00,0.00
18/04/2024,13:45,[13:30-13:45[,S,F,F,C,C,0.00,0.00
18/04/2024,14:00,[13:45-14:00[,S,F,F,C,C,0.00,0.00
18/04/2024,14:15,[14:00-14:15[,S,F,F,C,C,-0.01,-0.01
18/04/2024,14:30,[14:15-14:30[,S,F,F,C,C,-0.01,-0.01
18/04/2024,14:45,[14:30-14:45[,S,F,F,C,C,-0.01,-0.01
18/04/2024,15:00,[14:45-15:00[,S,F,F,C,C,-0.01,-0.01
18/04/2024,15:15,[15:00-15:15[,S,F,F,C,C,0.00,0.00
18/04/2024,15:30,[15:15-15:30[,S,F,F,C,C,0.00,0.00
18/04/2024,15:45,[15:30-15:45[,S,F,F,C,C,0.00,0.00
18/04/2024,16:00,[15:45-16:00[,S,F,F,C,C,0.00,0.00
18/04/2024,16:15,[16:00-16:15[,S,F,F,C,C,0.00,0.00
18/04/2024,16:30,[16:15-16:30[,S,F,F,C,C,0.00,0.00
18/04/2024,16:45,[16:30-16:45[,S,F,F,C,C,0.00,0.00
18/04/2024,17:00,[16:45-17:00[,S,F,F,C,C,0.00,0.00
18/04/2024,17:15,[17:00-17:15[,S,F,F,C,C,0.00,0.00
18/04/2024,17:30,[17:15-17:30[,S,F,F,C,C,0.00,0.00
18/04/2024,17:45,[17:30-17:45[,S,F,F,C,C,0.00,0.00
18/04/2024,18:00,[17:45-18:00[,S,F,F,C,C,0.00,0.00
18/04/2024,18:15,[18:00-18:15[,S,F,F,C,C,2.00,2.00
18/04/2024,18:30,[18:15-18:30[,S,F,F,C,C,2.00,2.00
18/04/2024,18:45,[18:30-18:45[,S,F,F,C,C,2.00,2.00
18/04/2024,19:00,[18:45-19:00[,S,F,F,C,C,2.00,2.00
18/04/2024,19:15,[19:00-19:15[,S,F,F,C,C,12.17,12.17
18/04/2024,19:30,[19:15-19:30[,S,F,F,C,C,12.17,12.17
18/04/2024,19:45,[19:30-19:45[,S,F,F,P,C,12.17,12.17
18/04/2024,20:00,[19:45-20:00[,S,F,F,P,C,12.17,12.17
18/04/2024,20:15,[20:00-20:15[,S,F,F,P,C,30.77,30.77
18/04/2024,20:30,[20:15-20:30[,S,F,F,P,C,30.77,30.77
18/04/2024,20:45,[20:30-20:45[,S,F,F,P,C,30.77,30.77
18/04/2024,21:00,[20:45-21:00[,S,F,F,P,C,30.77,30.77
18/04/2024,21:15,[21:00-21:15[,S,F,F,C,C,14.21,14.21
18/04/2024,21:30,[21:15-21:30[,S,F,F,C,C,14.21,14.21
18/04/2024,21:45,[21:30-21:45[,S,F,F,C,C,14.21,14.21
18/04/2024,22:00,[21:45-22:00[,S,F,F,C,C,14.21,14.21
18/04/2024,22:15,[22:00-22:15[,S,V,F,V,C,3.60,3.60
18/04/2024,22:30,[22:15-22:30[,S,V,F,V,C,3.60,3.60
18/04/2024,22:45,[22:30-22:45[,S,V,F,V,C,3.60,3.60
18/04/2024,23:00,[22:45-23:00[,S,V,F,V,C,3.60,3.60
18/04/2024,23:15,[23:00-23:15[,S,V,F,V,C,13.07,13.07
18/04/2024,23:30,[23:15-23:30[,S,V,F,V,C,13.07,13.07
18/04/2024,23:45,[23:30-23:45[,S,V,F,V,C,13.07,13.07
18/04/2024,23:59,[23:45-00:00[,S,V,F,V,C,13.07,13.07
19/04/2024,00:15,[00:00-00:15[,S,V,V,V,V,12.17,12.17
19/04/2024,00:30,[00:15-00:30[,S,V,V,V,V,12.17,12.17
19/04/2024,00:45,[00:30-00:45[,S,V,V,V,V,12.17,12.17
19/04/2024,01:00,[00:45-01:00[,S,V,V,V,V,12.17,12.17
19/04/2024,01:15,[01:00-01:15[,S,V,V,V,V,12.59,12.59
19/04/2024,01:30,[01:15-01:30[,S,V,V,V,V,12.59,12.59
19/04/2024,01:45,[01:30-01:45[,S,V,V,V,V,12.59,12.59
19/04/2024,02:00,[01:45-02:00[,S,V,V,V,V,12.59,12.59
19/04/2024,02:15,[02:00-02:15[,S,V,V,V,V,12.81,13.75
19/04/2024,02:30,[02:15-02:30[,S,V,V,V,V,12.81,13.75
19/04/2024,02:45,[02:30-02:45[,S,V,V,V,V,12.81,13.75
19/04/2024,03:00,[02:45-03:00[,S,V,V,V,V,12.81,13.75
19/04/2024,03:15,[03:00-03:15[,S,V,V,V,V,9.02,9.02
19/04/2024,03:30,[03:15-03:30[,S,V,V,V,V,9.02,9.02
19/04/2024,03:45,[03:30-03:45[,S,V,V,V,V,9.02,9.02
19/04/2024,04:00,[03:45-04:00[,S,V,V,V,V,9.02,9.02
19/04/2024,04:15,[04:00-04:15[,S,V,V,V,V,11.55,17.59
19/04/2024,04:30,[04:15-04:30[,S,V,V,V,V,11.55,17.59
19/04/2024,04:45,[04:30-04:45[,S,V,V,V,V,11.55,17.59
19/04/2024,05:00,[04:45-05:00[,S,V,V,V,V,11.55,17.59
19/04/2024,05:15,[05:00-05:15[,S,V,V,V,V,21.00,25.73
19/04/2024,05:30,[05:15-05:30[,S,V,V,V,V,21.00,25.73
19/04/2024,05:45,[05:30-05:45[,S,V,V,V,V,21.00,25.73
19/04/2024,06:00,[05:45-06:00[,S,V,V,V,V,21.00,25.73
19/04/2024,06:15,[06:00-06:15[,S,V,V,V,V,35.00,35.00
19/04/2024,06:30,[06:15-06:30[,S,V,V,V,V,35.00,35.00
19/04/2024,06:45,[06:30-06:45[,S,V,V,V,V,35.00,35.00
19/04/2024,07:00,[06:45-07:00[,S,V,V,V,V,35.00,35.00
19/04/2024,07:15,[07:00-07:15[,S,V,F,V,C,32.62,35.00
19/04/2024,07:30,[07:15-07:30[,S,V,F,V,C,32.62,35.00
19/04/2024,07:45,[07:30-07:45[,S,V,F,V,C,32.62,35.00
19/04/2024,08:00,[07:45-08:00[,S,V,F,V,C,32.62,35.00
19/04/2024,08:15,[08:00-08:15[,S,F,F,C,C,8.60,8.60
19/04/2024,08:30,[08:15-08:30[,S,F,F,C,C,8.60,8.60
19/04/2024,08:45,[08:30-08:45[,S,F,F,C,C,8.60,8.60
19/04/2024,09:00,[08:45-09:00[,S,F,F,C,C,8.60,8.60
19/04/2024,09:15,[09:00-09:15[,S,F,F,C,C,3.35,3.35
19/04/2024,09:30,[09:15-09:30[,S,F,F,C,P,3.35,3.35
19/04/2024,09:45,[09:30-09:45[,S,F,F,C,P,3.35,3.35
19/04/2024,10:00,[09:45-10:00[,S,F,F,C,P,3.35,3.35
19/04/2024,10:15,[10:00-10:15[,S,F,F,C,P,3.25,3.25
19/04/2024,10:30,[10:15-10:30[,S,F,F,C,P,3.25,3.25
19/04/2024,10:45,[10:30-10:45[,S,F,F,P,P,3.25,3.25
19/04/2024,11:00,[10:45-11:00[,S,F,F,P,P,3.25,3.25
19/04/2024,11:15,[11:00-11:15[,S,F,F,P,P,0.60,0.60
19/04/2024,11:30,[11:15-11:30[,S,F,F,P,P,0.60,0.60
19/04/2024,11:45,[11:30-11:45[,S,F,F,P,P,0.60,0.60
19/04/2024,12:00,[11:45-12:00[,S,F,F,P,P,0.60,0.60
19/04/2024,12:15,[12:00-12:15[,S,F,F,P,P,0.04,0.04
19/04/2024,12:30,[12:15-12:30[,S,F,F,P,C,0.04,0.04
19/04/2024,12:45,[12:30-12:45[,S,F,F,P,C,0.04,0.04
19/04/2024,13:00,[12:45-13:00[,S,F,F,P,C,0.04,0.04
19/04/2024,13:15,[13:00-13:15[,S,F,F,C,C,0.02,0.02
19/04/2024,13:30,[13:15-13:30[,S,F,F,C,C,0.02,0.02
19/04/2024,13:45,[13:30-13:45[,S,F,F,C,C,0.02,0.02
19/04/2024,14:00,[13:45-14:00[,S,F,F,C,C,0.02,0.02
19/04/2024,14:15,[14:00-14:15[,S,F,F,C,C,0.00,0.00
19/04/2024,14:30,[14:15-14:30[,S,F,F,C,C,0.00,0.00
19/04/2024,14:45,[14:30-14:45[,S,F,F,C,C,0.00,0.00
19/04/2024,15:00,[14:45-15:00[,S,F,F,C,C,0.00,0.00
19/04/2024,15:15,[15:00-15:15[,S,F,F,C,C,0.00,0.00
19/04/2024,15:30,[15:15-15:30[,S,F,F,C,C,0.00,0.00
19/04/2024,15:45,[15:30-15:45[,S,F,F,C,C,0.00,0.00
19/04/2024,16:00,[15:45-16:00[,S,F,F,C,C,0.00,0.00
19/04/2024,16:15,[16:00-16:15[,S,F,F,C,C,2.50,2.50
19/04/2024,16:30,[16:15-16:30[,S,F,F,C,C,2.50,2.50
19/04/2024,16:45,[16:30-16:45[,S,F,F,C,C,2.50,2.50
19/04/2024,17:00,[16:45-17:00[,S,F,F,C,C,2.50,2.50
19/04/2024,17:15,[17:00-17:15[,S,F,F,C,C,7.62,7.62
19/04/2024,17:30,[17:15-17:30[,S,F,F,C,C,7.62,7.62
19/04/2024,17:45,[17:30-17:45[,S,F,F,C,C,7.62,7.62
19/04/2024,18:00,[17:45-18:00[,S,F,F,C,C,7.62,7.62
19/04/2024,18:15,[18:00-18:15[,S,F,F,C,C,21.96,21.96
19/04/2024,18:30,[18:15-18:30[,S,F,F,C,C,21.96,21.96
19/04/2024,18:45,[18:30-18:45[,S,F,F,C,C,21.96,21.96
19/04/2024,19:00,[18:45-19:00[,S,F,F,C,C,21.96,21.96
19/04/2024,19:15,[19:00-19:15[,S,F,F,C,C,34.96,34.96
19/04/2024,19:30,[19:15-19:30[,S,F,F,C,C,34.96,34.96
19/04/2024,19:45,[19:30-19:45[,S,F,F,P,C,34.96,34.96
19/04/2024,20:00,[19:45-20:00[,S,F,F,P,C,34.96,34.96
19/04/2024,20:15,[20:00-20:15[,S,F,F,P,C,37.52,37.52
19/04/2024,20:30,[20:15-20:30[,S,F,F,P,C,37.52,37.52
19/04/2024,20:45,[20:30-20:45[,S,F,F,P,C,37.52,37.52
19/04/2024,21:00,[20:45-21:00[,S,F,F,P,C,37.52,37.52
19/04/2024,21:15,[21:00-21:15[,S,F,F,C,C,35.00,35.00
19/04/2024,21:30,[21:15-21:30[,S,F,F,C,C,35.00,35.00
19/04/2024,21:45,[21:30-21:45[,S,F,F,C,C,35.00,35.00
19/04/2024,22:00,[21:45-22:00[,S,F,F,C,C,35.00,35.00
19/04/2024,22:15,[22:00-22:15[,S,V,F,V,C,35.00,35.00
19/04/2024,22:30,[22:15-22:30[,S,V,F,V,C,35.00,35.00
19/04/2024,22:45,[22:30-22:45[,S,V,F,V,C,35.00,35.00
19/04/2024,23:00,[22:45-23:00[,S,V,F,V,C,35.00,35.00
19/04/2024,23:15,[23:00-23:15[,S,V,F,V,C,24.69,24.69
19/04/2024,23:30,[23:15-23:30[,S,V,F,V,C,24.69,24.69
19/04/2024,23:45,[23:30-23:45[,S,V,F,V,C,24.69,24.69
19/04/2024,23:59,[23:45-00:00[,S,V,F,V,C,24.69,24.69
20/04/2024,00:15,[00:00-00:15[,S,V,V,V,V,10.00,10.00
20/04/2024,00:30,[00:15-00:30[,S,V,V,V,V,10.00,10.00
20/04/2024,00:45,[00:30-00:45[,S,V,V,V,V,10.00,10.00
20/04/2024,01:00,[00:45-01:00[,S,V,V,V,V,10.00,10.00
20/04/2024,01:15,[01:00-01:15[,S,V,V,V,V,11.39,11.39
20/04/2024,01:30,[01:15-01:30[,S,V,V,V,V,11.39,11.39
20/04/2024,01:45,[01:30-01:45[,S,V,V,V,V,11.39,11.39
20/04/2024,02:00,[01:45-02:00[,S,V,V,V,V,11.39,11.39
20/04/2024,02:15,[02:00-02:15[,S,V,V,V,V,10.00,10.00
20/04/2024,02:30,[02:15-02:30[,S,V,V,V,V,10.00,10.00
20/04/2024,02:45,[02:30-02:45[,S,V,V,V,V,10.00,10.00
20/04/2024,03:00,[02:45-03:00[,S,V,V,V,V,10.00,10.00
20/04/2024,03:15,[03:00-03:15[,S,V,V,V,V,9.57,9.57
20/04/2024,03:30,[03:15-03:30[,S,V,V,V,V,9.57,9.57
20/04/2024,03:45,[03:30-03:45[,S,V,V,V,V,9.57,9.57
20/04/2024,04:00,[03:45-04:00[,S,V,V,V,V,9.57,9.57
20/04/2024,04:15,[04:00-04:15[,S,V,V,V,V,7.00,7.00
20/04/2024,04:30,[04:15-04:30[,S,V,V,V,V,7.00,7.00
20/04/2024,04:45,[04:30-04:45[,S,V,V,V,V,7.00,7.00
20/04/2024,05:00,[04:45-05:00[,S,V,V,V,V,7.00,7.00
20/04/2024,05:15,[05:00-05:15[,S,V,V,V,V,7.54,7.54
20/04/2024,05:30,[05:15-05:30[,S,V,V,V,V,7.54,7.54
20/04/2024,05:45,[05:30-05:45[,S,V,V,V,V,7.54,7.54
20/04/2024,06:00,[05:45-06:00[,S,V,V,V,V,7.54,7.54
20/04/2024,06:15,[06:00-06:15[,S,V,V,V,V,8.43,8.43
20/04/2024,06:30,[06:15-06:30[,S,V,V,V,V,8.43,8.43
20/04/2024,06:45,[06:30-06:45[,S,V,V,V,V,8.43,8.43
20/04/2024,07:00,[06:45-07:00[,S,V,V,V,V,8.43,8.43
20/04/2024,07:15,[07:00-07:15[,S,V,V,V,V,7.42,7.42
20/04/2024,07:30,[07:15-07:30[,S,V,V,V,V,7.42,7.42
20/04/2024,07:45,[07:30-07:45[,S,V,V,V,V,7.42,7.42
20/04/2024,08:00,[07:45-08:00[,S,V,V,V,V,7.42,7.42
20/04/2024,08:15,[08:00-08:15[,S,F,V,C,V,2.10,2.10
20/04/2024,08:30,[08:15-08:30[,S,F,V,C,V,2.10,2.10
20/04/2024,08:45,[08:30-08:45[,S,F,V,C,V,2.10,2.10
20/04/2024,09:00,[08:45-09:00[,S,F,V,C,V,2.10,2.10
20/04/2024,09:15,[09:00-09:15[,S,F,F,C,C,0.44,0.44
20/04/2024,09:30,[09:15-09:30[,S,F,F,C,C,0.44,0.44
20/04/2024,09:45,[09:30-09:45[,S,F,F,C,C,0.44,0.44
20/04/2024,10:00,[09:45-10:00[,S,F,F,C,C,0.44,0.44
20/04/2024,10:15,[10:00-10:15[,S,F,F,C,C,0.05,0.05
20/04/2024,10:30,[10:15-10:30[,S,F,F,C,C,0.05,0.05
20/04/2024,10:45,[10:30-10:45[,S,F,F,P,C,0.05,0.05
20/04/2024,11:00,[10:45-11:00[,S,F,F,P,C,0.05,0.05
20/04/2024,11:15,[11:00-11:15[,S,F,F,P,C,0.00,0.00
20/04/2024,11:30,[11:15-11:30[,S,F,F,P,C,0.00,0.00
20/04/2024,11:45,[11:30-11:45[,S,F,F,P,C,0.00,0.00
20/04/2024,12:00,[11:45-12:00[,S,F,F,P,C,0.00,0.00
20/04/2024,12:15,[12:00-12:15[,S,F,F,P,C,0.00,0.00
20/04/2024,12:30,[12:15-12:30[,S,F,F,P,C,0.00,0.00
20/04/2024,12:45,[12:30-12:45[,S,F,F,P,C,0.00,0.00
20/04/2024,13:00,[12:45-13:00[,S,F,F,P,C,0.00,0.00
20/04/2024,13:15,[13:00-13:15[,S,F,F,C,C,0.00,0.00
20/04/2024,13:30,[13:15-13:30[,S,F,F,C,C,0.00,0.00
20/04/2024,13:45,[13:30-13:45[,S,F,F,C,C,0.00,0.00
20/04/2024,14:00,[13:45-14:00[,S,F,F,C,C,0.00,0.00
20/04/2024,14:15,[14:00-14:15[,S,F,V,C,V,-0.04,-0.04
20/04/2024,14:30,[14:15-14:30[,S,F,V,C,V,-0.04,-0.04
20/04/2024,14:45,[14:30-14:45[,S,F,V,C,V,-0.04,-0.04
20/04/2024,15:00,[14:45-15:00[,S,F,V,C,V,-0.04,-0.04
20/04/2024,15:15,[15:00-15:15[,S,F,V,C,V,-0.01,-0.07
20/04/2024,15:30,[15:15-15:30[,S,F,V,C,V,-0.01,-0.07
20/04/2024,15:45,[15:30-15:45[,S,F,V,C,V,-0.01,-0.07
20/04/2024,16:00,[15:45-16:00[,S,F,V,C,V,-0.01,-0.07
20/04/2024,16:15,[16:00-16:15[,S,F,V,C,V,0.00,-0.01
20/04/2024,16:30,[16:15-16:30[,S,F,V,C,V,0.00,-0.01
20/04/2024,16:45,[16:30-16:45[,S,F,V,C,V,0.00,-0.01
20/04/2024,17:00,[16:45-17:00[,S,F,V,C,V,0.00,-0.01
20/04/2024,17:15,[17:00-17:15[,S,F,V,C,V,0.04,0.04
20/04/2024,17:30,[17:15-17:30[,S,F,V,C,V,0.04,0.04
20/04/2024,17:45,[17:30-17:45[,S,F,V,C,V,0.04,0.04
20/04/2024,18:00,[17:45-18:00[,S,F,V,C,V,0.04,0.04
20/04/2024,18:15,[18:00-18:15[,S,F,V,C,V,3.25,3.25
20/04/2024,18:30,[18:15-18:30[,S,F,V,C,V,3.25,3.25
20/04/2024,18:45,[18:30-18:45[,S,F,V,C,V,3.25,3.25
20/04/2024,19:00,[18:45-19:00[,S,F,V,C,V,3.25,3.25
20/04/2024,19:15,[19:00-19:15[,S,F,V,C,V,7.88,7.88
20/04/2024,19:30,[19:15-19:30[,S,F,V,C,V,7.88,7.88
20/04/2024,19:45,[19:30-19:45[,S,F,V,P,V,7.88,7.88
20/04/2024,20:00,[19:45-20:00[,S,F,V,P,V,7.88,7.88
20/04/2024,20:15,[20:00-20:15[,S,F,F,P,C,10.00,10.00
20/04/2024,20:30,[20:15-20:30[,S,F,F,P,C,10.00,10.00
20/04/2024,20:45,[20:30-20:45[,S,F,F,P,C,10.00,10.00
20/04/2024,21:00,[20:45-21:00[,S,F,F,P,C,10.00,10.00
20/04/2024,21:15,[21:00-21:15[,S,F,F,C,C,8.58,8.58
20/04/2024,21:30,[21:15-21:30[,S,F,F,C,C,8.58,8.58
20/04/2024,21:45,[21:30-21:45[,S,F,F,C,C,8.58,8.58
20/04/2024,22:00,[21:45-22:00[,S,F,F,C,C,8.58,8.58
20/04/2024,22:15,[22:00-22:15[,S,V,V,V,V,7.54,7.54
20/04/2024,22:30,[22:15-22:30[,S,V,V,V,V,7.54,7.54
20/04/2024,22:45,[22:30-22:45[,S,V,V,V,V,7.54,7.54
20/04/2024,23:00,[22:45-23:00[,S,V,V,V,V,7.54,7.54
20/04/2024,23:15,[23:00-23:15[,S,V,V,V,V,3.25,3.25
20/04/2024,23:30,[23:15-23:30[,S,V,V,V,V,3.25,3.25
20/04/2024,23:45,[23:30-23:45[,S,V,V,V,V,3.25,3.25
20/04/2024,23:59,[23:45-00:00[,S,V,V,V,V,3.25,3.25
21/04/2024,00:15,[00:00-00:15[,S,V,V,V,V,3.25,3.25
21/04/2024,00:30,[00:15-00:30[,S,V,V,V,V,3.25,3.25
21/04/2024,00:45,[00:30-00:45[,S,V,V,V,V,3.25,3.25
21/04/2024,01:00,[00:45-01:00[,S,V,V,V,V,3.25,3.25
21/04/2024,01:15,[01:00-01:15[,S,V,V,V,V,3.22,3.22
21/04/2024,01:30,[01:15-01:30[,S,V,V,V,V,3.22,3.22
21/04/2024,01:45,[01:30-01:45[,S,V,V,V,V,3.22,3.22
21/04/2024,02:00,[01:45-02:00[,S,V,V,V,V,3.22,3.22
21/04/2024,02:15,[02:00-02:15[,S,V,V,V,V,3.25,3.25
21/04/2024,02:30,[02:15-02:30[,S,V,V,V,V,3.25,3.25
21/04/2024,02:45,[02:30-02:45[,S,V,V,V,V,3.25,3.25
21/04/2024,03:00,[02:45-03:00[,S,V,V,V,V,3.25,3.25
21/04/2024,03:15,[03:00-03:15[,S,V,V,V,V,3.25,3.25
21/04/2024,03:30,[03:15-03:30[,S,V,V,V,V,3.25,3.25
21/04/2024,03:45,[03:30-03:45[,S,V,V,V,V,3.25,3.25
21/04/2024,04:00,[03:45-04:00[,S,V,V,V,V,3.25,3.25
21/04/2024,04:15,[04:00-04:15[,S,V,V,V,V,3.25,3.25
21/04/2024,04:30,[04:15-04:30[,S,V,V,V,V,3.25,3.25
21/04/2024,04:45,[04:30-04:45[,S,V,V,V,V,3.25,3.25
21/04/2024,05:00,[04:45-05:00[,S,V,V,V,V,3.25,3.25
21/04/2024,05:15,[05:00-05:15[,S,V,V,V,V,3.60,3.60
21/04/2024,05:30,[05:15-05:30[,S,V,V,V,V,3.60,3.60
21/04/2024,05:45,[05:30-05:45[,S,V,V,V,V,3.60,3.60
21/04/2024,06:00,[05:45-06:00[,S,V,V,V,V,3.60,3.60
21/04/2024,06:15,[06:00-06:15[,S,V,V,V,V,7.46,7.46
21/04/2024,06:30,[06:15-06:30[,S,V,V,V,V,7.46,7.46
21/04/2024,06:45,[06:30-06:45[,S,V,V,V,V,7.46,7.46
21/04/2024,07:00,[06:45-07:00[,S,V,V,V,V,7.46,7.46
21/04/2024,07:15,[07:00-07:15[,S,V,V,V,V,3.25,3.25
21/04/2024,07:30,[07:15-07:30[,S,V,V,V,V,3.25,3.25
21/04/2024,07:45,[07:30-07:45[,S,V,V,V,V,3.25,3.25
21/04/2024,08:00,[07:45-08:00[,S,V,V,V,V,3.25,3.25
21/04/2024,08:15,[08:00-08:15[,S,F,V,C,V,0.44,0.44
21/04/2024,08:30,[08:15-08:30[,S,F,V,C,V,0.44,0.44
21/04/2024,08:45,[08:30-08:45[,S,F,V,C,V,0.44,0.44
21/04/2024,09:00,[08:45-09:00[,S,F,V,C,V,0.44,0.44
21/04/2024,09:15,[09:00-09:15[,S,F,V,C,V,0.00,0.00
21/04/2024,09:30,[09:15-09:30[,S,F,V,C,V,0.00,0.00
21/04/2024,09:45,[09:30-09:45[,S,F,V,C,V,0.00,0.00
21/04/2024,10:00,[09:45-10:00[,S,F,V,C,V,0.00,0.00
21/04/2024,10:15,[10:00-10:15[,S,F,V,C,V,-0.01,-0.01
21/04/2024,10:30,[10:15-10:30[,S,F,V,C,V,-0.01,-0.01
21/04/2024,10:45,[10:30-10:45[,S,F,V,P,V,-0.01,-0.01
21/04/2024,11:00,[10:45-11:00[,S,F,V,P,V,-0.01,-0.01
21/04/2024,11:15,[11:00-11:15[,S,F,V,P,V,-0.07,-0.07
21/04/2024,11:30,[11:15-11:30[,S,F,V,P,V,-0.07,-0.07
21/04/2024,11:45,[11:30-11:45[,S,F,V,P,V,-0.07,-0.07
21/04/2024,12:00,[11:45-12:00[,S,F,V,P,V,-0.07,-0.07
21/04/2024,12:15,[12:00-12:15[,S,F,V,P,V,-0.01,-1.21
21/04/2024,12:30,[12:15-12:30[,S,F,V,P,V,-0.01,-1.21
21/04/2024,12:45,[12:30-12:45[,S,F,V,P,V,-0.01,-1.21
21/04/2024,13:00,[12:45-13:00[,S,F,V,P,V,-0.01,-1.21
21/04/2024,13:15,[13:00-13:15[,S,F,V,C,V,-0.01,-1.49
21/04/2024,13:30,[13:15-13:30[,S,F,V,C,V,-0.01,-1.49
21/04/2024,13:45,[13:30-13:45[,S,F,V,C,V,-0.01,-1.49
21/04/2024,14:00,[13:45-14:00[,S,F,V,C,V,-0.01,-1.49
21/04/2024,14:15,[14:00-14:15[,S,F,V,C,V,-0.10,-1.50
21/04/2024,14:30,[14:15-14:30[,S,F,V,C,V,-0.10,-1.50
21/04/2024,14:45,[14:30-14:45[,S,F,V,C,V,-0.10,-1.50
21/04/2024,15:00,[14:45-15:00[,S,F,V,C,V,-0.10,-1.50
21/04/2024,15:15,[15:00-15:15[,S,F,V,C,V,-0.10,-1.32
21/04/2024,15:30,[15:15-15:30[,S,F,V,C,V,-0.10,-1.32
21/04/2024,15:45,[15:30-15:45[,S,F,V,C,V,-0.10,-1.32
21/04/2024,16:00,[15:45-16:00[,S,F,V,C,V,-0.10,-1.32
21/04/2024,16:15,[16:00-16:15[,S,F,V,C,V,-0.10,-0.25
21/04/2024,16:30,[16:15-16:30[,S,F,V,C,V,-0.10,-0.25
21/04/2024,16:45,[16:30-16:45[,S,F,V,C,V,-0.10,-0.25
21/04/2024,17:00,[16:45-17:00[,S,F,V,C,V,-0.10,-0.25
21/04/2024,17:15,[17:00-17:15[,S,F,V,C,V,-0.01,-0.01
21/04/2024,17:30,[17:15-17:30[,S,F,V,C,V,-0.01,-0.01
21/04/2024,17:45,[17:30-17:45[,S,F,V,C,V,-0.01,-0.01
21/04/2024,18:00,[17:45-18:00[,S,F,V,C,V,-0.01,-0.01
21/04/2024,18:15,[18:00-18:15[,S,F,V,C,V,0.44,0.44
21/04/2024,18:30,[18:15-18:30[,S,F,V,C,V,0.44,0.44
21/04/2024,18:45,[18:30-18:45[,S,F,V,C,V,0.44,0.44
21/04/2024,19:00,[18:45-19:00[,S,F,V,C,V,0.44,0.44
21/04/2024,19:15,[19:00-19:15[,S,F,V,C,V,3.35,3.35
21/04/2024,19:30,[19:15-19:30[,S,F,V,C,V,3.35,3.35
21/04/2024,19:45,[19:30-19:45[,S,F,V,P,V,3.35,3.35
21/04/2024,20:00,[19:45-20:00[,S,F,V,P,V,3.35,3.35
21/04/2024,20:15,[20:00-20:15[,S,F,V,P,V,8.93,8.93
21/04/2024,20:30,[20:15-20:30[,S,F,V,P,V,8.93,8.93
21/04/2024,20:45,[20:30-20:45[,S,F,V,P,V,8.93,8.93
21/04/2024,21:00,[20:45-21:00[,S,F,V,P,V,8.93,8.93
21/04/2024,21:15,[21:00-21:15[,S,F,V,C,V,7.46,7.46
21/04/2024,21:30,[21:15-21:30[,S,F,V,C,V,7.46,7.46
21/04/2024,21:45,[21:30-21:45[,S,F,V,C,V,7.46,7.46
21/04/2024,22:00,[21:45-22:00[,S,F,V,C,V,7.46,7.46
21/04/2024,22:15,[22:00-22:15[,S,V,V,V,V,3.60,3.60
21/04/2024,22:30,[22:15-22:30[,S,V,V,V,V,3.60,3.60
21/04/2024,22:45,[22:30-22:45[,S,V,V,V,V,3.60,3.60
21/04/2024,23:00,[22:45-23:00[,S,V,V,V,V,3.60,3.60
21/04/2024,23:15,[23:00-23:15[,S,V,V,V,V,3.00,3.00
21/04/2024,23:30,[23:15-23:30[,S,V,V,V,V,3.00,3.00
21/04/2024,23:45,[23:30-23:45[,S,V,V,V,V,3.00,3.00
21/04/2024,23:59,[23:45-00:00[,S,V,V,V,V,3.00,3.00
22/04/2024,00:15,[00:00-00:15[,S,V,V,V,V,2.00,2.00
22/04/2024,00:30,[00:15-00:30[,S,V,V,V,V,2.00,2.00
22/04/2024,00:45,[00:30-00:45[,S,V,V,V,V,2.00,2.00
22/04/2024,01:00,[00:45-01:00[,S,V,V,V,V,2.00,2.00
22/04/2024,01:15,[01:00-01:15[,S,V,V,V,V,1.10,1.10
22/04/2024,01:30,[01:15-01:30[,S,V,V,V,V,1.10,1.10
22/04/2024,01:45,[01:30-01:45[,S,V,V,V,V,1.10,1.10
22/04/2024,02:00,[01:45-02:00[,S,V,V,V,V,1.10,1.10
22/04/2024,02:15,[02:00-02:15[,S,V,V,V,V,1.01,1.01
22/04/2024,02:30,[02:15-02:30[,S,V,V,V,V,1.01,1.01
22/04/2024,02:45,[02:30-02:45[,S,V,V,V,V,1.01,1.01
22/04/2024,03:00,[02:45-03:00[,S,V,V,V,V,1.01,1.01
22/04/2024,03:15,[03:00-03:15[,S,V,V,V,V,0.49,0.49
22/04/2024,03:30,[03:15-03:30[,S,V,V,V,V,0.49,0.49
22/04/2024,03:45,[03:30-03:45[,S,V,V,V,V,0.49,0.49
22/04/2024,04:00,[03:45-04:00[,S,V,V,V,V,0.49,0.49
22/04/2024,04:15,[04:00-04:15[,S,V,V,V,V,1.00,1.00
22/04/2024,04:30,[04:15-04:30[,S,V,V,V,V,1.00,1.00
22/04/2024,04:45,[04:30-04:45[,S,V,V,V,V,1.00,1.00
22/04/2024,05:00,[04:45-05:00[,S,V,V,V,V,1.00,1.00
22/04/2024,05:15,[05:00-05:15[,S,V,V,V,V,1.10,1.10
22/04/2024,05:30,[05:15-05:30[,S,V,V,V,V,1.10,1.10
22/04/2024,05:45,[05:30-05:45[,S,V,V,V,V,1.10,1.10
22/04/2024,06:00,[05:45-06:00[,S,V,V,V,V,1.10,1.10
22/04/2024,06:15,[06:00-06:15[,S,V,V,V,V,3.25,3.25
22/04/2024,06:30,[06:15-06:30[,S,V,V,V,V,3.25,3.25
22/04/2024,06:45,[06:30-06:45[,S,V,V,V,V,3.25,3.25
22/04/2024,07:00,[06:45-07:00[,S,V,V,V,V,3.25,3.25
22/04/2024,07:15,[07:00-07:15[,S,V,F,V,C,1.10,1.10
22/04/2024,07:30,[07:15-07:30[,S,V,F,V,C,1.10,1.10
22/04/2024,07:45,[07:30-07:45[,S,V,F,V,C,1.10,1.10
22/04/2024,08:00,[07:45-08:00[,S,V,F,V,C,1.10,1.10
22/04/2024,08:15,[08:00-08:15[,S,F,F,C,C,0.00,0.00
22/04/2024,08:30,[08:15-08:30[,S,F,F,C,C,0.00,0.00
22/04/2024,08:45,[08:30-08:45[,S,F,F,C,C,0.00,0.00
22/04/2024,09:00,[08:45-09:00[,S,F,F,C,C,0.00,0.00
22/04/2024,09:15,[09:00-09:15[,S,F,F,C,C,0.00,0.00
22/04/2024,09:30,[09:15-09:30[,S,F,F,C,P,0.00,0.00
22/04/2024,09:45,[09:30-09:45[,S,F,F,C,P,0.00,0.00
22/04/2024,10:00,[09:45-10:00[,S,F,F,C,P,0.00,0.00
22/04/2024,10:15,[10:00-10:15[,S,F,F,C,P,-0.01,-0.01
22/04/2024,10:30,[10:15-10:30[,S,F,F,C,P,-0.01,-0.01
22/04/2024,10:45,[10:30-10:45[,S,F,F,P,P,-0.01,-0.01
22/04/2024,11:00,[10:45-11:00[,S,F,F,P,P,-0.01,-0.01
22/04/2024,11:15,[11:00-11:15[,S,F,F,P,P,-0.03,-0.03
22/04/2024,11:30,[11:15-11:30[,S,F,F,P,P,-0.03,-0.03
22/04/2024,11:45,[11:30-11:45[,S,F,F,P,P,-0.03,-0.03
22/04/2024,12:00,[11:45-12:00[,S,F,F,P,P,-0.03,-0.03
22/04/2024,12:15,[12:00-12:15[,S,F,F,P,P,-0.05,-0.05
22/04/2024,12:30,[12:15-12:30[,S,F,F,P,C,-0.05,-0.05
22/04/2024,12:45,[12:30-12:45[,S,F,F,P,C,-0.05,-0.05
22/04/2024,13:00,[12:45-13:00[,S,F,F,P,C,-0.05,-0.05
22/04/2024,13:15,[13:00-13:15[,S,F,F,C,C,-0.10,-0.10
22/04/2024,13:30,[13:15-13:30[,S,F,F,C,C,-0.10,-0.10
22/04/2024,13:45,[13:30-13:45[,S,F,F,C,C,-0.10,-0.10
22/04/2024,14:00,[13:45-14:00[,S,F,F,C,C,-0.10,-0.10
22/04/2024,14:15,[14:00-14:15[,S,F,F,C,C,-0.25,-0.25
22/04/2024,14:30,[14:15-14:30[,S,F,F,C,C,-0.25,-0.25
22/04/2024,14:45,[14:30-14:45[,S,F,F,C,C,-0.25,-0.25
22/04/2024,15:00,[14:45-15:00[,S,F,F,C,C,-0.25,-0.25
22/04/2024,15:15,[15:00-15:15[,S,F,F,C,C,-0.30,-0.30
22/04/2024,15:30,[15:15-15:30[,S,F,F,C,C,-0.30,-0.30
22/04/2024,15:45,[15:30-15:45[,S,F,F,C,C,-0.30,-0.30
22/04/2024,16:00,[15:45-16:00[,S,F,F,C,C,-0.30,-0.30
22/04/2024,16:15,[16:00-16:15[,S,F,F,C,C,-0.10,-0.10
22/04/2024,16:30,[16:15-16:30[,S,F,F,C,C,-0.10,-0.10
22/04/2024,16:45,[16:30-16:45[,S,F,F,C,C,-0.10,-0.10
22/04/2024,17:00,[16:45-17:00[,S,F,F,C,C,-0.10,-0.10
22/04/2024,17:15,[17:00-17:15[,S,F,F,C,C,0.00,0.00
22/04/2024,17:30,[17:15-17:30[,S,F,F,C,C,0.00,0.00
22/04/2024,17:45,[17:30-17:45[,S,F,F,C,C,0.00,0.00
22/04/2024,18:00,[17:45-18:00[,S,F,F,C,C,0.00,0.00
22/04/2024,18:15,[18:00-18:15[,S,F,F,C,C,0.45,0.45
22/04/2024,18:30,[18:15-18:30[,S,F,F,C,C,0.45,0.45
22/04/2024,18:45,[18:30-18:45[,S,F,F,C,C,0.45,0.45
22/04/2024,19:00,[18:45-19:00[,S,F,F,C,C,0.45,0.45
22/04/2024,19:15,[19:00-19:15[,S,F,F,C,C,6.00,6.00
22/04/2024,19:30,[19:15-19:30[,S,F,F,C,C,6.00,6.00
22/04/2024,19:45,[19:30-19:45[,S,F,F,P,C,6.00,6.00
22/04/2024,20:00,[19:45-20:00[,S,F,F,P,C,6.00,6.00
22/04/2024,20:15,[20:00-20:15[,S,F,F,P,C,12.81,12.81
22/04/2024,20:30,[20:15-20:30[,S,F,F,P,C,12.81,12.81
22/04/2024,20:45,[20:30-20:45[,S,F,F,P,C,12.81,12.81
22/04/2024,21:00,[20:45-21:00[,S,F,F,P,C,12.81,12.81
22/04/2024,21:15,[21:00-21:15[,S,F,F,C,C,7.62,7.62
22/04/2024,21:30,[21:15-21:30[,S,F,F,C,C,7.62,7.62
22/04/2024,21:45,[21:30-21:45[,S,F,F,C,C,7.62,7.62
22/04/2024,22:00,[21:45-22:00[,S,F,F,C,C,7.62,7.62
22/04/2024,22:15,[22:00-22:15[,S,V,F,V,C,5.54,5.54
22/04/2024,22:30,[22:15-22:30[,S,V,F,V,C,5.54,5.54
22/04/2024,22:45,[22:30-22:45[,S,V,F,V,C,5.54,5.54
22/04/2024,23:00,[22:45-23:00[,S,V,F,V,C,5.54,5.54
22/04/2024,23:15,[23:00-23:15[,S,V,F,V,C,6.15,6.15
22/04/2024,23:30,[23:15-23:30[,S,V,F,V,C,6.15,6.15
22/04/2024,23:45,[23:30-23:45[,S,V,F,V,C,6.15,6.15
22/04/2024,23:59,[23:45-00:00[,S,V,F,V,C,6.15,6.15
23/04/2024,00:15,[00:00-00:15[,S,V,V,V,V,3.60,3.60
23/04/2024,00:30,[00:15-00:30[,S,V,V,V,V,3.60,3.60
23/04/2024,00:45,[00:30-00:45[,S,V,V,V,V,3.60,3.60
23/04/2024,01:00,[00:45-01:00[,S,V,V,V,V,3.60,3.60
23/04/2024,01:15,[01:00-01:15[,S,V,V,V,V,3.25,3.25
23/04/2024,01:30,[01:15-01:30[,S,V,V,V,V,3.25,3.25
23/04/2024,01:45,[01:30-01:45[,S,V,V,V,V,3.25,3.25
23/04/2024,02:00,[01:45-02:00[,S,V,V,V,V,3.25,3.25
23/04/2024,02:15,[02:00-02:15[,S,V,V,V,V,3.35,3.35
23/04/2024,02:30,[02:15-02:30[,S,V,V,V,V,3.35,3.35
23/04/2024,02:45,[02:30-02:45[,S,V,V,V,V,3.35,3.35
23/04/2024,03:00,[02:45-03:00[,S,V,V,V,V,3.35,3.35
23/04/2024,03:15,[03:00-03:15[,S,V,V,V,V,3.60,3.60
23/04/2024,03:30,[03:15-03:30[,S,V,V,V,V,3.60,3.60
23/04/2024,03:45,[03:30-03:45[,S,V,V,V,V,3.60,3.60
23/04/2024,04:00,[03:45-04:00[,S,V,V,V,V,3.60,3.60
23/04/2024,04:15,[04:00-04:15[,S,V,V,V,V,5.00,5.00
23/04/2024,04:30,[04:15-04:30[,S,V,V,V,V,5.00,5.00
23/04/2024,04:45,[04:30-04:45[,S,V,V,V,V,5.00,5.00
23/04/2024,05:00,[04:45-05:00[,S,V,V,V,V,5.00,5.00
23/04/2024,05:15,[05:00-05:15[,S,V,V,V,V,6.58,6.58
23/04/2024,05:30,[05:15-05:30[,S,V,V,V,V,6.58,6.58
23/04/2024,05:45,[05:30-05:45[,S,V,V,V,V,6.58,6.58
23/04/2024,06:00,[05:45-06:00[,S,V,V,V,V,6.58,6.58
23/04/2024,06:15,[06:00-06:15[,S,V,V,V,V,20.00,20.00
23/04/2024,06:30,[06:15-06:30[,S,V,V,V,V,20.00,20.00
23/04/2024,06:45,[06:30-06:45[,S,V,V,V,V,20.00,20.00
23/04/2024,07:00,[06:45-07:00[,S,V,V,V,V,20.00,20.00
23/04/2024,07:15,[07:00-07:15[,S,V,F,V,C,6.90,6.90
23/04/2024,07:30,[07:15-07:30[,S,V,F,V,C,6.90,6.90
23/04/2024,07:45,[07:30-07:45[,S,V,F,V,C,6.90,6.90
23/04/2024,08:00,[07:45-08:00[,S,V,F,V,C,6.90,6.90
23/04/2024,08:15,[08:00-08:15[,S,F,F,C,C,0.50,0.50
23/04/2024,08:30,[08:15-08:30[,S,F,F,C,C,0.50,0.50
23/04/2024,08:45,[08:30-08:45[,S,F,F,C,C,0.50,0.50
23/04/2024,09:00,[08:45-09:00[,S,F,F,C,C,0.50,0.50
23/04/2024,09:15,[09:00-09:15[,S,F,F,C,C,0.00,0.00
23/04/2024,09:30,[09:15-09:30[,S,F,F,C,P,0.00,0.00
23/04/2024,09:45,[09:30-09:45[,S,F,F,C,P,0.00,0.00
23/04/2024,10:00,[09:45-10:00[,S,F,F,C,P,0.00,0.00
23/04/2024,10:15,[10:00-10:15[,S,F,F,C,P,0.00,0.00
23/04/2024,10:30,[10:15-10:30[,S,F,F,C,P,0.00,0.00
23/04/2024,10:45,[10:30-10:45[,S,F,F,P,P,0.00,0.00
23/04/2024,11:00,[10:45-11:00[,S,F,F,P,P,0.00,0.00
23/04/2024,11:15,[11:00-11:15[,S,F,F,P,P,0.00,0.00
23/04/2024,11:30,[11:15-11:30[,S,F,F,P,P,0.00,0.00
23/04/2024,11:45,[11:30-11:45[,S,F,F,P,P,0.00,0.00
23/04/2024,12:00,[11:45-12:00[,S,F,F,P,P,0.00,0.00
23/04/2024,12:15,[12:00-12:15[,S,F,F,P,P,0.00,0.00
23/04/2024,12:30,[12:15-12:30[,S,F,F,P,C,0.00,0.00
23/04/2024,12:45,[12:30-12:45[,S,F,F,P,C,0.00,0.00
23/04/2024,13:00,[12:45-13:00[,S,F,F,P,C,0.00,0.00
23/04/2024,13:15,[13:00-13:15[,S,F,F,C,C,0.00,-0.01
23/04/2024,13:30,[13:15-13:30[,S,F,F,C,C,0.00,-0.01
23/04/2024,13:45,[13:30-13:45[,S,F,F,C,C,0.00,-0.01
23/04/2024,14:00,[13:45-14:00[,S,F,F,C,C,0.00,-0.01
23/04/2024,14:15,[14:00-14:15[,S,F,F,C,C,0.00,-0.01
23/04/2024,14:30,[14:15-14:30[,S,F,F,C,C,0.00,-0.01
23/04/2024,14:45,[14:30-14:45[,S,F,F,C,C,0.00,-0.01
23/04/2024,15:00,[14:45-15:00[,S,F,F,C,C,0.00,-0.01
23/04/2024,15:15,[15:00-15:15[,S,F,F,C,C,0.00,-0.01
23/04/2024,15:30,[15:15-15:30[,S,F,F,C,C,0.00,-0.01
23/04/2024,15:45,[15:30-15:45[,S,F,F,C,C,0.00,-0.01
23/04/2024,16:00,[15:45-16:00[,S,F,F,C,C,0.00,-0.01
23/04/2024,16:15,[16:00-16:15[,S,F,F,C,C,0.00,0.00
23/04/2024,16:30,[16:15-16:30[,S,F,F,C,C,0.00,0.00
23/04/2024,16:45,[16:30-16:45[,S,F,F,C,C,0.00,0.00
23/04/2024,17:00,[16:45-17:00[,S,F,F,C,C,0.00,0.00
23/04/2024,17:15,[17:00-17:15[,S,F,F,C,C,0.00,0.00
23/04/2024,17:30,[17:15-17:30[,S,F,F,C,C,0.00,0.00
23/04/2024,17:45,[17:30-17:45[,S,F,F,C,C,0.00,0.00
23/04/2024,18:00,[17:45-18:00[,S,F,F,C,C,0.00,0.00
23/04/2024,18:15,[18:00-18:15[,S,F,F,C,C,1.00,1.00
23/04/2024,18:30,[18:15-18:30[,S,F,F,C,C,1.00,1.00
23/04/2024,18:45,[18:30-18:45[,S,F,F,C,C,1.00,1.00
23/04/2024,19:00,[18:45-19:00[,S,F,F,C,C,1.00,1.00
23/04/2024,19:15,[19:00-19:15[,S,F,F,C,C,12.17,12.17
23/04/2024,19:30,[19:15-19:30[,S,F,F,C,C,12.17,12.17
23/04/2024,19:45,[19:30-19:45[,S,F,F,P,C,12.17,12.17
23/04/2024,20:00,[19:45-20:00[,S,F,F,P,C,12.17,12.17
23/04/2024,20:15,[20:00-20:15[,S,F,F,P,C,35.00,35.00
23/04/2024,20:30,[20:15-20:30[,S,F,F,P,C,35.00,35.00
23/04/2024,20:45,[20:30-20:45[,S,F,F,P,C,35.00,35.00
23/04/2024,21:00,[20:45-21:00[,S,F,F,P,C,35.00,35.00
23/04/2024,21:15,[21:00-21:15[,S,F,F,C,C,24.89,24.89
23/04/2024,21:30,[21:15-21:30[,S,F,F,C,C,24.89,24.89
23/04/2024,21:45,[21:30-21:45[,S,F,F,C,C,24.89,24.89
23/04/2024,22:00,[21:45-22:00[,S,F,F,C,C,24.89,24.89
23/04/2024,22:15,[22:00-22:15[,S,V,F,V,C,8.21,8.21
23/04/2024,22:30,[22:15-22:30[,S,V,F,V,C,8.21,8.21
23/04/2024,22:45,[22:30-22:45[,S,V,F,V,C,8.21,8.21
23/04/2024,23:00,[22:45-23:00[,S,V,F,V,C,8.21,8.21
23/04/2024,23:15,[23:00-23:15[,S,V,F,V,C,23.21,23.21
23/04/2024,23:30,[23:15-23:30[,S,V,F,V,C,23.21,23.21
23/04/2024,23:45,[23:30-23:45[,S,V,F,V,C,23.21,23.21
23/04/2024,23:59,[23:45-00:00[,S,V,F,V,C,23.21,23.21
24/04/2024,00:15,[00:00-00:15[,S,V,V,V,V,16.05,16.05
24/04/2024,00:30,[00:15-00:30[,S,V,V,V,V,16.05,16.05
24/04/2024,00:45,[00:30-00:45[,S,V,V,V,V,16.05,16.05
24/04/2024,01:00,[00:45-01:00[,S,V,V,V,V,16.05,16.05
24/04/2024,01:15,[01:00-01:15[,S,V,V,V,V,12.08,12.08
24/04/2024,01:30,[01:15-01:30[,S,V,V,V,V,12.08,12.08
24/04/2024,01:45,[01:30-01:45[,S,V,V,V,V,12.08,12.08
24/04/2024,02:00,[01:45-02:00[,S,V,V,V,V,12.08,12.08
24/04/2024,02:15,[02:00-02:15[,S,V,V,V,V,11.28,11.28
24/04/2024,02:30,[02:15-02:30[,S,V,V,V,V,11.28,11.28
24/04/2024,02:45,[02:30-02:45[,S,V,V,V,V,11.28,11.28
24/04/2024,03:00,[02:45-03:00[,S,V,V,V,V,11.28,11.28
24/04/2024,03:15,[03:00-03:15[,S,V,V,V,V,10.70,10.70
24/04/2024,03:30,[03:15-03:30[,S,V,V,V,V,10.70,10.70
24/04/2024,03:45,[03:30-03:45[,S,V,V,V,V,10.70,10.70
24/04/2024,04:00,[03:45-04:00[,S,V,V,V,V,10.70,10.70
24/04/2024,04:15,[04:00-04:15[,S,V,V,V,V,11.93,11.93
24/04/2024,04:30,[04:15-04:30[,S,V,V,V,V,11.93,11.93
24/04/2024,04:45,[04:30-04:45[,S,V,V,V,V,11.93,11.93
24/04/2024,05:00,[04:45-05:00[,S,V,V,V,V,11.93,11.93
24/04/2024,05:15,[05:00-05:15[,S,V,V,V,V,17.33,17.33
24/04/2024,05:30,[05:15-05:30[,S,V,V,V,V,17.33,17.33
24/04/2024,05:45,[05:30-05:45[,S,V,V,V,V,17.33,17.33
24/04/2024,06:00,[05:45-06:00[,S,V,V,V,V,17.33,17.33
24/04/2024,06:15,[06:00-06:15[,S,V,V,V,V,33.69,33.69
24/04/2024,06:30,[06:15-06:30[,S,V,V,V,V,33.69,33.69
24/04/2024,06:45,[06:30-06:45[,S,V,V,V,V,33.69,33.69
24/04/2024,07:00,[06:45-07:00[,S,V,V,V,V,33.69,33.69
24/04/2024,07:15,[07:00-07:15[,S,V,F,V,C,24.89,24.89
24/04/2024,07:30,[07:15-07:30[,S,V,F,V,C,24.89,24.89
24/04/2024,07:45,[07:30-07:45[,S,V,F,V,C,24.89,24.89
24/04/2024,08:00,[07:45-08:00[,S,V,F,V,C,24.89,24.89
24/04/2024,08:15,[08:00-08:15[,S,F,F,C,C,5.00,5.00
24/04/2024,08:30,[08:15-08:30[,S,F,F,C,C,5.00,5.00
24/04/2024,08:45,[08:30-08:45[,S,F,F,C,C,5.00,5.00
24/04/2024,09:00,[08:45-09:00[,S,F,F,C,C,5.00,5.00
24/04/2024,09:15,[09:00-09:15[,S,F,F,C,C,1.00,1.00
24/04/2024,09:30,[09:15-09:30[,S,F,F,C,P,1.00,1.00
24/04/2024,09:45,[09:30-09:45[,S,F,F,C,P,1.00,1.00
24/04/2024,10:00,[09:45-10:00[,S,F,F,C,P,1.00,1.00
24/04/2024,10:15,[10:00-10:15[,S,F,F,C,P,0.04,0.04
24/04/2024,10:30,[10:15-10:30[,S,F,F,C,P,0.04,0.04
24/04/2024,10:45,[10:30-10:45[,S,F,F,P,P,0.04,0.04
24/04/2024,11:00,[10:45-11:00[,S,F,F,P,P,0.04,0.04
24/04/2024,11:15,[11:00-11:15[,S,F,F,P,P,0.00,0.00
24/04/2024,11:30,[11:15-11:30[,S,F,F,P,P,0.00,0.00
24/04/2024,11:45,[11:30-11:45[,S,F,F,P,P,0.00,0.00
24/04/2024,12:00,[11:45-12:00[,S,F,F,P,P,0.00,0.00
24/04/2024,12:15,[12:00-12:15[,S,F,F,P,P,0.00,0.00
24/04/2024,12:30,[12:15-12:30[,S,F,F,P,C,0.00,0.00
24/04/2024,12:45,[12:30-12:45[,S,F,F,P,C,0.00,0.00
24/04/2024,13:00,[12:45-13:00[,S,F,F,P,C,0.00,0.00
24/04/2024,13:15,[13:00-13:15[,S,F,F,C,C,0.00,0.00
24/04/2024,13:30,[13:15-13:30[,S,F,F,C,C,0.00,0.00
24/04/2024,13:45,[13:30-13:45[,S,F,F,C,C,0.00,0.00
24/04/2024,14:00,[13:45-14:00[,S,F,F,C,C,0.00,0.00
24/04/2024,14:15,[14:00-14:15[,S,F,F,C,C,0.00,0.00
24/04/2024,14:30,[14:15-14:30[,S,F,F,C,C,0.00,0.00
24/04/2024,14:45,[14:30-14:45[,S,F,F,C,C,0.00,0.00
24/04/2024,15:00,[14:45-15:00[,S,F,F,C,C,0.00,0.00
24/04/2024,15:15,[15:00-15:15[,S,F,F,C,C,0.00,0.00
24/04/2024,15:30,[15:15-15:30[,S,F,F,C,C,0.00,0.00
24/04/2024,15:45,[15:30-15:45[,S,F,F,C,C,0.00,0.00
24/04/2024,16:00,[15:45-16:00[,S,F,F,C,C,0.00,0.00
24/04/2024,16:15,[16:00-16:15[,S,F,F,C,C,0.04,0.04
24/04/2024,16:30,[16:15-16:30[,S,F,F,C,C,0.04,0.04
24/04/2024,16:45,[16:30-16:45[,S,F,F,C,C,0.04,0.04
24/04/2024,17:00,[16:45-17:00[,S,F,F,C,C,0.04,0.04
24/04/2024,17:15,[17:00-17:15[,S,F,F,C,C,3.25,3.25
24/04/2024,17:30,[17:15-17:30[,S,F,F,C,C,3.25,3.25
24/04/2024,17:45,[17:30-17:45[,S,F,F,C,C,3.25,3.25
24/04/2024,18:00,[17:45-18:00[,S,F,F,C,C,3.25,3.25
24/04/2024,18:15,[18:00-18:15[,S,F,F,C,C,24.89,24.89
24/04/2024,18:30,[18:15-18:30[,S,F,F,C,C,24.89,24.89
24/04/2024,18:45,[18:30-18:45[,S,F,F,C,C,24.89,24.89
24/04/2024,19:00,[18:45-19:00[,S,F,F,C,C,24.89,24.89
24/04/2024,19:15,[19:00-19:15[,S,F,F,C,C,35.02,35.02
24/04/2024,19:30,[19:15-19:30[,S,F,F,C,C,35.02,35.02
24/04/2024,19:45,[19:30-19:45[,S,F,F,P,C,35.02,35.02
24/04/2024,20:00,[19:45-20:00[,S,F,F,P,C,35.02,35.02
24/04/2024,20:15,[20:00-20:15[,S,F,F,P,C,101.48,101.48
24/04/2024,20:30,[20:15-20:30[,S,F,F,P,C,101.48,101.48
24/04/2024,20:45,[20:30-20:45[,S,F,F,P,C,101.48,101.48
24/04/2024,21:00,[20:45-21:00[,S,F,F,P,C,101.48,101.48
24/04/2024,21:15,[21:00-21:15[,S,F,F,C,C,78.85,78.85
24/04/2024,21:30,[21:15-21:30[,S,F,F,C,C,78.85,78.85
24/04/2024,21:45,[21:30-21:45[,S,F,F,C,C,78.85,78.85
24/04/2024,22:00,[21:45-22:00[,S,F,F,C,C,78.85,78.85
24/04/2024,22:15,[22:00-22:15[,S,V,F,V,C,35.01,35.01
24/04/2024,22:30,[22:15-22:30[,S,V,F,V,C,35.01,35.01
24/04/2024,22:45,[22:30-22:45[,S,V,F,V,C,35.01,35.01
24/04/2024,23:00,[22:45-23:00[,S,V,F,V,C,35.01,35.01
24/04/2024,23:15,[23:00-23:15[,S,V,F,V,C,38.07,38.07
24/04/2024,23:30,[23:15-23:30[,S,V,F,V,C,38.07,38.07
24/04/2024,23:45,[23:30-23:45[,S,V,F,V,C,38.07,38.07
24/04/2024,23:59,[23:45-00:00[,S,V,F,V,C,38.07,38.07
25/04/2024,00:15,[00:00-00:15[,S,V,V,V,V,35.02,35.02
25/04/2024,00:30,[00:15-00:30[,S,V,V,V,V,35.02,35.02
25/04/2024,00:45,[00:30-00:45[,S,V,V,V,V,35.02,35.02
25/04/2024,01:00,[00:45-01:00[,S,V,V,V,V,35.02,35.02
25/04/2024,01:15,[01:00-01:15[,S,V,V,V,V,35.01,35.01
25/04/2024,01:30,[01:15-01:30[,S,V,V,V,V,35.01,35.01
25/04/2024,01:45,[01:30-01:45[,S,V,V,V,V,35.01,35.01
25/04/2024,02:00,[01:45-02:00[,S,V,V,V,V,35.01,35.01
25/04/2024,02:15,[02:00-02:15[,S,V,V,V,V,35.01,35.01
25/04/2024,02:30,[02:15-02:30[,S,V,V,V,V,35.01,35.01
25/04/2024,02:45,[02:30-02:45[,S,V,V,V,V,35.01,35.01
25/04/2024,03:00,[02:45-03:00[,S,V,V,V,V,35.01,35.01
25/04/2024,03:15,[03:00-03:15[,S,V,V,V,V,35.01,35.01
25/04/2024,03:30,[03:15-03:30[,S,V,V,V,V,35.01,35.01
25/04/2024,03:45,[03:30-03:45[,S,V,V,V,V,35.01,35.01
25/04/2024,04:00,[03:45-04:00[,S,V,V,V,V,35.01,35.01
25/04/2024,04:15,[04:00-04:15[,S,V,V,V,V,35.01,35.01
25/04/2024,04:30,[04:15-04:30[,S,V,V,V,V,35.01,35.01
25/04/2024,04:45,[04:30-04:45[,S,V,V,V,V,35.01,35.01
25/04/2024,05:00,[04:45-05:00[,S,V,V,V,V,35.01,35.01
25/04/2024,05:15,[05:00-05:15[,S,V,V,V,V,38.69,38.69
25/04/2024,05:30,[05:15-05:30[,S,V,V,V,V,38.69,38.69
25/04/2024,05:45,[05:30-05:45[,S,V,V,V,V,38.69,38.69
25/04/2024,06:00,[05:45-06:00[,S,V,V,V,V,38.69,38.69
25/04/2024,06:15,[06:00-06:15[,S,V,V,V,V,90.22,100.00
25/04/2024,06:30,[06:15-06:30[,S,V,V,V,V,90.22,100.00
25/04/2024,06:45,[06:30-06:45[,S,V,V,V,V,90.22,100.00
25/04/2024,07:00,[06:45-07:00[,S,V,V,V,V,90.22,100.00
25/04/2024,07:15,[07:00-07:15[,S,V,F,V,C,66.85,66.85
25/04/2024,07:30,[07:15-07:30[,S,V,F,V,C,66.85,66.85
25/04/2024,07:45,[07:30-07:45[,S,V,F,V,C,66.85,66.85
25/04/2024,08:00,[07:45-08:00[,S,V,F,V,C,66.85,66.85
25/04/2024,08:15,[08:00-08:15[,S,F,F,C,C,35.00,35.00
25/04/2024,08:30,[08:15-08:30[,S,F,F,C,C,35.00,35.00
25/04/2024,08:45,[08:30-08:45[,S,F,F,C,C,35.00,35.00
25/04/2024,09:00,[08:45-09:00[,S,F,F,C,C,35.00,35.00
25/04/2024,09:15,[09:00-09:15[,S,F,F,C,C,26.96,26.96
25/04/2024,09:30,[09:15-09:30[,S,F,F,C,P,26.96,26.96
25/04/2024,09:45,[09:30-09:45[,S,F,F,C,P,26.96,26.96
25/04/2024,10:00,[09:45-10:00[,S,F,F,C,P,26.96,26.96
25/04/2024,10:15,[10:00-10:15[,S,F,F,C,P,22.30,22.30
25/04/2024,10:30,[10:15-10:30[,S,F,F,C,P,22.30,22.30
25/04/2024,10:45,[10:30-10:45[,S,F,F,P,P,22.30,22.30
25/04/2024,11:00,[10:45-11:00[,S,F,F,P,P,22.30,22.30
25/04/2024,11:15,[11:00-11:15[,S,F,F,P,P,19.29,19.29
25/04/2024,11:30,[11:15-11:30[,S,F,F,P,P,19.29,19.29
25/04/2024,11:45,[11:30-11:45[,S,F,F,P,P,19.29,19.29
25/04/2024,12:00,[11:45-12:00[,S,F,F,P,P,19.29,19.29
25/04/2024,12:15,[12:00-12:15[,S,F,F,P,P,15.65,15.65
25/04/2024,12:30,[12:15-12:30[,S,F,F,P,C,15.65,15.65
25/04/2024,12:45,[12:30-12:45[,S,F,F,P,C,15.65,15.65
25/04/2024,13:00,[12:45-13:00[,S,F,F,P,C,15.65,15.65
25/04/2024,13:15,[13:00-13:15[,S,F,F,C,C,9.99,9.99
25/04/2024,13:30,[13:15-13:30[,S,F,F,C,C,9.99,9.99
25/04/2024,13:45,[13:30-13:45[,S,F,F,C,C,9.99,9.99
25/04/2024,14:00,[13:45-14:00[,S,F,F,C,C,9.99,9.99
25/04/2024,14:15,[14:00-14:15[,S,F,F,C,C,7.00,7.00
25/04/2024,14:30,[14:15-14:30[,S,F,F,C,C,7.00,7.00
25/04/2024,14:45,[14:30-14:45[,S,F,F,C,C,7.00,7.00
25/04/2024,15:00,[14:45-15:00[,S,F,F,C,C,7.00,7.00
25/04/2024,15:15,[15:00-15:15[,S,F,F,C,C,6.00,6.00
25/04/2024,15:30,[15:15-15:30[,S,F,F,C,C,6.00,6.00
25/04/2024,15:45,[15:30-15:45[,S,F,F,C,C,6.00,6.00
25/04/2024,16:00,[15:45-16:00[,S,F,F,C,C,6.00,6.00
25/04/2024,16:15,[16:00-16:15[,S,F,F,C,C,9.35,9.35
25/04/2024,16:30,[16:15-16:30[,S,F,F,C,C,9.35,9.35
25/04/2024,16:45,[16:30-16:45[,S,F,F,C,C,9.35,9.35
25/04/2024,17:00,[16:45-17:00[,S,F,F,C,C,9.35,9.35
25/04/2024,17:15,[17:00-17:15[,S,F,F,C,C,22.30,22.30
25/04/2024,17:30,[17:15-17:30[,S,F,F,C,C,22.30,22.30
25/04/2024,17:45,[17:30-17:45[,S,F,F,C,C,22.30,22.30
25/04/2024,18:00,[17:45-18:00[,S,F,F,C,C,22.30,22.30
25/04/2024,18:15,[18:00-18:15[,S,F,F,C,C,32.56,32.56
25/04/2024,18:30,[18:15-18:30[,S,F,F,C,C,32.56,32.56
25/04/2024,18:45,[18:30-18:45[,S,F,F,C,C,32.56,32.56
25/04/2024,19:00,[18:45-19:00[,S,F,F,C,C,32.56,32.56
25/04/2024,19:15,[19:00-19:15[,S,F,F,C,C,59.63,88.61
25/04/2024,19:30,[19:15-19:30[,S,F,F,C,C,59.63,88.61
25/04/2024,19:45,[19:30-19:45[,S,F,F,P,C,59.63,88.61
25/04/2024,20:00,[19:45-20:00[,S,F,F,P,C,59.63,88.61
25/04/2024,20:15,[20:00-20:15[,S,F,F,P,C,95.22,109.90
25/04/2024,20:30,[20:15-20:30[,S,F,F,P,C,95.22,109.90
25/04/2024,20:45,[20:30-20:45[,S,F,F,P,C,95.22,109.90
25/04/2024,21:00,[20:45-21:00[,S,F,F,P,C,95.22,109.90
25/04/2024,21:15,[21:00-21:15[,S,F,F,C,C,78.09,91.35
25/04/2024,21:30,[21:15-21:30[,S,F,F,C,C,78.09,91.35
25/04/2024,21:45,[21:30-21:45[,S,F,F,C,C,78.09,91.35
25/04/2024,22:00,[21:45-22:00[,S,F,F,C,C,78.09,91.35
25/04/2024,22:15,[22:00-22:15[,S,V,F,V,C,78.09,79.74
25/04/2024,22:30,[22:15-22:30[,S,V,F,V,C,78.09,79.74
25/04/2024,22:45,[22:30-22:45[,S,V,F,V,C,78.09,79.74
25/04/2024,23:00,[22:45-23:00[,S,V,F,V,C,78.09,79.74
25/04/2024,23:15,[23:00-23:15[,S,V,F,V,C,79.87,79.87
25/04/2024,23:30,[23:15-23:30[,S,V,F,V,C,79.87,79.87
25/04/2024,23:45,[23:30-23:45[,S,V,F,V,C,79.87,79.87
25/04/2024,23:59,[23:45-00:00[,S,V,F,V,C,79.87,79.87
26/04/2024,00:15,[00:00-00:15[,S,V,V,V,V,74.00,74.00
26/04/2024,00:30,[00:15-00:30[,S,V,V,V,V,74.00,74.00
26/04/2024,00:45,[00:30-00:45[,S,V,V,V,V,74.00,74.00
26/04/2024,01:00,[00:45-01:00[,S,V,V,V,V,74.00,74.00
26/04/2024,01:15,[01:00-01:15[,S,V,V,V,V,65.15,65.15
26/04/2024,01:30,[01:15-01:30[,S,V,V,V,V,65.15,65.15
26/04/2024,01:45,[01:30-01:45[,S,V,V,V,V,65.15,65.15
26/04/2024,02:00,[01:45-02:00[,S,V,V,V,V,65.15,65.15
26/04/2024,02:15,[02:00-02:15[,S,V,V,V,V,74.07,74.07
26/04/2024,02:30,[02:15-02:30[,S,V,V,V,V,74.07,74.07
26/04/2024,02:45,[02:30-02:45[,S,V,V,V,V,74.07,74.07
26/04/2024,03:00,[02:45-03:00[,S,V,V,V,V,74.07,74.07
26/04/2024,03:15,[03:00-03:15[,S,V,V,V,V,77.10,77.10
26/04/2024,03:30,[03:15-03:30[,S,V,V,V,V,77.10,77.10
26/04/2024,03:45,[03:30-03:45[,S,V,V,V,V,77.10,77.10
26/04/2024,04:00,[03:45-04:00[,S,V,V,V,V,77.10,77.10
26/04/2024,04:15,[04:00-04:15[,S,V,V,V,V,73.88,73.88
26/04/2024,04:30,[04:15-04:30[,S,V,V,V,V,73.88,73.88
26/04/2024,04:45,[04:30-04:45[,S,V,V,V,V,73.88,73.88
26/04/2024,05:00,[04:45-05:00[,S,V,V,V,V,73.88,73.88
26/04/2024,05:15,[05:00-05:15[,S,V,V,V,V,91.82,91.82
26/04/2024,05:30,[05:15-05:30[,S,V,V,V,V,91.82,91.82
26/04/2024,05:45,[05:30-05:45[,S,V,V,V,V,91.82,91.82
26/04/2024,06:00,[05:45-06:00[,S,V,V,V,V,91.82,91.82
26/04/2024,06:15,[06:00-06:15[,S,V,V,V,V,104.06,104.06
26/04/2024,06:30,[06:15-06:30[,S,V,V,V,V,104.06,104.06
26/04/2024,06:45,[06:30-06:45[,S,V,V,V,V,104.06,104.06
26/04/2024,07:00,[06:45-07:00[,S,V,V,V,V,104.06,104.06
26/04/2024,07:15,[07:00-07:15[,S,V,F,V,C,96.06,96.06
26/04/2024,07:30,[07:15-07:30[,S,V,F,V,C,96.06,96.06
26/04/2024,07:45,[07:30-07:45[,S,V,F,V,C,96.06,96.06
26/04/2024,08:00,[07:45-08:00[,S,V,F,V,C,96.06,96.06
26/04/2024,08:15,[08:00-08:15[,S,F,F,C,C,81.08,81.08
26/04/2024,08:30,[08:15-08:30[,S,F,F,C,C,81.08,81.08
26/04/2024,08:45,[08:30-08:45[,S,F,F,C,C,81.08,81.08
26/04/2024,09:00,[08:45-09:00[,S,F,F,C,C,81.08,81.08
26/04/2024,09:15,[09:00-09:15[,S,F,F,C,C,35.33,35.33
26/04/2024,09:30,[09:15-09:30[,S,F,F,C,P,35.33,35.33
26/04/2024,09:45,[09:30-09:45[,S,F,F,C,P,35.33,35.33
26/04/2024,10:00,[09:45-10:00[,S,F,F,C,P,35.33,35.33
26/04/2024,10:15,[10:00-10:15[,S,F,F,C,P,35.00,35.00
26/04/2024,10:30,[10:15-10:30[,S,F,F,C,P,35.00,35.00
26/04/2024,10:45,[10:30-10:45[,S,F,F,P,P,35.00,35.00
26/04/2024,11:00,[10:45-11:00[,S,F,F,P,P,35.00,35.00
26/04/2024,11:15,[11:00-11:15[,S,F,F,P,P,33.75,33.75
26/04/2024,11:30,[11:15-11:30[,S,F,F,P,P,33.75,33.75
26/04/2024,11:45,[11:30-11:45[,S,F,F,P,P,33.75,33.75
26/04/2024,12:00,[11:45-12:00[,S,F,F,P,P,33.75,33.75
26/04/2024,12:15,[12:00-12:15[,S,F,F,P,P,31.20,31.20
26/04/2024,12:30,[12:15-12:30[,S,F,F,P,C,31.20,31.20
26/04/2024,12:45,[12:30-12:45[,S,F,F,P,C,31.20,31.20
26/04/2024,13:00,[12:45-13:00[,S,F,F,P,C,31.20,31.20
26/04/2024,13:15,[13:00-13:15[,S,F,F,C,C,21.20,21.20
26/04/2024,13:30,[13:15-13:30[,S,F,F,C,C,21.20,21.20
26/04/2024,13:45,[13:30-13:45[,S,F,F,C,C,21.20,21.20
26/04/2024,14:00,[13:45-14:00[,S,F,F,C,C,21.20,21.20
26/04/2024,14:15,[14:00-14:15[,S,F,F,C,C,20.10,20.10
26/04/2024,14:30,[14:15-14:30[,S,F,F,C,C,20.10,20.10
26/04/2024,14:45,[14:30-14:45[,S,F,F,C,C,20.10,20.10
26/04/2024,15:00,[14:45-15:00[,S,F,F,C,C,20.10,20.10
26/04/2024,15:15,[15:00-15:15[,S,F,F,C,C,16.98,16.98
26/04/2024,15:30,[15:15-15:30[,S,F,F,C,C,16.98,16.98
26/04/2024,15:45,[15:30-15:45[,S,F,F,C,C,16.98,16.98
26/04/2024,16:00,[15:45-16:00[,S,F,F,C,C,16.98,16.98
26/04/2024,16:15,[16:00-16:15[,S,F,F,C,C,20.20,20.20
26/04/2024,16:30,[16:15-16:30[,S,F,F,C,C,20.20,20.20
26/04/2024,16:45,[16:30-16:45[,S,F,F,C,C,20.20,20.20
26/04/2024,17:00,[16:45-17:00[,S,F,F,C,C,20.20,20.20
26/04/2024,17:15,[17:00-17:15[,S,F,F,C,C,24.89,24.89
26/04/2024,17:30,[17:15-17:30[,S,F,F,C,C,24.89,24.89
26/04/2024,17:45,[17:30-17:45[,S,F,F,C,C,24.89,24.89
26/04/2024,18:00,[17:45-18:00[,S,F,F,C,C,24.89,24.89
26/04/2024,18:15,[18:00-18:15[,S,F,F,C,C,35.00,35.00
26/04/2024,18:30,[18:15-18:30[,S,F,F,C,C,35.00,35.00
26/04/2024,18:45,[18:30-18:45[,S,F,F,C,C,35.00,35.00
26/04/2024,19:00,[18:45-19:00[,S,F,F,C,C,35.00,35.00
26/04/2024,19:15,[19:00-19:15[,S,F,F,C,C,58.53,58.53
26/04/2024,19:30,[19:15-19:30[,S,F,F,C,C,58.53,58.53
26/04/2024,19:45,[19:30-19:45[,S,F,F,P,C,58.53,58.53
26/04/2024,20:00,[19:45-20:00[,S,F,F,P,C,58.53,58.53
26/04/2024,20:15,[20:00-20:15[,S,F,F,P,C,96.06,96.06
26/04/2024,20:30,[20:15-20:30[,S,F,F,P,C,96.06,96.06
26/04/2024,20:45,[20:30-20:45[,S,F,F,P,C,96.06,96.06
26/04/2024,21:00,[20:45-21:00[,S,F,F,P,C,96.06,96.06
26/04/2024,21:15,[21:00-21:15[,S,F,F,C,C,81.49,81.49
26/04/2024,21:30,[21:15-21:30[,S,F,F,C,C,81.49,81.49
26/04/2024,21:45,[21:30-21:45[,S,F,F,C,C,81.49,81.49
26/04/2024,22:00,[21:45-22:00[,S,F,F,C,C,81.49,81.49
26/04/2024,22:15,[22:00-22:15[,S,V,F,V,C,52.97,52.97
26/04/2024,22:30,[22:15-22:30[,S,V,F,V,C,52.97,52.97
26/04/2024,22:45,[22:30-22:45[,S,V,F,V,C,52.97,52.97
26/04/2024,23:00,[22:45-23:00[,S,V,F,V,C,52.97,52.97
26/04/2024,23:15,[23:00-23:15[,S,V,F,V,C,47.88,47.88
26/04/2024,23:30,[23:15-23:30[,S,V,F,V,C,47.88,47.88
26/04/2024,23:45,[23:30-23:45[,S,V,F,V,C,47.88,47.88
26/04/2024,23:59,[23:45-00:00[,S,V,F,V,C,47.88,47.88
27/04/2024,00:15,[00:00-00:15[,S,V,V,V,V,40.00,40.00
27/04/2024,00:30,[00:15-00:30[,S,V,V,V,V,40.00,40.00
27/04/2024,00:45,[00:30-00:45[,S,V,V,V,V,40.00,40.00
27/04/2024,01:00,[00:45-01:00[,S,V,V,V,V,40.00,40.00
27/04/2024,01:15,[01:00-01:15[,S,V,V,V,V,35.00,35.00
27/04/2024,01:30,[01:15-01:30[,S,V,V,V,V,35.00,35.00
27/04/2024,01:45,[01:30-01:45[,S,V,V,V,V,35.00,35.00
27/04/2024,02:00,[01:45-02:00[,S,V,V,V,V,35.00,35.00
27/04/2024,02:15,[02:00-02:15[,S,V,V,V,V,35.00,35.00
27/04/2024,02:30,[02:15-02:30[,S,V,V,V,V,35.00,35.00
27/04/2024,02:45,[02:30-02:45[,S,V,V,V,V,35.00,35.00
27/04/2024,03:00,[02:45-03:00[,S,V,V,V,V,35.00,35.00
27/04/2024,03:15,[03:00-03:15[,S,V,V,V,V,35.00,35.00
27/04/2024,03:30,[03:15-03:30[,S,V,V,V,V,35.00,35.00
27/04/2024,03:45,[03:30-03:45[,S,V,V,V,V,35.00,35.00
27/04/2024,04:00,[03:45-04:00[,S,V,V,V,V,35.00,35.00
27/04/2024,04:15,[04:00-04:15[,S,V,V,V,V,35.00,35.00
27/04/2024,04:30,[04:15-04:30[,S,V,V,V,V,35.00,35.00
27/04/2024,04:45,[04:30-04:45[,S,V,V,V,V,35.00,35.00
27/04/2024,05:00,[04:45-05:00[,S,V,V,V,V,35.00,35.00
27/04/2024,05:15,[05:00-05:15[,S,V,V,V,V,35.00,35.00
27/04/2024,05:30,[05:15-05:30[,S,V,V,V,V,35.00,35.00
27/04/2024,05:45,[05:30-05:45[,S,V,V,V,V,35.00,35.00
27/04/2024,06:00,[05:45-06:00[,S,V,V,V,V,35.00,35.00
27/04/2024,06:15,[06:00-06:15[,S,V,V,V,V,34.21,34.21
27/04/2024,06:30,[06:15-06:30[,S,V,V,V,V,34.21,34.21
27/04/2024,06:45,[06:30-06:45[,S,V,V,V,V,34.21,34.21
27/04/2024,07:00,[06:45-07:00[,S,V,V,V,V,34.21,34.21
27/04/2024,07:15,[07:00-07:15[,S,V,V,V,V,30.00,30.00
27/04/2024,07:30,[07:15-07:30[,S,V,V,V,V,30.00,30.00
27/04/2024,07:45,[07:30-07:45[,S,V,V,V,V,30.00,30.00
27/04/2024,08:00,[07:45-08:00[,S,V,V,V,V,30.00,30.00
27/04/2024,08:15,[08:00-08:15[,S,F,V,C,V,15.40,15.40
27/04/2024,08:30,[08:15-08:30[,S,F,V,C,V,15.40,15.40
27/04/2024,08:45,[08:30-08:45[,S,F,V,C,V,15.40,15.40
27/04/2024,09:00,[08:45-09:00[,S,F,V,C,V,15.40,15.40
27/04/2024,09:15,[09:00-09:15[,S,F,F,C,C,7.30,7.30
27/04/2024,09:30,[09:15-09:30[,S,F,F,C,C,7.30,7.30
27/04/2024,09:45,[09:30-09:45[,S,F,F,C,C,7.30,7.30
27/04/2024,10:00,[09:45-10:00[,S,F,F,C,C,7.30,7.30
27/04/2024,10:15,[10:00-10:15[,S,F,F,C,C,3.25,3.25
27/04/2024,10:30,[10:15-10:30[,S,F,F,C,C,3.25,3.25
27/04/2024,10:45,[10:30-10:45[,S,F,F,P,C,3.25,3.25
27/04/2024,11:00,[10:45-11:00[,S,F,F,P,C,3.25,3.25
27/04/2024,11:15,[11:00-11:15[,S,F,F,P,C,0.03,0.03
27/04/2024,11:30,[11:15-11:30[,S,F,F,P,C,0.03,0.03
27/04/2024,11:45,[11:30-11:45[,S,F,F,P,C,0.03,0.03
27/04/2024,12:00,[11:45-12:00[,S,F,F,P,C,0.03,0.03
27/04/2024,12:15,[12:00-12:15[,S,F,F,P,C,0.00,0.00
27/04/2024,12:30,[12:15-12:30[,S,F,F,P,C,0.00,0.00
27/04/2024,12:45,[12:30-12:45[,S,F,F,P,C,0.00,0.00
27/04/2024,13:00,[12:45-13:00[,S,F,F,P,C,0.00,0.00
27/04/2024,13:15,[13:00-13:15[,S,F,F,C,C,0.00,0.00
27/04/2024,13:30,[13:15-13:30[,S,F,F,C,C,0.00,0.00
27/04/2024,13:45,[13:30-13:45[,S,F,F,C,C,0.00,0.00
27/04/2024,14:00,[13:45-14:00[,S,F,F,C,C,0.00,0.00
27/04/2024,14:15,[14:00-14:15[,S,F,V,C,V,0.00,0.00
27/04/2024,14:30,[14:15-14:30[,S,F,V,C,V,0.00,0.00
27/04/2024,14:45,[14:30-14:45[,S,F,V,C,V,0.00,0.00
27/04/2024,15:00,[14:45-15:00[,S,F,V,C,V,0.00,0.00
27/04/2024,15:15,[15:00-15:15[,S,F,V,C,V,0.00,0.00
27/04/2024,15:30,[15:15-15:30[,S,F,V,C,V,0.00,0.00
27/04/2024,15:45,[15:30-15:45[,S,F,V,C,V,0.00,0.00
27/04/2024,16:00,[15:45-16:00[,S,F,V,C,V,0.00,0.00
27/04/2024,16:15,[16:00-16:15[,S,F,V,C,V,0.00,0.00
27/04/2024,16:30,[16:15-16:30[,S,F,V,C,V,0.00,0.00
27/04/2024,16:45,[16:30-16:45[,S,F,V,C,V,0.00,0.00
27/04/2024,17:00,[16:45-17:00[,S,F,V,C,V,0.00,0.00
27/04/2024,17:15,[17:00-17:15[,S,F,V,C,V,0.44,0.44
27/04/2024,17:30,[17:15-17:30[,S,F,V,C,V,0.44,0.44
27/04/2024,17:45,[17:30-17:45[,S,F,V,C,V,0.44,0.44
27/04/2024,18:00,[17:45-18:00[,S,F,V,C,V,0.44,0.44
27/04/2024,18:15,[18:00-18:15[,S,F,V,C,V,14.98,14.98
27/04/2024,18:30,[18:15-18:30[,S,F,V,C,V,14.98,14.98
27/04/2024,18:45,[18:30-18:45[,S,F,V,C,V,14.98,14.98
27/04/2024,19:00,[18:45-19:00[,S,F,V,C,V,14.98,14.98
27/04/2024,19:15,[19:00-19:15[,S,F,V,C,V,45.51,45.51
27/04/2024,19:30,[19:15-19:30[,S,F,V,C,V,45.51,45.51
27/04/2024,19:45,[19:30-19:45[,S,F,V,P,V,45.51,45.51
27/04/2024,20:00,[19:45-20:00[,S,F,V,P,V,45.51,45.51
27/04/2024,20:15,[20:00-20:15[,S,F,F,P,C,65.27,65.27
27/04/2024,20:30,[20:15-20:30[,S,F,F,P,C,65.27,65.27
27/04/2024,20:45,[20:30-20:45[,S,F,F,P,C,65.27,65.27
27/04/2024,21:00,[20:45-21:00[,S,F,F,P,C,65.27,65.27
27/04/2024,21:15,[21:00-21:15[,S,F,F,C,C,62.78,62.78
27/04/2024,21:30,[21:15-21:30[,S,F,F,C,C,62.78,62.78
27/04/2024,21:45,[21:30-21:45[,S,F,F,C,C,62.78,62.78
27/04/2024,22:00,[21:45-22:00[,S,F,F,C,C,62.78,62.78
27/04/2024,22:15,[22:00-22:15[,S,V,V,V,V,58.52,58.52
27/04/2024,22:30,[22:15-22:30[,S,V,V,V,V,58.52,58.52
27/04/2024,22:45,[22:30-22:45[,S,V,V,V,V,58.52,58.52
27/04/2024,23:00,[22:45-23:00[,S,V,V,V,V,58.52,58.52
27/04/2024,23:15,[23:00-23:15[,S,V,V,V,V,56.39,56.39
27/04/2024,23:30,[23:15-23:30[,S,V,V,V,V,56.39,56.39
27/04/2024,23:45,[23:30-23:45[,S,V,V,V,V,56.39,56.39
27/04/2024,23:59,[23:45-00:00[,S,V,V,V,V,56.39,56.39
28/04/2024,00:15,[00:00-00:15[,S,V,V,V,V,38.96,38.96
28/04/2024,00:30,[00:15-00:30[,S,V,V,V,V,38.96,38.96
28/04/2024,00:45,[00:30-00:45[,S,V,V,V,V,38.96,38.96
28/04/2024,01:00,[00:45-01:00[,S,V,V,V,V,38.96,38.96
28/04/2024,01:15,[01:00-01:15[,S,V,V,V,V,39.60,39.60
28/04/2024,01:30,[01:15-01:30[,S,V,V,V,V,39.60,39.60
28/04/2024,01:45,[01:30-01:45[,S,V,V,V,V,39.60,39.60
28/04/2024,02:00,[01:45-02:00[,S,V,V,V,V,39.60,39.60
28/04/2024,02:15,[02:00-02:15[,S,V,V,V,V,35.01,35.01
28/04/2024,02:30,[02:15-02:30[,S,V,V,V,V,35.01,35.01
28/04/2024,02:45,[02:30-02:45[,S,V,V,V,V,35.01,35.01
28/04/2024,03:00,[02:45-03:00[,S,V,V,V,V,35.01,35.01
28/04/2024,03:15,[03:00-03:15[,S,V,V,V,V,35.01,35.01
28/04/2024,03:30,[03:15-03:30[,S,V,V,V,V,35.01,35.01
28/04/2024,03:45,[03:30-03:45[,S,V,V,V,V,35.01,35.01
28/04/2024,04:00,[03:45-04:00[,S,V,V,V,V,35.01,35.01
28/04/2024,04:15,[04:00-04:15[,S,V,V,V,V,35.50,35.50
28/04/2024,04:30,[04:15-04:30[,S,V,V,V,V,35.50,35.50
28/04/2024,04:45,[04:30-04:45[,S,V,V,V,V,35.50,35.50
28/04/2024,05:00,[04:45-05:00[,S,V,V,V,V,35.50,35.50
28/04/2024,05:15,[05:00-05:15[,S,V,V,V,V,35.76,35.76
28/04/2024,05:30,[05:15-05:30[,S,V,V,V,V,35.76,35.76
28/04/2024,05:45,[05:30-05:45[,S,V,V,V,V,35.76,35.76
28/04/2024,06:00,[05:45-06:00[,S,V,V,V,V,35.76,35.76
28/04/2024,06:15,[06:00-06:15[,S,V,V,V,V,36.73,36.73
28/04/2024,06:30,[06:15-06:30[,S,V,V,V,V,36.73,36.73
28/04/2024,06:45,[06:30-06:45[,S,V,V,V,V,36.73,36.73
28/04/2024,07:00,[06:45-07:00[,S,V,V,V,V,36.73,36.73
28/04/2024,07:15,[07:00-07:15[,S,V,V,V,V,35.00,35.00
28/04/2024,07:30,[07:15-07:30[,S,V,V,V,V,35.00,35.00
28/04/2024,07:45,[07:30-07:45[,S,V,V,V,V,35.00,35.00
28/04/2024,08:00,[07:45-08:00[,S,V,V,V,V,35.00,35.00
28/04/2024,08:15,[08:00-08:15[,S,F,V,C,V,14.98,14.98
28/04/2024,08:30,[08:15-08:30[,S,F,V,C,V,14.98,14.98
28/04/2024,08:45,[08:30-08:45[,S,F,V,C,V,14.98,14.98
28/04/2024,09:00,[08:45-09:00[,S,F,V,C,V,14.98,14.98
28/04/2024,09:15,[09:00-09:15[,S,F,V,C,V,0.44,0.44
28/04/2024,09:30,[09:15-09:30[,S,F,V,C,V,0.44,0.44
28/04/2024,09:45,[09:30-09:45[,S,F,V,C,V,0.44,0.44
28/04/2024,10:00,[09:45-10:00[,S,F,V,C,V,0.44,0.44
28/04/2024,10:15,[10:00-10:15[,S,F,V,C,V,0.00,0.00
28/04/2024,10:30,[10:15-10:30[,S,F,V,C,V,0.00,0.00
28/04/2024,10:45,[10:30-10:45[,S,F,V,P,V,0.00,0.00
28/04/2024,11:00,[10:45-11:00[,S,F,V,P,V,0.00,0.00
28/04/2024,11:15,[11:00-11:15[,S,F,V,P,V,0.00,0.00
28/04/2024,11:30,[11:15-11:30[,S,F,V,P,V,0.00,0.00
28/04/2024,11:45,[11:30-11:45[,S,F,V,P,V,0.00,0.00
28/04/2024,12:00,[11:45-12:00[,S,F,V,P,V,0.00,0.00
28/04/2024,12:15,[12:00-12:15[,S,F,V,P,V,0.00,0.00
28/04/2024,12:30,[12:15-12:30[,S,F,V,P,V,0.00,0.00
28/04/2024,12:45,[12:30-12:45[,S,F,V,P,V,0.00,0.00
28/04/2024,13:00,[12:45-13:00[,S,F,V,P,V,0.00,0.00
28/04/2024,13:15,[13:00-13:15[,S,F,V,C,V,0.00,0.00
28/04/2024,13:30,[13:15-13:30[,S,F,V,C,V,0.00,0.00
28/04/2024,13:45,[13:30-13:45[,S,F,V,C,V,0.00,0.00
28/04/2024,14:00,[13:45-14:00[,S,F,V,C,V,0.00,0.00
28/04/2024,14:15,[14:00-14:15[,S,F,V,C,V,0.00,0.00
28/04/2024,14:30,[14:15-14:30[,S,F,V,C,V,0.00,0.00
28/04/2024,14:45,[14:30-14:45[,S,F,V,C,V,0.00,0.00
28/04/2024,15:00,[14:45-15:00[,S,F,V,C,V,0.00,0.00
28/04/2024,15:15,[15:00-15:15[,S,F,V,C,V,-0.01,-0.01
28/04/2024,15:30,[15:15-15:30[,S,F,V,C,V,-0.01,-0.01
28/04/2024,15:45,[15:30-15:45[,S,F,V,C,V,-0.01,-0.01
28/04/2024,16:00,[15:45-16:00[,S,F,V,C,V,-0.01,-0.01
28/04/2024,16:15,[16:00-16:15[,S,F,V,C,V,0.00,0.00
28/04/2024,16:30,[16:15-16:30[,S,F,V,C,V,0.00,0.00
28/04/2024,16:45,[16:30-16:45[,S,F,V,C,V,0.00,0.00
28/04/2024,17:00,[16:45-17:00[,S,F,V,C,V,0.00,0.00
28/04/2024,17:15,[17:00-17:15[,S,F,V,C,V,20.66,20.66
28/04/2024,17:30,[17:15-17:30[,S,F,V,C,V,20.66,20.66
28/04/2024,17:45,[17:30-17:45[,S,F,V,C,V,20.66,20.66
28/04/2024,18:00,[17:45-18:00[,S,F,V,C,V,20.66,20.66
28/04/2024,18:15,[18:00-18:15[,S,F,V,C,V,35.01,35.01
28/04/2024,18:30,[18:15-18:30[,S,F,V,C,V,35.01,35.01
28/04/2024,18:45,[18:30-18:45[,S,F,V,C,V,35.01,35.01
28/04/2024,19:00,[18:45-19:00[,S,F,V,C,V,35.01,35.01
28/04/2024,19:15,[19:00-19:15[,S,F,V,C,V,58.88,58.88
28/04/2024,19:30,[19:15-19:30[,S,F,V,C,V,58.88,58.88
28/04/2024,19:45,[19:30-19:45[,S,F,V,P,V,58.88,58.88
28/04/2024,20:00,[19:45-20:00[,S,F,V,P,V,58.88,58.88
28/04/2024,20:15,[20:00-20:15[,S,F,V,P,V,78.56,78.56
28/04/2024,20:30,[20:15-20:30[,S,F,V,P,V,78.56,78.56
28/04/2024,20:45,[20:30-20:45[,S,F,V,P,V,78.56,78.56
28/04/2024,21:00,[20:45-21:00[,S,F,V,P,V,78.56,78.56
28/04/2024,21:15,[21:00-21:15[,S,F,V,C,V,72.21,72.21
28/04/2024,21:30,[21:15-21:30[,S,F,V,C,V,72.21,72.21
28/04/2024,21:45,[21:30-21:45[,S,F,V,C,V,72.21,72.21
28/04/2024,22:00,[21:45-22:00[,S,F,V,C,V,72.21,72.21
28/04/2024,22:15,[22:00-22:15[,S,V,V,V,V,60.65,60.65
28/04/2024,22:30,[22:15-22:30[,S,V,V,V,V,60.65,60.65
28/04/2024,22:45,[22:30-22:45[,S,V,V,V,V,60.65,60.65
28/04/2024,23:00,[22:45-23:00[,S,V,V,V,V,60.65,60.65
28/04/2024,23:15,[23:00-23:15[,S,V,V,V,V,63.15,63.15
28/04/2024,23:30,[23:15-23:30[,S,V,V,V,V,63.15,63.15
28/04/2024,23:45,[23:30-23:45[,S,V,V,V,V,63.15,63.15
28/04/2024,23:59,[23:45-00:00[,S,V,V,V,V,63.15,63.15
29/04/2024,00:15,[00:00-00:15[,S,V,V,V,V,60.05,60.05
29/04/2024,00:30,[00:15-00:30[,S,V,V,V,V,60.05,60.05
29/04/2024,00:45,[00:30-00:45[,S,V,V,V,V,60.05,60.05
29/04/2024,01:00,[00:45-01:00[,S,V,V,V,V,60.05,60.05
29/04/2024,01:15,[01:00-01:15[,S,V,V,V,V,58.93,58.93
29/04/2024,01:30,[01:15-01:30[,S,V,V,V,V,58.93,58.93
29/04/2024,01:45,[01:30-01:45[,S,V,V,V,V,58.93,58.93
29/04/2024,02:00,[01:45-02:00[,S,V,V,V,V,58.93,58.93
29/04/2024,02:15,[02:00-02:15[,S,V,V,V,V,58.87,58.87
29/04/2024,02:30,[02:15-02:30[,S,V,V,V,V,58.87,58.87
29/04/2024,02:45,[02:30-02:45[,S,V,V,V,V,58.87,58.87
29/04/2024,03:00,[02:45-03:00[,S,V,V,V,V,58.87,58.87
29/04/2024,03:15,[03:00-03:15[,S,V,V,V,V,56.00,56.00
29/04/2024,03:30,[03:15-03:30[,S,V,V,V,V,56.00,56.00
29/04/2024,03:45,[03:30-03:45[,S,V,V,V,V,56.00,56.00
29/04/2024,04:00,[03:45-04:00[,S,V,V,V,V,56.00,56.00
29/04/2024,04:15,[04:00-04:15[,S,V,V,V,V,58.52,58.52
29/04/2024,04:30,[04:15-04:30[,S,V,V,V,V,58.52,58.52
29/04/2024,04:45,[04:30-04:45[,S,V,V,V,V,58.52,58.52
29/04/2024,05:00,[04:45-05:00[,S,V,V,V,V,58.52,58.52
29/04/2024,05:15,[05:00-05:15[,S,V,V,V,V,52.25,52.25
29/04/2024,05:30,[05:15-05:30[,S,V,V,V,V,52.25,52.25
29/04/2024,05:45,[05:30-05:45[,S,V,V,V,V,52.25,52.25
29/04/2024,06:00,[05:45-06:00[,S,V,V,V,V,52.25,52.25
29/04/2024,06:15,[06:00-06:15[,S,V,V,V,V,102.26,102.26
29/04/2024,06:30,[06:15-06:30[,S,V,V,V,V,102.26,102.26
29/04/2024,06:45,[06:30-06:45[,S,V,V,V,V,102.26,102.26
29/04/2024,07:00,[06:45-07:00[,S,V,V,V,V,102.26,102.26
29/04/2024,07:15,[07:00-07:15[,S,V,F,V,C,96.24,96.24
29/04/2024,07:30,[07:15-07:30[,S,V,F,V,C,96.24,96.24
29/04/2024,07:45,[07:30-07:45[,S,V,F,V,C,96.24,96.24
29/04/2024,08:00,[07:45-08:00[,S,V,F,V,C,96.24,96.24
29/04/2024,08:15,[08:00-08:15[,S,F,F,C,C,59.79,59.79
29/04/2024,08:30,[08:15-08:30[,S,F,F,C,C,59.79,59.79
29/04/2024,08:45,[08:30-08:45[,S,F,F,C,C,59.79,59.79
29/04/2024,09:00,[08:45-09:00[,S,F,F,C,C,59.79,59.79
29/04/2024,09:15,[09:00-09:15[,S,F,F,C,C,45.50,45.50
29/04/2024,09:30,[09:15-09:30[,S,F,F,C,P,45.50,45.50
29/04/2024,09:45,[09:30-09:45[,S,F,F,C,P,45.50,45.50
29/04/2024,10:00,[09:45-10:00[,S,F,F,C,P,45.50,45.50
29/04/2024,10:15,[10:00-10:15[,S,F,F,C,P,36.73,36.73
29/04/2024,10:30,[10:15-10:30[,S,F,F,C,P,36.73,36.73
29/04/2024,10:45,[10:30-10:45[,S,F,F,P,P,36.73,36.73
29/04/2024,11:00,[10:45-11:00[,S,F,F,P,P,36.73,36.73
29/04/2024,11:15,[11:00-11:15[,S,F,F,P,P,35.10,35.10
29/04/2024,11:30,[11:15-11:30[,S,F,F,P,P,35.10,35.10
29/04/2024,11:45,[11:30-11:45[,S,F,F,P,P,35.10,35.10
29/04/2024,12:00,[11:45-12:00[,S,F,F,P,P,35.10,35.10
29/04/2024,12:15,[12:00-12:15[,S,F,F,P,P,35.01,35.01
29/04/2024,12:30,[12:15-12:30[,S,F,F,P,C,35.01,35.01
29/04/2024,12:45,[12:30-12:45[,S,F,F,P,C,35.01,35.01
29/04/2024,13:00,[12:45-13:00[,S,F,F,P,C,35.01,35.01
29/04/2024,13:15,[13:00-13:15[,S,F,F,C,C,35.01,35.01
29/04/2024,13:30,[13:15-13:30[,S,F,F,C,C,35.01,35.01
29/04/2024,13:45,[13:30-13:45[,S,F,F,C,C,35.01,35.01
29/04/2024,14:00,[13:45-14:00[,S,F,F,C,C,35.01,35.01
29/04/2024,14:15,[14:00-14:15[,S,F,F,C,C,35.01,35.01
29/04/2024,14:30,[14:15-14:30[,S,F,F,C,C,35.01,35.01
29/04/2024,14:45,[14:30-14:45[,S,F,F,C,C,35.01,35.01
29/04/2024,15:00,[14:45-15:00[,S,F,F,C,C,35.01,35.01
29/04/2024,15:15,[15:00-15:15[,S,F,F,C,C,35.00,35.00
29/04/2024,15:30,[15:15-15:30[,S,F,F,C,C,35.00,35.00
29/04/2024,15:45,[15:30-15:45[,S,F,F,C,C,35.00,35.00
29/04/2024,16:00,[15:45-16:00[,S,F,F,C,C,35.00,35.00
29/04/2024,16:15,[16:00-16:15[,S,F,F,C,C,35.20,35.20
29/04/2024,16:30,[16:15-16:30[,S,F,F,C,C,35.20,35.20
29/04/2024,16:45,[16:30-16:45[,S,F,F,C,C,35.20,35.20
29/04/2024,17:00,[16:45-17:00[,S,F,F,C,C,35.20,35.20
29/04/2024,17:15,[17:00-17:15[,S,F,F,C,C,40.74,40.74
29/04/2024,17:30,[17:15-17:30[,S,F,F,C,C,40.74,40.74
29/04/2024,17:45,[17:30-17:45[,S,F,F,C,C,40.74,40.74
29/04/2024,18:00,[17:45-18:00[,S,F,F,C,C,40.74,40.74
29/04/2024,18:15,[18:00-18:15[,S,F,F,C,C,60.53,60.53
29/04/2024,18:30,[18:15-18:30[,S,F,F,C,C,60.53,60.53
29/04/2024,18:45,[18:30-18:45[,S,F,F,C,C,60.53,60.53
29/04/2024,19:00,[18:45-19:00[,S,F,F,C,C,60.53,60.53
29/04/2024,19:15,[19:00-19:15[,S,F,F,C,C,87.21,87.21
29/04/2024,19:30,[19:15-19:30[,S,F,F,C,C,87.21,87.21
29/04/2024,19:45,[19:30-19:45[,S,F,F,P,C,87.21,87.21
29/04/2024,20:00,[19:45-20:00[,S,F,F,P,C,87.21,87.21
29/04/2024,20:15,[20:00-20:15[,S,F,F,P,C,97.92,97.92
29/04/2024,20:30,[20:15-20:30[,S,F,F,P,C,97.92,97.92
29/04/2024,20:45,[20:30-20:45[,S,F,F,P,C,97.92,97.92
29/04/2024,21:00,[20:45-21:00[,S,F,F,P,C,97.92,97.92
29/04/2024,21:15,[21:00-21:15[,S,F,F,C,C,83.75,83.75
29/04/2024,21:30,[21:15-21:30[,S,F,F,C,C,83.75,83.75
29/04/2024,21:45,[21:30-21:45[,S,F,F,C,C,83.75,83.75
29/04/2024,22:00,[21:45-22:00[,S,F,F,C,C,83.75,83.75
29/04/2024,22:15,[22:00-22:15[,S,V,F,V,C,69.77,69.77
29/04/2024,22:30,[22:15-22:30[,S,V,F,V,C,69.77,69.77
29/04/2024,22:45,[22:30-22:45[,S,V,F,V,C,69.77,69.77
29/04/2024,23:00,[22:45-23:00[,S,V,F,V,C,69.77,69.77
29/04/2024,23:15,[23:00-23:15[,S,V,F,V,C,73.73,73.73
29/04/2024,23:30,[23:15-23:30[,S,V,F,V,C,73.73,73.73
29/04/2024,23:45,[23:30-23:45[,S,V,F,V,C,73.73,73.73
29/04/2024,23:59,[23:45-00:00[,S,V,F,V,C,73.73,73.73
30/04/2024,00:15,[00:00-00:15[,S,V,V,V,V,57.83,57.83
30/04/2024,00:30,[00:15-00:30[,S,V,V,V,V,57.83,57.83
30/04/2024,00:45,[00:30-00:45[,S,V,V,V,V,57.83,57.83
30/04/2024,01:00,[00:45-01:00[,S,V,V,V,V,57.83,57.83
30/04/2024,01:15,[01:00-01:15[,S,V,V,V,V,58.99,58.99
30/04/2024,01:30,[01:15-01:30[,S,V,V,V,V,58.99,58.99
30/04/2024,01:45,[01:30-01:45[,S,V,V,V,V,58.99,58.99
30/04/2024,02:00,[01:45-02:00[,S,V,V,V,V,58.99,58.99
30/04/2024,02:15,[02:00-02:15[,S,V,V,V,V,68.81,68.81
30/04/2024,02:30,[02:15-02:30[,S,V,V,V,V,68.81,68.81
30/04/2024,02:45,[02:30-02:45[,S,V,V,V,V,68.81,68.81
30/04/2024,03:00,[02:45-03:00[,S,V,V,V,V,68.81,68.81
30/04/2024,03:15,[03:00-03:15[,S,V,V,V,V,64.77,64.77
30/04/2024,03:30,[03:15-03:30[,S,V,V,V,V,64.77,64.77
30/04/2024,03:45,[03:30-03:45[,S,V,V,V,V,64.77,64.77
30/04/2024,04:00,[03:45-04:00[,S,V,V,V,V,64.77,64.77
30/04/2024,04:15,[04:00-04:15[,S,V,V,V,V,77.13,77.13
30/04/2024,04:30,[04:15-04:30[,S,V,V,V,V,77.13,77.13
30/04/2024,04:45,[04:30-04:45[,S,V,V,V,V,77.13,77.13
30/04/2024,05:00,[04:45-05:00[,S,V,V,V,V,77.13,77.13
30/04/2024,05:15,[05:00-05:15[,S,V,V,V,V,85.36,85.36
30/04/2024,05:30,[05:15-05:30[,S,V,V,V,V,85.36,85.36
30/04/2024,05:45,[05:30-05:45[,S,V,V,V,V,85.36,85.36
30/04/2024,06:00,[05:45-06:00[,S,V,V,V,V,85.36,85.36
30/04/2024,06:15,[06:00-06:15[,S,V,V,V,V,99.32,99.32
30/04/2024,06:30,[06:15-06:30[,S,V,V,V,V,99.32,99.32
30/04/2024,06:45,[06:30-06:45[,S,V,V,V,V,99.32,99.32
30/04/2024,07:00,[06:45-07:00[,S,V,V,V,V,99.32,99.32
30/04/2024,07:15,[07:00-07:15[,S,V,F,V,C,84.41,84.41
30/04/2024,07:30,[07:15-07:30[,S,V,F,V,C,84.41,84.41
30/04/2024,07:45,[07:30-07:45[,S,V,F,V,C,84.41,84.41
30/04/2024,08:00,[07:45-08:00[,S,V,F,V,C,84.41,84.41
30/04/2024,08:15,[08:00-08:15[,S,F,F,C,C,58.00,58.00
30/04/2024,08:30,[08:15-08:30[,S,F,F,C,C,58.00,58.00
30/04/2024,08:45,[08:30-08:45[,S,F,F,C,C,58.00,58.00
30/04/2024,09:00,[08:45-09:00[,S,F,F,C,C,58.00,58.00
30/04/2024,09:15,[09:00-09:15[,S,F,F,C,C,41.00,41.00
30/04/2024,09:30,[09:15-09:30[,S,F,F,C,P,41.00,41.00
30/04/2024,09:45,[09:30-09:45[,S,F,F,C,P,41.00,41.00
30/04/2024,10:00,[09:45-10:00[,S,F,F,C,P,41.00,41.00
30/04/2024,10:15,[10:00-10:15[,S,F,F,C,P,35.01,35.01
30/04/2024,10:30,[10:15-10:30[,S,F,F,C,P,35.01,35.01
30/04/2024,10:45,[10:30-10:45[,S,F,F,P,P,35.01,35.01
30/04/2024,11:00,[10:45-11:00[,S,F,F,P,P,35.01,35.01
30/04/2024,11:15,[11:00-11:15[,S,F,F,P,P,28.26,28.26
30/04/2024,11:30,[11:15-11:30[,S,F,F,P,P,28.26,28.26
30/04/2024,11:45,[11:30-11:45[,S,F,F,P,P,28.26,28.26
30/04/2024,12:00,[11:45-12:00[,S,F,F,P,P,28.26,28.26
30/04/2024,12:15,[12:00-12:15[,S,F,F,P,P,15.10,15.10
30/04/2024,12:30,[12:15-12:30[,S,F,F,P,C,15.10,15.10
30/04/2024,12:45,[12:30-12:45[,S,F,F,P,C,15.10,15.10
30/04/2024,13:00,[12:45-13:00[,S,F,F,P,C,15.10,15.10
30/04/2024,13:15,[13:00-13:15[,S,F,F,C,C,17.50,17.50
30/04/2024,13:30,[13:15-13:30[,S,F,F,C,C,17.50,17.50
30/04/2024,13:45,[13:30-13:45[,S,F,F,C,C,17.50,17.50
30/04/2024,14:00,[13:45-14:00[,S,F,F,C,C,17.50,17.50
30/04/2024,14:15,[14:00-14:15[,S,F,F,C,C,19.14,19.14
30/04/2024,14:30,[14:15-14:30[,S,F,F,C,C,19.14,19.14
30/04/2024,14:45,[14:30-14:45[,S,F,F,C,C,19.14,19.14
30/04/2024,15:00,[14:45-15:00[,S,F,F,C,C,19.14,19.14
30/04/2024,15:15,[15:00-15:15[,S,F,F,C,C,17.50,17.50
30/04/2024,15:30,[15:15-15:30[,S,F,F,C,C,17.50,17.50
30/04/2024,15:45,[15:30-15:45[,S,F,F,C,C,17.50,17.50
30/04/2024,16:00,[15:45-16:00[,S,F,F,C,C,17.50,17.50
30/04/2024,16:15,[16:00-16:15[,S,F,F,C,C,20.40,20.40
30/04/2024,16:30,[16:15-16:30[,S,F,F,C,C,20.40,20.40
30/04/2024,16:45,[16:30-16:45[,S,F,F,C,C,20.40,20.40
30/04/2024,17:00,[16:45-17:00[,S,F,F,C,C,20.40,20.40
30/04/2024,17:15,[17:00-17:15[,S,F,F,C,C,31.96,31.96
30/04/2024,17:30,[17:15-17:30[,S,F,F,C,C,31.96,31.96
30/04/2024,17:45,[17:30-17:45[,S,F,F,C,C,31.96,31.96
30/04/2024,18:00,[17:45-18:00[,S,F,F,C,C,31.96,31.96
30/04/2024,18:15,[18:00-18:15[,S,F,F,C,C,48.25,48.25
30/04/2024,18:30,[18:15-18:30[,S,F,F,C,C,48.25,48.25
30/04/2024,18:45,[18:30-18:45[,S,F,F,C,C,48.25,48.25
30/04/2024,19:00,[18:45-19:00[,S,F,F,C,C,48.25,48.25
30/04/2024,19:15,[19:00-19:15[,S,F,F,C,C,60.10,60.10
30/04/2024,19:30,[19:15-19:30[,S,F,F,C,C,60.10,60.10
30/04/2024,19:45,[19:30-19:45[,S,F,F,P,C,60.10,60.10
30/04/2024,20:00,[19:45-20:00[,S,F,F,P,C,60.10,60.10
30/04/2024,20:15,[20:00-20:15[,S,F,F,P,C,83.91,83.91
30/04/2024,20:30,[20:15-20:30[,S,F,F,P,C,83.91,83.91
30/04/2024,20:45,[20:30-20:45[,S,F,F,P,C,83.91,83.91
30/04/2024,21:00,[20:45-21:00[,S,F,F,P,C,83.91,83.91
30/04/2024,21:15,[21:00-21:15[,S,F,F,C,C,70.98,70.98
30/04/2024,21:30,[21:15-21:30[,S,F,F,C,C,70.98,70.98
30/04/2024,21:45,[21:30-21:45[,S,F,F,C,C,70.98,70.98
30/04/2024,22:00,[21:45-22:00[,S,F,F,C,C,70.98,70.98
30/04/2024,22:15,[22:00-22:15[,S,V,F,V,C,65.00,65.00
30/04/2024,22:30,[22:15-22:30[,S,V,F,V,C,65.00,65.00
30/04/2024,22:45,[22:30-22:45[,S,V,F,V,C,65.00,65.00
30/04/2024,23:00,[22:45-23:00[,S,V,F,V,C,65.00,65.00
30/04/2024,23:15,[23:00-23:15[,S,V,F,V,C,35.01,35.01
30/04/2024,23:30,[23:15-23:30[,S,V,F,V,C,35.01,35.01
30/04/2024,23:45,[23:30-23:45[,S,V,F,V,C,35.01,35.01
30/04/2024,23:59,[23:45-00:00[,S,V,F,V,C,35.01,35.01
01/05/2024,00:15,[00:00-00:15[,S,V,V,V,V,34.99,34.99
01/05/2024,00:30,[00:15-00:30[,S,V,V,V,V,34.99,34.99
01/05/2024,00:45,[00:30-00:45[,S,V,V,V,V,34.99,34.99
01/05/2024,01:00,[00:45-01:00[,S,V,V,V,V,34.99,34.99
01/05/2024,01:15,[01:00-01:15[,S,V,V,V,V,21.07,21.07
01/05/2024,01:30,[01:15-01:30[,S,V,V,V,V,21.07,21.07
01/05/2024,01:45,[01:30-01:45[,S,V,V,V,V,21.07,21.07
01/05/2024,02:00,[01:45-02:00[,S,V,V,V,V,21.07,21.07
01/05/2024,02:15,[02:00-02:15[,S,V,V,V,V,19.77,19.77
01/05/2024,02:30,[02:15-02:30[,S,V,V,V,V,19.77,19.77
01/05/2024,02:45,[02:30-02:45[,S,V,V,V,V,19.77,19.77
01/05/2024,03:00,[02:45-03:00[,S,V,V,V,V,19.77,19.77
01/05/2024,03:15,[03:00-03:15[,S,V,V,V,V,17.83,17.83
01/05/2024,03:30,[03:15-03:30[,S,V,V,V,V,17.83,17.83
01/05/2024,03:45,[03:30-03:45[,S,V,V,V,V,17.83,17.83
01/05/2024,04:00,[03:45-04:00[,S,V,V,V,V,17.83,17.83
01/05/2024,04:15,[04:00-04:15[,S,V,V,V,V,17.83,17.83
01/05/2024,04:30,[04:15-04:30[,S,V,V,V,V,17.83,17.83
01/05/2024,04:45,[04:30-04:45[,S,V,V,V,V,17.83,17.83
01/05/2024,05:00,[04:45-05:00[,S,V,V,V,V,17.83,17.83
01/05/2024,05:15,[05:00-05:15[,S,V,V,V,V,18.97,18.97
01/05/2024,05:30,[05:15-05:30[,S,V,V,V,V,18.97,18.97
01/05/2024,05:45,[05:30-05:45[,S,V,V,V,V,18.97,18.97
01/05/2024,06:00,[05:45-06:00[,S,V,V,V,V,18.97,18.97
01/05/2024,06:15,[06:00-06:15[,S,V,V,V,V,17.83,17.83
01/05/2024,06:30,[06:15-06:30[,S,V,V,V,V,17.83,17.83
01/05/2024,06:45,[06:30-06:45[,S,V,V,V,V,17.83,17.83
01/05/2024,07:00,[06:45-07:00[,S,V,V,V,V,17.83,17.83
01/05/2024,07:15,[07:00-07:15[,S,V,F,V,C,8.00,8.00
01/05/2024,07:30,[07:15-07:30[,S,V,F,V,C,8.00,8.00
01/05/2024,07:45,[07:30-07:45[,S,V,F,V,C,8.00,8.00
01/05/2024,08:00,[07:45-08:00[,S,V,F,V,C,8.00,8.00
01/05/2024,08:15,[08:00-08:15[,S,F,F,C,C,3.00,3.00
01/05/2024,08:30,[08:15-08:30[,S,F,F,C,C,3.00,3.00
01/05/2024,08:45,[08:30-08:45[,S,F,F,C,C,3.00,3.00
01/05/2024,09:00,[08:45-09:00[,S,F,F,C,C,3.00,3.00
01/05/2024,09:15,[09:00-09:15[,S,F,F,C,C,-0.01,-0.01
01/05/2024,09:30,[09:15-09:30[,S,F,F,C,P,-0.01,-0.01
01/05/2024,09:45,[09:30-09:45[,S,F,F,C,P,-0.01,-0.01
01/05/2024,10:00,[09:45-10:00[,S,F,F,C,P,-0.01,-0.01
01/05/2024,10:15,[10:00-10:15[,S,F,F,C,P,-0.07,-0.07
01/05/2024,10:30,[10:15-10:30[,S,F,F,C,P,-0.07,-0.07
01/05/2024,10:45,[10:30-10:45[,S,F,F,P,P,-0.07,-0.07
01/05/2024,11:00,[10:45-11:00[,S,F,F,P,P,-0.07,-0.07
01/05/2024,11:15,[11:00-11:15[,S,F,F,P,P,-0.06,-0.06
01/05/2024,11:30,[11:15-11:30[,S,F,F,P,P,-0.06,-0.06
01/05/2024,11:45,[11:30-11:45[,S,F,F,P,P,-0.06,-0.06
01/05/2024,12:00,[11:45-12:00[,S,F,F,P,P,-0.06,-0.06
01/05/2024,12:15,[12:00-12:15[,S,F,F,P,P,-0.47,-1.00
01/05/2024,12:30,[12:15-12:30[,S,F,F,P,C,-0.47,-1.00
01/05/2024,12:45,[12:30-12:45[,S,F,F,P,C,-0.47,-1.00
01/05/2024,13:00,[12:45-13:00[,S,F,F,P,C,-0.47,-1.00
01/05/2024,13:15,[13:00-13:15[,S,F,F,C,C,-0.58,-1.26
01/05/2024,13:30,[13:15-13:30[,S,F,F,C,C,-0.58,-1.26
01/05/2024,13:45,[13:30-13:45[,S,F,F,C,C,-0.58,-1.26
01/05/2024,14:00,[13:45-14:00[,S,F,F,C,C,-0.58,-1.26
01/05/2024,14:15,[14:00-14:15[,S,F,F,C,C,-0.60,-1.29
01/05/2024,14:30,[14:15-14:30[,S,F,F,C,C,-0.60,-1.29
01/05/2024,14:45,[14:30-14:45[,S,F,F,C,C,-0.60,-1.29
01/05/2024,15:00,[14:45-15:00[,S,F,F,C,C,-0.60,-1.29
01/05/2024,15:15,[15:00-15:15[,S,F,F,C,C,-0.66,-1.29
01/05/2024,15:30,[15:15-15:30[,S,F,F,C,C,-0.66,-1.29
01/05/2024,15:45,[15:30-15:45[,S,F,F,C,C,-0.66,-1.29
01/05/2024,16:00,[15:45-16:00[,S,F,F,C,C,-0.66,-1.29
01/05/2024,16:15,[16:00-16:15[,S,F,F,C,C,-0.13,-0.13
01/05/2024,16:30,[16:15-16:30[,S,F,F,C,C,-0.13,-0.13
01/05/2024,16:45,[16:30-16:45[,S,F,F,C,C,-0.13,-0.13
01/05/2024,17:00,[16:45-17:00[,S,F,F,C,C,-0.13,-0.13
01/05/2024,17:15,[17:00-17:15[,S,F,F,C,C,0.00,0.00
01/05/2024,17:30,[17:15-17:30[,S,F,F,C,C,0.00,0.00
01/05/2024,17:45,[17:30-17:45[,S,F,F,C,C,0.00,0.00
01/05/2024,18:00,[17:45-18:00[,S,F,F,C,C,0.00,0.00
01/05/2024,18:15,[18:00-18:15[,S,F,F,C,C,0.44,0.44
01/05/2024,18:30,[18:15-18:30[,S,F,F,C,C,0.44,0.44
01/05/2024,18:45,[18:30-18:45[,S,F,F,C,C,0.44,0.44
01/05/2024,19:00,[18:45-19:00[,S,F,F,C,C,0.44,0.44
01/05/2024,19:15,[19:00-19:15[,S,F,F,C,C,19.00,19.00
01/05/2024,19:30,[19:15-19:30[,S,F,F,C,C,19.00,19.00
01/05/2024,19:45,[19:30-19:45[,S,F,F,P,C,19.00,19.00
01/05/2024,20:00,[19:45-20:00[,S,F,F,P,C,19.00,19.00
01/05/2024,20:15,[20:00-20:15[,S,F,F,P,C,35.00,35.00
01/05/2024,20:30,[20:15-20:30[,S,F,F,P,C,35.00,35.00
01/05/2024,20:45,[20:30-20:45[,S,F,F,P,C,35.00,35.00
01/05/2024,21:00,[20:45-21:00[,S,F,F,P,C,35.00,35.00
01/05/2024,21:15,[21:00-21:15[,S,F,F,C,C,33.40,33.40
01/05/2024,21:30,[21:15-21:30[,S,F,F,C,C,33.40,33.40
01/05/2024,21:45,[21:30-21:45[,S,F,F,C,C,33.40,33.40
01/05/2024,22:00,[21:45-22:00[,S,F,F,C,C,33.40,33.40
01/05/2024,22:15,[22:00-22:15[,S,V,F,V,C,23.71,23.71
01/05/2024,22:30,[22:15-22:30[,S,V,F,V,C,23.71,23.71
01/05/2024,22:45,[22:30-22:45[,S,V,F,V,C,23.71,23.71
01/05/2024,23:00,[22:45-23:00[,S,V,F,V,C,23.71,23.71
01/05/2024,23:15,[23:00-23:15[,S,V,F,V,C,14.56,14.56
01/05/2024,23:30,[23:15-23:30[,S,V,F,V,C,14.56,14.56
01/05/2024,23:45,[23:30-23:45[,S,V,F,V,C,14.56,14.56
01/05/2024,23:59,[23:45-00:00[,S,V,F,V,C,14.56,14.56
02/05/2024,00:15,[00:00-00:15[,S,V,V,V,V,10.94,10.94
02/05/2024,00:30,[00:15-00:30[,S,V,V,V,V,10.94,10.94
02/05/2024,00:45,[00:30-00:45[,S,V,V,V,V,10.94,10.94
02/05/2024,01:00,[00:45-01:00[,S,V,V,V,V,10.94,10.94
02/05/2024,01:15,[01:00-01:15[,S,V,V,V,V,10.00,10.00
02/05/2024,01:30,[01:15-01:30[,S,V,V,V,V,10.00,10.00
02/05/2024,01:45,[01:30-01:45[,S,V,V,V,V,10.00,10.00
02/05/2024,02:00,[01:45-02:00[,S,V,V,V,V,10.00,10.00
02/05/2024,02:15,[02:00-02:15[,S,V,V,V,V,7.80,7.80
02/05/2024,02:30,[02:15-02:30[,S,V,V,V,V,7.80,7.80
02/05/2024,02:45,[02:30-02:45[,S,V,V,V,V,7.80,7.80
02/05/2024,03:00,[02:45-03:00[,S,V,V,V,V,7.80,7.80
02/05/2024,03:15,[03:00-03:15[,S,V,V,V,V,8.00,8.00
02/05/2024,03:30,[03:15-03:30[,S,V,V,V,V,8.00,8.00
02/05/2024,03:45,[03:30-03:45[,S,V,V,V,V,8.00,8.00
02/05/2024,04:00,[03:45-04:00[,S,V,V,V,V,8.00,8.00
02/05/2024,04:15,[04:00-04:15[,S,V,V,V,V,10.94,10.94
02/05/2024,04:30,[04:15-04:30[,S,V,V,V,V,10.94,10.94
02/05/2024,04:45,[04:30-04:45[,S,V,V,V,V,10.94,10.94
02/05/2024,05:00,[04:45-05:00[,S,V,V,V,V,10.94,10.94
02/05/2024,05:15,[05:00-05:15[,S,V,V,V,V,22.90,22.90
02/05/2024,05:30,[05:15-05:30[,S,V,V,V,V,22.90,22.90
02/05/2024,05:45,[05:30-05:45[,S,V,V,V,V,22.90,22.90
02/05/2024,06:00,[05:45-06:00[,S,V,V,V,V,22.90,22.90
02/05/2024,06:15,[06:00-06:15[,S,V,V,V,V,35.01,35.01
02/05/2024,06:30,[06:15-06:30[,S,V,V,V,V,35.01,35.01
02/05/2024,06:45,[06:30-06:45[,S,V,V,V,V,35.01,35.01
02/05/2024,07:00,[06:45-07:00[,S,V,V,V,V,35.01,35.01
02/05/2024,07:15,[07:00-07:15[,S,V,F,V,C,35.00,35.00
02/05/2024,07:30,[07:15-07:30[,S,V,F,V,C,35.00,35.00
02/05/2024,07:45,[07:30-07:45[,S,V,F,V,C,35.00,35.00
02/05/2024,08:00,[07:45-08:00[,S,V,F,V,C,35.00,35.00
02/05/2024,08:15,[08:00-08:15[,S,F,F,C,C,10.94,10.94
02/05/2024,08:30,[08:15-08:30[,S,F,F,C,C,10.94,10.94
02/05/2024,08:45,[08:30-08:45[,S,F,F,C,C,10.94,10.94
02/05/2024,09:00,[08:45-09:00[,S,F,F,C,C,10.94,10.94
02/05/2024,09:15,[09:00-09:15[,S,F,F,C,C,3.25,3.25
02/05/2024,09:30,[09:15-09:30[,S,F,F,C,P,3.25,3.25
02/05/2024,09:45,[09:30-09:45[,S,F,F,C,P,3.25,3.25
02/05/2024,10:00,[09:45-10:00[,S,F,F,C,P,3.25,3.25
02/05/2024,10:15,[10:00-10:15[,S,F,F,C,P,2.49,2.49
02/05/2024,10:30,[10:15-10:30[,S,F,F,C,P,2.49,2.49
02/05/2024,10:45,[10:30-10:45[,S,F,F,P,P,2.49,2.49
02/05/2024,11:00,[10:45-11:00[,S,F,F,P,P,2.49,2.49
02/05/2024,11:15,[11:00-11:15[,S,F,F,P,P,1.79,1.79
02/05/2024,11:30,[11:15-11:30[,S,F,F,P,P,1.79,1.79
02/05/2024,11:45,[11:30-11:45[,S,F,F,P,P,1.79,1.79
02/05/2024,12:00,[11:45-12:00[,S,F,F,P,P,1.79,1.79
02/05/2024,12:15,[12:00-12:15[,S,F,F,P,P,1.83,1.83
02/05/2024,12:30,[12:15-12:30[,S,F,F,P,C,1.83,1.83
02/05/2024,12:45,[12:30-12:45[,S,F,F,P,C,1.83,1.83
02/05/2024,13:00,[12:45-13:00[,S,F,F,P,C,1.83,1.83
02/05/2024,13:15,[13:00-13:15[,S,F,F,C,C,0.00,0.00
02/05/2024,13:30,[13:15-13:30[,S,F,F,C,C,0.00,0.00
02/05/2024,13:45,[13:30-13:45[,S,F,F,C,C,0.00,0.00
02/05/2024,14:00,[13:45-14:00[,S,F,F,C,C,0.00,0.00
02/05/2024,14:15,[14:00-14:15[,S,F,F,C,C,0.44,0.44
02/05/2024,14:30,[14:15-14:30[,S,F,F,C,C,0.44,0.44
02/05/2024,14:45,[14:30-14:45[,S,F,F,C,C,0.44,0.44
02/05/2024,15:00,[14:45-15:00[,S,F,F,C,C,0.44,0.44
02/05/2024,15:15,[15:00-15:15[,S,F,F,C,C,1.06,1.06
02/05/2024,15:30,[15:15-15:30[,S,F,F,C,C,1.06,1.06
02/05/2024,15:45,[15:30-15:45[,S,F,F,C,C,1.06,1.06
02/05/2024,16:00,[15:45-16:00[,S,F,F,C,C,1.06,1.06
02/05/2024,16:15,[16:00-16:15[,S,F,F,C,C,0.44,0.44
02/05/2024,16:30,[16:15-16:30[,S,F,F,C,C,0.44,0.44
02/05/2024,16:45,[16:30-16:45[,S,F,F,C,C,0.44,0.44
02/05/2024,17:00,[16:45-17:00[,S,F,F,C,C,0.44,0.44
02/05/2024,17:15,[17:00-17:15[,S,F,F,C,C,5.39,5.39
02/05/2024,17:30,[17:15-17:30[,S,F,F,C,C,5.39,5.39
02/05/2024,17:45,[17:30-17:45[,S,F,F,C,C,5.39,5.39
02/05/2024,18:00,[17:45-18:00[,S,F,F,C,C,5.39,5.39
02/05/2024,18:15,[18:00-18:15[,S,F,F,C,C,17.60,17.60
02/05/2024,18:30,[18:15-18:30[,S,F,F,C,C,17.60,17.60
02/05/2024,18:45,[18:30-18:45[,S,F,F,C,C,17.60,17.60
02/05/2024,19:00,[18:45-19:00[,S,F,F,C,C,17.60,17.60
02/05/2024,19:15,[19:00-19:15[,S,F,F,C,C,35.40,35.40
02/05/2024,19:30,[19:15-19:30[,S,F,F,C,C,35.40,35.40
02/05/2024,19:45,[19:30-19:45[,S,F,F,P,C,35.40,35.40
02/05/2024,20:00,[19:45-20:00[,S,F,F,P,C,35.40,35.40
02/05/2024,20:15,[20:00-20:15[,S,F,F,P,C,59.14,59.14
02/05/2024,20:30,[20:15-20:30[,S,F,F,P,C,59.14,59.14
02/05/2024,20:45,[20:30-20:45[,S,F,F,P,C,59.14,59.14
02/05/2024,21:00,[20:45-21:00[,S,F,F,P,C,59.14,59.14
02/05/2024,21:15,[21:00-21:15[,S,F,F,C,C,43.90,43.90
02/05/2024,21:30,[21:15-21:30[,S,F,F,C,C,43.90,43.90
02/05/2024,21:45,[21:30-21:45[,S,F,F,C,C,43.90,43.90
02/05/2024,22:00,[21:45-22:00[,S,F,F,C,C,43.90,43.90
02/05/2024,22:15,[22:00-22:15[,S,V,F,V,C,35.64,35.64
02/05/2024,22:30,[22:15-22:30[,S,V,F,V,C,35.64,35.64
02/05/2024,22:45,[22:30-22:45[,S,V,F,V,C,35.64,35.64
02/05/2024,23:00,[22:45-23:00[,S,V,F,V,C,35.64,35.64
02/05/2024,23:15,[23:00-23:15[,S,V,F,V,C,35.01,35.01
02/05/2024,23:30,[23:15-23:30[,S,V,F,V,C,35.01,35.01
02/05/2024,23:45,[23:30-23:45[,S,V,F,V,C,35.01,35.01
02/05/2024,23:59,[23:45-00:00[,S,V,F,V,C,35.01,35.01
03/05/2024,00:15,[00:00-00:15[,S,V,V,V,V,35.01,35.01
03/05/2024,00:30,[00:15-00:30[,S,V,V,V,V,35.01,35.01
03/05/2024,00:45,[00:30-00:45[,S,V,V,V,V,35.01,35.01
03/05/2024,01:00,[00:45-01:00[,S,V,V,V,V,35.01,35.01
03/05/2024,01:15,[01:00-01:15[,S,V,V,V,V,35.00,35.00
03/05/2024,01:30,[01:15-01:30[,S,V,V,V,V,35.00,35.00
03/05/2024,01:45,[01:30-01:45[,S,V,V,V,V,35.00,35.00
03/05/2024,02:00,[01:45-02:00[,S,V,V,V,V,35.00,35.00
03/05/2024,02:15,[02:00-02:15[,S,V,V,V,V,35.00,35.00
03/05/2024,02:30,[02:15-02:30[,S,V,V,V,V,35.00,35.00
03/05/2024,02:45,[02:30-02:45[,S,V,V,V,V,35.00,35.00
03/05/2024,03:00,[02:45-03:00[,S,V,V,V,V,35.00,35.00
03/05/2024,03:15,[03:00-03:15[,S,V,V,V,V,35.00,35.00
03/05/2024,03:30,[03:15-03:30[,S,V,V,V,V,35.00,35.00
03/05/2024,03:45,[03:30-03:45[,S,V,V,V,V,35.00,35.00
03/05/2024,04:00,[03:45-04:00[,S,V,V,V,V,35.00,35.00
03/05/2024,04:15,[04:00-04:15[,S,V,V,V,V,34.43,34.43
03/05/2024,04:30,[04:15-04:30[,S,V,V,V,V,34.43,34.43
03/05/2024,04:45,[04:30-04:45[,S,V,V,V,V,34.43,34.43
03/05/2024,05:00,[04:45-05:00[,S,V,V,V,V,34.43,34.43
03/05/2024,05:15,[05:00-05:15[,S,V,V,V,V,35.00,35.00
03/05/2024,05:30,[05:15-05:30[,S,V,V,V,V,35.00,35.00
03/05/2024,05:45,[05:30-05:45[,S,V,V,V,V,35.00,35.00
03/05/2024,06:00,[05:45-06:00[,S,V,V,V,V,35.00,35.00
03/05/2024,06:15,[06:00-06:15[,S,V,V,V,V,41.00,41.00
03/05/2024,06:30,[06:15-06:30[,S,V,V,V,V,41.00,41.00
03/05/2024,06:45,[06:30-06:45[,S,V,V,V,V,41.00,41.00
03/05/2024,07:00,[06:45-07:00[,S,V,V,V,V,41.00,41.00
03/05/2024,07:15,[07:00-07:15[,S,V,F,V,C,35.00,35.00
03/05/2024,07:30,[07:15-07:30[,S,V,F,V,C,35.00,35.00
03/05/2024,07:45,[07:30-07:45[,S,V,F,V,C,35.00,35.00
03/05/2024,08:00,[07:45-08:00[,S,V,F,V,C,35.00,35.00
03/05/2024,08:15,[08:00-08:15[,S,F,F,C,C,28.90,28.90
03/05/2024,08:30,[08:15-08:30[,S,F,F,C,C,28.90,28.90
03/05/2024,08:45,[08:30-08:45[,S,F,F,C,C,28.90,28.90
03/05/2024,09:00,[08:45-09:00[,S,F,F,C,C,28.90,28.90
03/05/2024,09:15,[09:00-09:15[,S,F,F,C,C,16.20,16.20
03/05/2024,09:30,[09:15-09:30[,S,F,F,C,P,16.20,16.20
03/05/2024,09:45,[09:30-09:45[,S,F,F,C,P,16.20,16.20
03/05/2024,10:00,[09:45-10:00[,S,F,F,C,P,16.20,16.20
03/05/2024,10:15,[10:00-10:15[,S,F,F,C,P,4.99,4.99
03/05/2024,10:30,[10:15-10:30[,S,F,F,C,P,4.99,4.99
03/05/2024,10:45,[10:30-10:45[,S,F,F,P,P,4.99,4.99
03/05/2024,11:00,[10:45-11:00[,S,F,F,P,P,4.99,4.99
03/05/2024,11:15,[11:00-11:15[,S,F,F,P,P,6.10,6.10
03/05/2024,11:30,[11:15-11:30[,S,F,F,P,P,6.10,6.10
03/05/2024,11:45,[11:30-11:45[,S,F,F,P,P,6.10,6.10
03/05/2024,12:00,[11:45-12:00[,S,F,F,P,P,6.10,6.10
03/05/2024,12:15,[12:00-12:15[,S,F,F,P,P,5.00,5.00
03/05/2024,12:30,[12:15-12:30[,S,F,F,P,C,5.00,5.00
03/05/2024,12:45,[12:30-12:45[,S,F,F,P,C,5.00,5.00
03/05/2024,13:00,[12:45-13:00[,S,F,F,P,C,5.00,5.00
03/05/2024,13:15,[13:00-13:15[,S,F,F,C,C,3.25,3.25
03/05/2024,13:30,[13:15-13:30[,S,F,F,C,C,3.25,3.25
03/05/2024,13:45,[13:30-13:45[,S,F,F,C,C,3.25,3.25
03/05/2024,14:00,[13:45-14:00[,S,F,F,C,C,3.25,3.25
03/05/2024,14:15,[14:00-14:15[,S,F,F,C,C,2.51,2.51
03/05/2024,14:30,[14:15-14:30[,S,F,F,C,C,2.51,2.51
03/05/2024,14:45,[14:30-14:45[,S,F,F,C,C,2.51,2.51
03/05/2024,15:00,[14:45-15:00[,S,F,F,C,C,2.51,2.51
03/05/2024,15:15,[15:00-15:15[,S,F,F,C,C,0.44,0.44
03/05/2024,15:30,[15:15-15:30[,S,F,F,C,C,0.44,0.44
03/05/2024,15:45,[15:30-15:45[,S,F,F,C,C,0.44,0.44
03/05/2024,16:00,[15:45-16:00[,S,F,F,C,C,0.44,0.44
03/05/2024,16:15,[16:00-16:15[,S,F,F,C,C,3.25,3.25
03/05/2024,16:30,[16:15-16:30[,S,F,F,C,C,3.25,3.25
03/05/2024,16:45,[16:30-16:45[,S,F,F,C,C,3.25,3.25
03/05/2024,17:00,[16:45-17:00[,S,F,F,C,C,3.25,3.25
03/05/2024,17:15,[17:00-17:15[,S,F,F,C,C,9.08,9.08
03/05/2024,17:30,[17:15-17:30[,S,F,F,C,C,9.08,9.08
03/05/2024,17:45,[17:30-17:45[,S,F,F,C,C,9.08,9.08
03/05/2024,18:00,[17:45-18:00[,S,F,F,C,C,9.08,9.08
03/05/2024,18:15,[18:00-18:15[,S,F,F,C,C,27.94,27.94
03/05/2024,18:30,[18:15-18:30[,S,F,F,C,C,27.94,27.94
03/05/2024,18:45,[18:30-18:45[,S,F,F,C,C,27.94,27.94
03/05/2024,19:00,[18:45-19:00[,S,F,F,C,C,27.94,27.94
03/05/2024,19:15,[19:00-19:15[,S,F,F,C,C,40.00,40.00
03/05/2024,19:30,[19:15-19:30[,S,F,F,C,C,40.00,40.00
03/05/2024,19:45,[19:30-19:45[,S,F,F,P,C,40.00,40.00
03/05/2024,20:00,[19:45-20:00[,S,F,F,P,C,40.00,40.00
03/05/2024,20:15,[20:00-20:15[,S,F,F,P,C,66.52,66.52
03/05/2024,20:30,[20:15-20:30[,S,F,F,P,C,66.52,66.52
03/05/2024,20:45,[20:30-20:45[,S,F,F,P,C,66.52,66.52
03/05/2024,21:00,[20:45-21:00[,S,F,F,P,C,66.52,66.52
03/05/2024,21:15,[21:00-21:15[,S,F,F,C,C,50.02,50.02
03/05/2024,21:30,[21:15-21:30[,S,F,F,C,C,50.02,50.02
03/05/2024,21:45,[21:30-21:45[,S,F,F,C,C,50.02,50.02
03/05/2024,22:00,[21:45-22:00[,S,F,F,C,C,50.02,50.02
03/05/2024,22:15,[22:00-22:15[,S,V,F,V,C,42.00,42.00
03/05/2024,22:30,[22:15-22:30[,S,V,F,V,C,42.00,42.00
03/05/2024,22:45,[22:30-22:45[,S,V,F,V,C,42.00,42.00
03/05/2024,23:00,[22:45-23:00[,S,V,F,V,C,42.00,42.00
03/05/2024,23:15,[23:00-23:15[,S,V,F,V,C,35.00,35.00
03/05/2024,23:30,[23:15-23:30[,S,V,F,V,C,35.00,35.00
03/05/2024,23:45,[23:30-23:45[,S,V,F,V,C,35.00,35.00
03/05/2024,23:59,[23:45-00:00[,S,V,F,V,C,35.00,35.00
04/05/2024,00:15,[00:00-00:15[,S,V,V,V,V,33.11,33.11
04/05/2024,00:30,[00:15-00:30[,S,V,V,V,V,33.11,33.11
04/05/2024,00:45,[00:30-00:45[,S,V,V,V,V,33.11,33.11
04/05/2024,01:00,[00:45-01:00[,S,V,V,V,V,33.11,33.11
04/05/2024,01:15,[01:00-01:15[,S,V,V,V,V,27.94,27.94
04/05/2024,01:30,[01:15-01:30[,S,V,V,V,V,27.94,27.94
04/05/2024,01:45,[01:30-01:45[,S,V,V,V,V,27.94,27.94
04/05/2024,02:00,[01:45-02:00[,S,V,V,V,V,27.94,27.94
04/05/2024,02:15,[02:00-02:15[,S,V,V,V,V,18.90,18.90
04/05/2024,02:30,[02:15-02:30[,S,V,V,V,V,18.90,18.90
04/05/2024,02:45,[02:30-02:45[,S,V,V,V,V,18.90,18.90
04/05/2024,03:00,[02:45-03:00[,S,V,V,V,V,18.90,18.90
04/05/2024,03:15,[03:00-03:15[,S,V,V,V,V,16.20,16.20
04/05/2024,03:30,[03:15-03:30[,S,V,V,V,V,16.20,16.20
04/05/2024,03:45,[03:30-03:45[,S,V,V,V,V,16.20,16.20
04/05/2024,04:00,[03:45-04:00[,S,V,V,V,V,16.20,16.20
04/05/2024,04:15,[04:00-04:15[,S,V,V,V,V,18.90,18.90
04/05/2024,04:30,[04:15-04:30[,S,V,V,V,V,18.90,18.90
04/05/2024,04:45,[04:30-04:45[,S,V,V,V,V,18.90,18.90
04/05/2024,05:00,[04:45-05:00[,S,V,V,V,V,18.90,18.90
04/05/2024,05:15,[05:00-05:15[,S,V,V,V,V,22.23,22.23
04/05/2024,05:30,[05:15-05:30[,S,V,V,V,V,22.23,22.23
04/05/2024,05:45,[05:30-05:45[,S,V,V,V,V,22.23,22.23
04/05/2024,06:00,[05:45-06:00[,S,V,V,V,V,22.23,22.23
04/05/2024,06:15,[06:00-06:15[,S,V,V,V,V,26.22,26.22
04/05/2024,06:30,[06:15-06:30[,S,V,V,V,V,26.22,26.22
04/05/2024,06:45,[06:30-06:45[,S,V,V,V,V,26.22,26.22
04/05/2024,07:00,[06:45-07:00[,S,V,V,V,V,26.22,26.22
04/05/2024,07:15,[07:00-07:15[,S,V,V,V,V,16.20,16.20
04/05/2024,07:30,[07:15-07:30[,S,V,V,V,V,16.20,16.20
04/05/2024,07:45,[07:30-07:45[,S,V,V,V,V,16.20,16.20
04/05/2024,08:00,[07:45-08:00[,S,V,V,V,V,16.20,16.20
04/05/2024,08:15,[08:00-08:15[,S,F,V,C,V,2.10,2.10
04/05/2024,08:30,[08:15-08:30[,S,F,V,C,V,2.10,2.10
04/05/2024,08:45,[08:30-08:45[,S,F,V,C,V,2.10,2.10
04/05/2024,09:00,[08:45-09:00[,S,F,V,C,V,2.10,2.10
04/05/2024,09:15,[09:00-09:15[,S,F,F,C,C,0.01,0.01
04/05/2024,09:30,[09:15-09:30[,S,F,F,C,C,0.01,0.01
04/05/2024,09:45,[09:30-09:45[,S,F,F,C,C,0.01,0.01
04/05/2024,10:00,[09:45-10:00[,S,F,F,C,C,0.01,0.01
04/05/2024,10:15,[10:00-10:15[,S,F,F,C,C,0.00,0.00
04/05/2024,10:30,[10:15-10:30[,S,F,F,C,C,0.00,0.00
04/05/2024,10:45,[10:30-10:45[,S,F,F,P,C,0.00,0.00
04/05/2024,11:00,[10:45-11:00[,S,F,F,P,C,0.00,0.00
04/05/2024,11:15,[11:00-11:15[,S,F,F,P,C,0.00,0.00
04/05/2024,11:30,[11:15-11:30[,S,F,F,P,C,0.00,0.00
04/05/2024,11:45,[11:30-11:45[,S,F,F,P,C,0.00,0.00
04/05/2024,12:00,[11:45-12:00[,S,F,F,P,C,0.00,0.00
04/05/2024,12:15,[12:00-12:15[,S,F,F,P,C,0.00,0.00
04/05/2024,12:30,[12:15-12:30[,S,F,F,P,C,0.00,0.00
04/05/2024,12:45,[12:30-12:45[,S,F,F,P,C,0.00,0.00
04/05/2024,13:00,[12:45-13:00[,S,F,F,P,C,0.00,0.00
04/05/2024,13:15,[13:00-13:15[,S,F,F,C,C,0.00,0.00
04/05/2024,13:30,[13:15-13:30[,S,F,F,C,C,0.00,0.00
04/05/2024,13:45,[13:30-13:45[,S,F,F,C,C,0.00,0.00
04/05/2024,14:00,[13:45-14:00[,S,F,F,C,C,0.00,0.00
04/05/2024,14:15,[14:00-14:15[,S,F,V,C,V,0.00,0.00
04/05/2024,14:30,[14:15-14:30[,S,F,V,C,V,0.00,0.00
04/05/2024,14:45,[14:30-14:45[,S,F,V,C,V,0.00,0.00
04/05/2024,15:00,[14:45-15:00[,S,F,V,C,V,0.00,0.00
04/05/2024,15:15,[15:00-15:15[,S,F,V,C,V,0.00,0.00
04/05/2024,15:30,[15:15-15:30[,S,F,V,C,V,0.00,0.00
04/05/2024,15:45,[15:30-15:45[,S,F,V,C,V,0.00,0.00
04/05/2024,16:00,[15:45-16:00[,S,F,V,C,V,0.00,0.00
04/05/2024,16:15,[16:00-16:15[,S,F,V,C,V,0.00,0.00
04/05/2024,16:30,[16:15-16:30[,S,F,V,C,V,0.00,0.00
04/05/2024,16:45,[16:30-16:45[,S,F,V,C,V,0.00,0.00
04/05/2024,17:00,[16:45-17:00[,S,F,V,C,V,0.00,0.00
04/05/2024,17:15,[17:00-17:15[,S,F,V,C,V,0.00,0.00
04/05/2024,17:30,[17:15-17:30[,S,F,V,C,V,0.00,0.00
04/05/2024,17:45,[17:30-17:45[,S,F,V,C,V,0.00,0.00
04/05/2024,18:00,[17:45-18:00[,S,F,V,C,V,0.00,0.00
04/05/2024,18:15,[18:00-18:15[,S,F,V,C,V,3.25,3.25
04/05/2024,18:30,[18:15-18:30[,S,F,V,C,V,3.25,3.25
04/05/2024,18:45,[18:30-18:45[,S,F,V,C,V,3.25,3.25
04/05/2024,19:00,[18:45-19:00[,S,F,V,C,V,3.25,3.25
04/05/2024,19:15,[19:00-19:15[,S,F,V,C,V,30.00,30.00
04/05/2024,19:30,[19:15-19:30[,S,F,V,C,V,30.00,30.00
04/05/2024,19:45,[19:30-19:45[,S,F,V,P,V,30.00,30.00
04/05/2024,20:00,[19:45-20:00[,S,F,V,P,V,30.00,30.00
04/05/2024,20:15,[20:00-20:15[,S,F,F,P,C,35.01,35.01
04/05/2024,20:30,[20:15-20:30[,S,F,F,P,C,35.01,35.01
04/05/2024,20:45,[20:30-20:45[,S,F,F,P,C,35.01,35.01
04/05/2024,21:00,[20:45-21:00[,S,F,F,P,C,35.01,35.01
04/05/2024,21:15,[21:00-21:15[,S,F,F,C,C,35.02,35.02
04/05/2024,21:30,[21:15-21:30[,S,F,F,C,C,35.02,35.02
04/05/2024,21:45,[21:30-21:45[,S,F,F,C,C,35.02,35.02
04/05/2024,22:00,[21:45-22:00[,S,F,F,C,C,35.02,35.02
04/05/2024,22:15,[22:00-22:15[,S,V,V,V,V,35.01,35.01
04/05/2024,22:30,[22:15-22:30[,S,V,V,V,V,35.01,35.01
04/05/2024,22:45,[22:30-22:45[,S,V,V,V,V,35.01,35.01
04/05/2024,23:00,[22:45-23:00[,S,V,V,V,V,35.01,35.01
04/05/2024,23:15,[23:00-23:15[,S,V,V,V,V,30.00,30.00
04/05/2024,23:30,[23:15-23:30[,S,V,V,V,V,30.00,30.00
04/05/2024,23:45,[23:30-23:45[,S,V,V,V,V,30.00,30.00
04/05/2024,23:59,[23:45-00:00[,S,V,V,V,V,30.00,30.00
05/05/2024,00:15,[00:00-00:15[,S,V,V,V,V,26.87,26.87
05/05/2024,00:30,[00:15-00:30[,S,V,V,V,V,26.87,26.87
05/05/2024,00:45,[00:30-00:45[,S,V,V,V,V,26.87,26.87
05/05/2024,01:00,[00:45-01:00[,S,V,V,V,V,26.87,26.87
05/05/2024,01:15,[01:00-01:15[,S,V,V,V,V,24.13,24.13
05/05/2024,01:30,[01:15-01:30[,S,V,V,V,V,24.13,24.13
05/05/2024,01:45,[01:30-01:45[,S,V,V,V,V,24.13,24.13
05/05/2024,02:00,[01:45-02:00[,S,V,V,V,V,24.13,24.13
05/05/2024,02:15,[02:00-02:15[,S,V,V,V,V,22.62,22.62
05/05/2024,02:30,[02:15-02:30[,S,V,V,V,V,22.62,22.62
05/05/2024,02:45,[02:30-02:45[,S,V,V,V,V,22.62,22.62
05/05/2024,03:00,[02:45-03:00[,S,V,V,V,V,22.62,22.62
05/05/2024,03:15,[03:00-03:15[,S,V,V,V,V,22.86,22.86
05/05/2024,03:30,[03:15-03:30[,S,V,V,V,V,22.86,22.86
05/05/2024,03:45,[03:30-03:45[,S,V,V,V,V,22.86,22.86
05/05/2024,04:00,[03:45-04:00[,S,V,V,V,V,22.86,22.86
05/05/2024,04:15,[04:00-04:15[,S,V,V,V,V,24.81,24.81
05/05/2024,04:30,[04:15-04:30[,S,V,V,V,V,24.81,24.81
05/05/2024,04:45,[04:30-04:45[,S,V,V,V,V,24.81,24.81
05/05/2024,05:00,[04:45-05:00[,S,V,V,V,V,24.81,24.81
05/05/2024,05:15,[05:00-05:15[,S,V,V,V,V,26.87,26.87
05/05/2024,05:30,[05:15-05:30[,S,V,V,V,V,26.87,26.87
05/05/2024,05:45,[05:30-05:45[,S,V,V,V,V,26.87,26.87
05/05/2024,06:00,[05:45-06:00[,S,V,V,V,V,26.87,26.87
05/05/2024,06:15,[06:00-06:15[,S,V,V,V,V,25.63,25.63
05/05/2024,06:30,[06:15-06:30[,S,V,V,V,V,25.63,25.63
05/05/2024,06:45,[06:30-06:45[,S,V,V,V,V,25.63,25.63
05/05/2024,07:00,[06:45-07:00[,S,V,V,V,V,25.63,25.63
05/05/2024,07:15,[07:00-07:15[,S,V,V,V,V,16.72,16.72
05/05/2024,07:30,[07:15-07:30[,S,V,V,V,V,16.72,16.72
05/05/2024,07:45,[07:30-07:45[,S,V,V,V,V,16.72,16.72
05/05/2024,08:00,[07:45-08:00[,S,V,V,V,V,16.72,16.72
05/05/2024,08:15,[08:00-08:15[,S,F,V,C,V,3.25,3.25
05/05/2024,08:30,[08:15-08:30[,S,F,V,C,V,3.25,3.25
05/05/2024,08:45,[08:30-08:45[,S,F,V,C,V,3.25,3.25
05/05/2024,09:00,[08:45-09:00[,S,F,V,C,V,3.25,3.25
05/05/2024,09:15,[09:00-09:15[,S,F,V,C,V,1.88,1.88
05/05/2024,09:30,[09:15-09:30[,S,F,V,C,V,1.88,1.88
05/05/2024,09:45,[09:30-09:45[,S,F,V,C,V,1.88,1.88
05/05/2024,10:00,[09:45-10:00[,S,F,V,C,V,1.88,1.88
05/05/2024,10:15,[10:00-10:15[,S,F,V,C,V,0.44,0.44
05/05/2024,10:30,[10:15-10:30[,S,F,V,C,V,0.44,0.44
05/05/2024,10:45,[10:30-10:45[,S,F,V,P,V,0.44,0.44
05/05/2024,11:00,[10:45-11:00[,S,F,V,P,V,0.44,0.44
05/05/2024,11:15,[11:00-11:15[,S,F,V,P,V,0.00,0.00
05/05/2024,11:30,[11:15-11:30[,S,F,V,P,V,0.00,0.00
05/05/2024,11:45,[11:30-11:45[,S,F,V,P,V,0.00,0.00
05/05/2024,12:00,[11:45-12:00[,S,F,V,P,V,0.00,0.00
05/05/2024,12:15,[12:00-12:15[,S,F,V,P,V,-0.04,-0.04
05/05/2024,12:30,[12:15-12:30[,S,F,V,P,V,-0.04,-0.04
05/05/2024,12:45,[12:30-12:45[,S,F,V,P,V,-0.04,-0.04
05/05/2024,13:00,[12:45-13:00[,S,F,V,P,V,-0.04,-0.04
05/05/2024,13:15,[13:00-13:15[,S,F,V,C,V,-0.58,-0.58
05/05/2024,13:30,[13:15-13:30[,S,F,V,C,V,-0.58,-0.58
05/05/2024,13:45,[13:30-13:45[,S,F,V,C,V,-0.58,-0.58
05/05/2024,14:00,[13:45-14:00[,S,F,V,C,V,-0.58,-0.58
05/05/2024,14:15,[14:00-14:15[,S,F,V,C,V,-0.10,-0.10
05/05/2024,14:30,[14:15-14:30[,S,F,V,C,V,-0.10,-0.10
05/05/2024,14:45,[14:30-14:45[,S,F,V,C,V,-0.10,-0.10
05/05/2024,15:00,[14:45-15:00[,S,F,V,C,V,-0.10,-0.10
05/05/2024,15:15,[15:00-15:15[,S,F,V,C,V,0.00,0.00
05/05/2024,15:30,[15:15-15:30[,S,F,V,C,V,0.00,0.00
05/05/2024,15:45,[15:30-15:45[,S,F,V,C,V,0.00,0.00
05/05/2024,16:00,[15:45-16:00[,S,F,V,C,V,0.00,0.00
05/05/2024,16:15,[16:00-16:15[,S,F,V,C,V,0.00,0.00
05/05/2024,16:30,[16:15-16:30[,S,F,V,C,V,0.00,0.00
05/05/2024,16:45,[16:30-16:45[,S,F,V,C,V,0.00,0.00
05/05/2024,17:00,[16:45-17:00[,S,F,V,C,V,0.00,0.00
05/05/2024,17:15,[17:00-17:15[,S,F,V,C,V,3.25,3.25
05/05/2024,17:30,[17:15-17:30[,S,F,V,C,V,3.25,3.25
05/05/2024,17:45,[17:30-17:45[,S,F,V,C,V,3.25,3.25
05/05/2024,18:00,[17:45-18:00[,S,F,V,C,V,3.25,3.25
05/05/2024,18:15,[18:00-18:15[,S,F,V,C,V,6.10,6.10
05/05/2024,18:30,[18:15-18:30[,S,F,V,C,V,6.10,6.10
05/05/2024,18:45,[18:30-18:45[,S,F,V,C,V,6.10,6.10
05/05/2024,19:00,[18:45-19:00[,S,F,V,C,V,6.10,6.10
05/05/2024,19:15,[19:00-19:15[,S,F,V,C,V,29.90,29.90
05/05/2024,19:30,[19:15-19:30[,S,F,V,C,V,29.90,29.90
05/05/2024,19:45,[19:30-19:45[,S,F,V,P,V,29.90,29.90
05/05/2024,20:00,[19:45-20:00[,S,F,V,P,V,29.90,29.90
05/05/2024,20:15,[20:00-20:15[,S,F,V,P,V,54.33,54.33
05/05/2024,20:30,[20:15-20:30[,S,F,V,P,V,54.33,54.33
05/05/2024,20:45,[20:30-20:45[,S,F,V,P,V,54.33,54.33
05/05/2024,21:00,[20:45-21:00[,S,F,V,P,V,54.33,54.33
05/05/2024,21:15,[21:00-21:15[,S,F,V,C,V,51.61,51.61
05/05/2024,21:30,[21:15-21:30[,S,F,V,C,V,51.61,51.61
05/05/2024,21:45,[21:30-21:45[,S,F,V,C,V,51.61,51.61
05/05/2024,22:00,[21:45-22:00[,S,F,V,C,V,51.61,51.61
05/05/2024,22:15,[22:00-22:15[,S,V,V,V,V,50.15,50.15
05/05/2024,22:30,[22:15-22:30[,S,V,V,V,V,50.15,50.15
05/05/2024,22:45,[22:30-22:45[,S,V,V,V,V,50.15,50.15
05/05/2024,23:00,[22:45-23:00[,S,V,V,V,V,50.15,50.15
05/05/2024,23:15,[23:00-23:15[,S,V,V,V,V,63.58,63.58
05/05/2024,23:30,[23:15-23:30[,S,V,V,V,V,63.58,63.58
05/05/2024,23:45,[23:30-23:45[,S,V,V,V,V,63.58,63.58
05/05/2024,23:59,[23:45-00:00[,S,V,V,V,V,63.58,63.58
06/05/2024,00:15,[00:00-00:15[,S,V,V,V,V,55.99,55.99
06/05/2024,00:30,[00:15-00:30[,S,V,V,V,V,55.99,55.99
06/05/2024,00:45,[00:30-00:45[,S,V,V,V,V,55.99,55.99
06/05/2024,01:00,[00:45-01:00[,S,V,V,V,V,55.99,55.99
06/05/2024,01:15,[01:00-01:15[,S,V,V,V,V,51.91,51.91
06/05/2024,01:30,[01:15-01:30[,S,V,V,V,V,51.91,51.91
06/05/2024,01:45,[01:30-01:45[,S,V,V,V,V,51.91,51.91
06/05/2024,02:00,[01:45-02:00[,S,V,V,V,V,51.91,51.91
06/05/2024,02:15,[02:00-02:15[,S,V,V,V,V,53.96,53.96
06/05/2024,02:30,[02:15-02:30[,S,V,V,V,V,53.96,53.96
06/05/2024,02:45,[02:30-02:45[,S,V,V,V,V,53.96,53.96
06/05/2024,03:00,[02:45-03:00[,S,V,V,V,V,53.96,53.96
06/05/2024,03:15,[03:00-03:15[,S,V,V,V,V,51.08,51.08
06/05/2024,03:30,[03:15-03:30[,S,V,V,V,V,51.08,51.08
06/05/2024,03:45,[03:30-03:45[,S,V,V,V,V,51.08,51.08
06/05/2024,04:00,[03:45-04:00[,S,V,V,V,V,51.08,51.08
06/05/2024,04:15,[04:00-04:15[,S,V,V,V,V,53.96,53.96
06/05/2024,04:30,[04:15-04:30[,S,V,V,V,V,53.96,53.96
06/05/2024,04:45,[04:30-04:45[,S,V,V,V,V,53.96,53.96
06/05/2024,05:00,[04:45-05:00[,S,V,V,V,V,53.96,53.96
06/05/2024,05:15,[05:00-05:15[,S,V,V,V,V,57.10,57.10
06/05/2024,05:30,[05:15-05:30[,S,V,V,V,V,57.10,57.10
06/05/2024,05:45,[05:30-05:45[,S,V,V,V,V,57.10,57.10
06/05/2024,06:00,[05:45-06:00[,S,V,V,V,V,57.10,57.10
06/05/2024,06:15,[06:00-06:15[,S,V,V,V,V,84.03,84.03
06/05/2024,06:30,[06:15-06:30[,S,V,V,V,V,84.03,84.03
06/05/2024,06:45,[06:30-06:45[,S,V,V,V,V,84.03,84.03
06/05/2024,07:00,[06:45-07:00[,S,V,V,V,V,84.03,84.03
06/05/2024,07:15,[07:00-07:15[,S,V,F,V,C,86.89,86.89
06/05/2024,07:30,[07:15-07:30[,S,V,F,V,C,86.89,86.89
06/05/2024,07:45,[07:30-07:45[,S,V,F,V,C,86.89,86.89
06/05/2024,08:00,[07:45-08:00[,S,V,F,V,C,86.89,86.89
06/05/2024,08:15,[08:00-08:15[,S,F,F,C,C,61.54,61.54
06/05/2024,08:30,[08:15-08:30[,S,F,F,C,C,61.54,61.54
06/05/2024,08:45,[08:30-08:45[,S,F,F,C,C,61.54,61.54
06/05/2024,09:00,[08:45-09:00[,S,F,F,C,C,61.54,61.54
06/05/2024,09:15,[09:00-09:15[,S,F,F,C,C,45.13,45.13
06/05/2024,09:30,[09:15-09:30[,S,F,F,C,P,45.13,45.13
06/05/2024,09:45,[09:30-09:45[,S,F,F,C,P,45.13,45.13
06/05/2024,10:00,[09:45-10:00[,S,F,F,C,P,45.13,45.13
06/05/2024,10:15,[10:00-10:15[,S,F,F,C,P,35.00,35.00
06/05/2024,10:30,[10:15-10:30[,S,F,F,C,P,35.00,35.00
06/05/2024,10:45,[10:30-10:45[,S,F,F,P,P,35.00,35.00
06/05/2024,11:00,[10:45-11:00[,S,F,F,P,P,35.00,35.00
06/05/2024,11:15,[11:00-11:15[,S,F,F,P,P,18.90,18.90
06/05/2024,11:30,[11:15-11:30[,S,F,F,P,P,18.90,18.90
06/05/2024,11:45,[11:30-11:45[,S,F,F,P,P,18.90,18.90
06/05/2024,12:00,[11:45-12:00[,S,F,F,P,P,18.90,18.90
06/05/2024,12:15,[12:00-12:15[,S,F,F,P,P,10.00,10.00
06/05/2024,12:30,[12:15-12:30[,S,F,F,P,C,10.00,10.00
06/05/2024,12:45,[12:30-12:45[,S,F,F,P,C,10.00,10.00
06/05/2024,13:00,[12:45-13:00[,S,F,F,P,C,10.00,10.00
06/05/2024,13:15,[13:00-13:15[,S,F,F,C,C,6.10,6.10
06/05/2024,13:30,[13:15-13:30[,S,F,F,C,C,6.10,6.10
06/05/2024,13:45,[13:30-13:45[,S,F,F,C,C,6.10,6.10
06/05/2024,14:00,[13:45-14:00[,S,F,F,C,C,6.10,6.10
06/05/2024,14:15,[14:00-14:15[,S,F,F,C,C,4.99,4.99
06/05/2024,14:30,[14:15-14:30[,S,F,F,C,C,4.99,4.99
06/05/2024,14:45,[14:30-14:45[,S,F,F,C,C,4.99,4.99
06/05/2024,15:00,[14:45-15:00[,S,F,F,C,C,4.99,4.99
06/05/2024,15:15,[15:00-15:15[,S,F,F,C,C,4.23,4.23
06/05/2024,15:30,[15:15-15:30[,S,F,F,C,C,4.23,4.23
06/05/2024,15:45,[15:30-15:45[,S,F,F,C,C,4.23,4.23
06/05/2024,16:00,[15:45-16:00[,S,F,F,C,C,4.23,4.23
06/05/2024,16:15,[16:00-16:15[,S,F,F,C,C,5.00,5.00
06/05/2024,16:30,[16:15-16:30[,S,F,F,C,C,5.00,5.00
06/05/2024,16:45,[16:30-16:45[,S,F,F,C,C,5.00,5.00
06/05/2024,17:00,[16:45-17:00[,S,F,F,C,C,5.00,5.00
06/05/2024,17:15,[17:00-17:15[,S,F,F,C,C,9.90,9.90
06/05/2024,17:30,[17:15-17:30[,S,F,F,C,C,9.90,9.90
06/05/2024,17:45,[17:30-17:45[,S,F,F,C,C,9.90,9.90
06/05/2024,18:00,[17:45-18:00[,S,F,F,C,C,9.90,9.90
06/05/2024,18:15,[18:00-18:15[,S,F,F,C,C,37.62,37.62
06/05/2024,18:30,[18:15-18:30[,S,F,F,C,C,37.62,37.62
06/05/2024,18:45,[18:30-18:45[,S,F,F,C,C,37.62,37.62
06/05/2024,19:00,[18:45-19:00[,S,F,F,C,C,37.62,37.62
06/05/2024,19:15,[19:00-19:15[,S,F,F,C,C,75.10,75.10
06/05/2024,19:30,[19:15-19:30[,S,F,F,C,C,75.10,75.10
06/05/2024,19:45,[19:30-19:45[,S,F,F,P,C,75.10,75.10
06/05/2024,20:00,[19:45-20:00[,S,F,F,P,C,75.10,75.10
06/05/2024,20:15,[20:00-20:15[,S,F,F,P,C,97.69,97.69
06/05/2024,20:30,[20:15-20:30[,S,F,F,P,C,97.69,97.69
06/05/2024,20:45,[20:30-20:45[,S,F,F,P,C,97.69,97.69
06/05/2024,21:00,[20:45-21:00[,S,F,F,P,C,97.69,97.69
06/05/2024,21:15,[21:00-21:15[,S,F,F,C,C,93.20,93.20
06/05/2024,21:30,[21:15-21:30[,S,F,F,C,C,93.20,93.20
06/05/2024,21:45,[21:30-21:45[,S,F,F,C,C,93.20,93.20
06/05/2024,22:00,[21:45-22:00[,S,F,F,C,C,93.20,93.20
06/05/2024,22:15,[22:00-22:15[,S,V,F,V,C,84.42,84.42
06/05/2024,22:30,[22:15-22:30[,S,V,F,V,C,84.42,84.42
06/05/2024,22:45,[22:30-22:45[,S,V,F,V,C,84.42,84.42
06/05/2024,23:00,[22:45-23:00[,S,V,F,V,C,84.42,84.42
06/05/2024,23:15,[23:00-23:15[,S,V,F,V,C,81.73,81.73
06/05/2024,23:30,[23:15-23:30[,S,V,F,V,C,81.73,81.73
06/05/2024,23:45,[23:30-23:45[,S,V,F,V,C,81.73,81.73
06/05/2024,23:59,[23:45-00:00[,S,V,F,V,C,81.73,81.73
07/05/2024,00:15,[00:00-00:15[,S,V,V,V,V,77.64,77.64
07/05/2024,00:30,[00:15-00:30[,S,V,V,V,V,77.64,77.64
07/05/2024,00:45,[00:30-00:45[,S,V,V,V,V,77.64,77.64
07/05/2024,01:00,[00:45-01:00[,S,V,V,V,V,77.64,77.64
07/05/2024,01:15,[01:00-01:15[,S,V,V,V,V,74.77,74.77
07/05/2024,01:30,[01:15-01:30[,S,V,V,V,V,74.77,74.77
07/05/2024,01:45,[01:30-01:45[,S,V,V,V,V,74.77,74.77
07/05/2024,02:00,[01:45-02:00[,S,V,V,V,V,74.77,74.77
07/05/2024,02:15,[02:00-02:15[,S,V,V,V,V,68.24,68.24
07/05/2024,02:30,[02:15-02:30[,S,V,V,V,V,68.24,68.24
07/05/2024,02:45,[02:30-02:45[,S,V,V,V,V,68.24,68.24
07/05/2024,03:00,[02:45-03:00[,S,V,V,V,V,68.24,68.24
07/05/2024,03:15,[03:00-03:15[,S,V,V,V,V,66.82,66.82
07/05/2024,03:30,[03:15-03:30[,S,V,V,V,V,66.82,66.82
07/05/2024,03:45,[03:30-03:45[,S,V,V,V,V,66.82,66.82
07/05/2024,04:00,[03:45-04:00[,S,V,V,V,V,66.82,66.82
07/05/2024,04:15,[04:00-04:15[,S,V,V,V,V,69.09,69.09
07/05/2024,04:30,[04:15-04:30[,S,V,V,V,V,69.09,69.09
07/05/2024,04:45,[04:30-04:45[,S,V,V,V,V,69.09,69.09
07/05/2024,05:00,[04:45-05:00[,S,V,V,V,V,69.09,69.09
07/05/2024,05:15,[05:00-05:15[,S,V,V,V,V,75.98,75.98
07/05/2024,05:30,[05:15-05:30[,S,V,V,V,V,75.98,75.98
07/05/2024,05:45,[05:30-05:45[,S,V,V,V,V,75.98,75.98
07/05/2024,06:00,[05:45-06:00[,S,V,V,V,V,75.98,75.98
07/05/2024,06:15,[06:00-06:15[,S,V,V,V,V,99.87,99.87
07/05/2024,06:30,[06:15-06:30[,S,V,V,V,V,99.87,99.87
07/05/2024,06:45,[06:30-06:45[,S,V,V,V,V,99.87,99.87
07/05/2024,07:00,[06:45-07:00[,S,V,V,V,V,99.87,99.87
07/05/2024,07:15,[07:00-07:15[,S,V,F,V,C,75.62,75.62
07/05/2024,07:30,[07:15-07:30[,S,V,F,V,C,75.62,75.62
07/05/2024,07:45,[07:30-07:45[,S,V,F,V,C,75.62,75.62
07/05/2024,08:00,[07:45-08:00[,S,V,F,V,C,75.62,75.62
07/05/2024,08:15,[08:00-08:15[,S,F,F,C,C,35.00,35.00
07/05/2024,08:30,[08:15-08:30[,S,F,F,C,C,35.00,35.00
07/05/2024,08:45,[08:30-08:45[,S,F,F,C,C,35.00,35.00
07/05/2024,09:00,[08:45-09:00[,S,F,F,C,C,35.00,35.00
07/05/2024,09:15,[09:00-09:15[,S,F,F,C,C,10.00,10.00
07/05/2024,09:30,[09:15-09:30[,S,F,F,C,P,10.00,10.00
07/05/2024,09:45,[09:30-09:45[,S,F,F,C,P,10.00,10.00
07/05/2024,10:00,[09:45-10:00[,S,F,F,C,P,10.00,10.00
07/05/2024,10:15,[10:00-10:15[,S,F,F,C,P,9.99,3.60
07/05/2024,10:30,[10:15-10:30[,S,F,F,C,P,9.99,3.60
07/05/2024,10:45,[10:30-10:45[,S,F,F,P,P,9.99,3.60
07/05/2024,11:00,[10:45-11:00[,S,F,F,P,P,9.99,3.60
07/05/2024,11:15,[11:00-11:15[,S,F,F,P,P,8.00,0.00
07/05/2024,11:30,[11:15-11:30[,S,F,F,P,P,8.00,0.00
07/05/2024,11:45,[11:30-11:45[,S,F,F,P,P,8.00,0.00
07/05/2024,12:00,[11:45-12:00[,S,F,F,P,P,8.00,0.00
07/05/2024,12:15,[12:00-12:15[,S,F,F,P,P,7.53,0.00
07/05/2024,12:30,[12:15-12:30[,S,F,F,P,C,7.53,0.00
07/05/2024,12:45,[12:30-12:45[,S,F,F,P,C,7.53,0.00
07/05/2024,13:00,[12:45-13:00[,S,F,F,P,C,7.53,0.00
07/05/2024,13:15,[13:00-13:15[,S,F,F,C,C,5.00,0.00
07/05/2024,13:30,[13:15-13:30[,S,F,F,C,C,5.00,0.00
07/05/2024,13:45,[13:30-13:45[,S,F,F,C,C,5.00,0.00
07/05/2024,14:00,[13:45-14:00[,S,F,F,C,C,5.00,0.00
07/05/2024,14:15,[14:00-14:15[,S,F,F,C,C,0.31,0.00
07/05/2024,14:30,[14:15-14:30[,S,F,F,C,C,0.31,0.00
07/05/2024,14:45,[14:30-14:45[,S,F,F,C,C,0.31,0.00
07/05/2024,15:00,[14:45-15:00[,S,F,F,C,C,0.31,0.00
07/05/2024,15:15,[15:00-15:15[,S,F,F,C,C,0.00,0.00
07/05/2024,15:30,[15:15-15:30[,S,F,F,C,C,0.00,0.00
07/05/2024,15:45,[15:30-15:45[,S,F,F,C,C,0.00,0.00
07/05/2024,16:00,[15:45-16:00[,S,F,F,C,C,0.00,0.00
07/05/2024,16:15,[16:00-16:15[,S,F,F,C,C,1.01,0.00
07/05/2024,16:30,[16:15-16:30[,S,F,F,C,C,1.01,0.00
07/05/2024,16:45,[16:30-16:45[,S,F,F,C,C,1.01,0.00
07/05/2024,17:00,[16:45-17:00[,S,F,F,C,C,1.01,0.00
07/05/2024,17:15,[17:00-17:15[,S,F,F,C,C,1.01,0.00
07/05/2024,17:30,[17:15-17:30[,S,F,F,C,C,1.01,0.00
07/05/2024,17:45,[17:30-17:45[,S,F,F,C,C,1.01,0.00
07/05/2024,18:00,[17:45-18:00[,S,F,F,C,C,1.01,0.00
07/05/2024,18:15,[18:00-18:15[,S,F,F,C,C,35.00,35.00
07/05/2024,18:30,[18:15-18:30[,S,F,F,C,C,35.00,35.00
07/05/2024,18:45,[18:30-18:45[,S,F,F,C,C,35.00,35.00
07/05/2024,19:00,[18:45-19:00[,S,F,F,C,C,35.00,35.00
07/05/2024,19:15,[19:00-19:15[,S,F,F,C,C,56.18,56.18
07/05/2024,19:30,[19:15-19:30[,S,F,F,C,C,56.18,56.18
07/05/2024,19:45,[19:30-19:45[,S,F,F,P,C,56.18,56.18
07/05/2024,20:00,[19:45-20:00[,S,F,F,P,C,56.18,56.18
07/05/2024,20:15,[20:00-20:15[,S,F,F,P,C,67.44,67.44
07/05/2024,20:30,[20:15-20:30[,S,F,F,P,C,67.44,67.44
07/05/2024,20:45,[20:30-20:45[,S,F,F,P,C,67.44,67.44
07/05/2024,21:00,[20:45-21:00[,S,F,F,P,C,67.44,67.44
07/05/2024,21:15,[21:00-21:15[,S,F,F,C,C,62.00,62.00
07/05/2024,21:30,[21:15-21:30[,S,F,F,C,C,62.00,62.00
07/05/2024,21:45,[21:30-21:45[,S,F,F,C,C,62.00,62.00
07/05/2024,22:00,[21:45-22:00[,S,F,F,C,C,62.00,62.00
07/05/2024,22:15,[22:00-22:15[,S,V,F,V,C,50.01,50.01
07/05/2024,22:30,[22:15-22:30[,S,V,F,V,C,50.01,50.01
07/05/2024,22:45,[22:30-22:45[,S,V,F,V,C,50.01,50.01
07/05/2024,23:00,[22:45-23:00[,S,V,F,V,C,50.01,50.01
07/05/2024,23:15,[23:00-23:15[,S,V,F,V,C,30.00,30.00
07/05/2024,23:30,[23:15-23:30[,S,V,F,V,C,30.00,30.00
07/05/2024,23:45,[23:30-23:45[,S,V,F,V,C,30.00,30.00
07/05/2024,23:59,[23:45-00:00[,S,V,F,V,C,30.00,30.00
08/05/2024,00:15,[00:00-00:15[,S,V,V,V,V,20.18,20.18
08/05/2024,00:30,[00:15-00:30[,S,V,V,V,V,20.18,20.18
08/05/2024,00:45,[00:30-00:45[,S,V,V,V,V,20.18,20.18
08/05/2024,01:00,[00:45-01:00[,S,V,V,V,V,20.18,20.18
08/05/2024,01:15,[01:00-01:15[,S,V,V,V,V,19.47,19.47
08/05/2024,01:30,[01:15-01:30[,S,V,V,V,V,19.47,19.47
08/05/2024,01:45,[01:30-01:45[,S,V,V,V,V,19.47,19.47
08/05/2024,02:00,[01:45-02:00[,S,V,V,V,V,19.47,19.47
08/05/2024,02:15,[02:00-02:15[,S,V,V,V,V,17.27,17.27
08/05/2024,02:30,[02:15-02:30[,S,V,V,V,V,17.27,17.27
08/05/2024,02:45,[02:30-02:45[,S,V,V,V,V,17.27,17.27
08/05/2024,03:00,[02:45-03:00[,S,V,V,V,V,17.27,17.27
08/05/2024,03:15,[03:00-03:15[,S,V,V,V,V,19.47,19.47
08/05/2024,03:30,[03:15-03:30[,S,V,V,V,V,19.47,19.47
08/05/2024,03:45,[03:30-03:45[,S,V,V,V,V,19.47,19.47
08/05/2024,04:00,[03:45-04:00[,S,V,V,V,V,19.47,19.47
08/05/2024,04:15,[04:00-04:15[,S,V,V,V,V,18.67,18.67
08/05/2024,04:30,[04:15-04:30[,S,V,V,V,V,18.67,18.67
08/05/2024,04:45,[04:30-04:45[,S,V,V,V,V,18.67,18.67
08/05/2024,05:00,[04:45-05:00[,S,V,V,V,V,18.67,18.67
08/05/2024,05:15,[05:00-05:15[,S,V,V,V,V,21.07,21.07
08/05/2024,05:30,[05:15-05:30[,S,V,V,V,V,21.07,21.07
08/05/2024,05:45,[05:30-05:45[,S,V,V,V,V,21.07,21.07
08/05/2024,06:00,[05:45-06:00[,S,V,V,V,V,21.07,21.07
08/05/2024,06:15,[06:00-06:15[,S,V,V,V,V,35.01,35.01
08/05/2024,06:30,[06:15-06:30[,S,V,V,V,V,35.01,35.01
08/05/2024,06:45,[06:30-06:45[,S,V,V,V,V,35.01,35.01
08/05/2024,07:00,[06:45-07:00[,S,V,V,V,V,35.01,35.01
08/05/2024,07:15,[07:00-07:15[,S,V,F,V,C,30.00,30.00
08/05/2024,07:30,[07:15-07:30[,S,V,F,V,C,30.00,30.00
08/05/2024,07:45,[07:30-07:45[,S,V,F,V,C,30.00,30.00
08/05/2024,08:00,[07:45-08:00[,S,V,F,V,C,30.00,30.00
08/05/2024,08:15,[08:00-08:15[,S,F,F,C,C,18.67,18.67
08/05/2024,08:30,[08:15-08:30[,S,F,F,C,C,18.67,18.67
08/05/2024,08:45,[08:30-08:45[,S,F,F,C,C,18.67,18.67
08/05/2024,09:00,[08:45-09:00[,S,F,F,C,C,18.67,18.67
08/05/2024,09:15,[09:00-09:15[,S,F,F,C,C,10.00,10.00
08/05/2024,09:30,[09:15-09:30[,S,F,F,C,P,10.00,10.00
08/05/2024,09:45,[09:30-09:45[,S,F,F,C,P,10.00,10.00
08/05/2024,10:00,[09:45-10:00[,S,F,F,C,P,10.00,10.00
08/05/2024,10:15,[10:00-10:15[,S,F,F,C,P,6.55,6.55
08/05/2024,10:30,[10:15-10:30[,S,F,F,C,P,6.55,6.55
08/05/2024,10:45,[10:30-10:45[,S,F,F,P,P,6.55,6.55
08/05/2024,11:00,[10:45-11:00[,S,F,F,P,P,6.55,6.55
08/05/2024,11:15,[11:00-11:15[,S,F,F,P,P,3.25,3.25
08/05/2024,11:30,[11:15-11:30[,S,F,F,P,P,3.25,3.25
08/05/2024,11:45,[11:30-11:45[,S,F,F,P,P,3.25,3.25
08/05/2024,12:00,[11:45-12:00[,S,F,F,P,P,3.25,3.25
08/05/2024,12:15,[12:00-12:15[,S,F,F,P,P,3.25,3.25
08/05/2024,12:30,[12:15-12:30[,S,F,F,P,C,3.25,3.25
08/05/2024,12:45,[12:30-12:45[,S,F,F,P,C,3.25,3.25
08/05/2024,13:00,[12:45-13:00[,S,F,F,P,C,3.25,3.25
08/05/2024,13:15,[13:00-13:15[,S,F,F,C,C,3.25,3.25
08/05/2024,13:30,[13:15-13:30[,S,F,F,C,C,3.25,3.25
08/05/2024,13:45,[13:30-13:45[,S,F,F,C,C,3.25,3.25
08/05/2024,14:00,[13:45-14:00[,S,F,F,C,C,3.25,3.25
08/05/2024,14:15,[14:00-14:15[,S,F,F,C,C,3.25,3.25
08/05/2024,14:30,[14:15-14:30[,S,F,F,C,C,3.25,3.25
08/05/2024,14:45,[14:30-14:45[,S,F,F,C,C,3.25,3.25
08/05/2024,15:00,[14:45-15:00[,S,F,F,C,C,3.25,3.25
08/05/2024,15:15,[15:00-15:15[,S,F,F,C,C,7.53,3.25
08/05/2024,15:30,[15:15-15:30[,S,F,F,C,C,7.53,3.25
08/05/2024,15:45,[15:30-15:45[,S,F,F,C,C,7.53,3.25
08/05/2024,16:00,[15:45-16:00[,S,F,F,C,C,7.53,3.25
08/05/2024,16:15,[16:00-16:15[,S,F,F,C,C,8.47,3.60
08/05/2024,16:30,[16:15-16:30[,S,F,F,C,C,8.47,3.60
08/05/2024,16:45,[16:30-16:45[,S,F,F,C,C,8.47,3.60
08/05/2024,17:00,[16:45-17:00[,S,F,F,C,C,8.47,3.60
08/05/2024,17:15,[17:00-17:15[,S,F,F,C,C,11.16,10.00
08/05/2024,17:30,[17:15-17:30[,S,F,F,C,C,11.16,10.00
08/05/2024,17:45,[17:30-17:45[,S,F,F,C,C,11.16,10.00
08/05/2024,18:00,[17:45-18:00[,S,F,F,C,C,11.16,10.00
08/05/2024,18:15,[18:00-18:15[,S,F,F,C,C,24.50,24.50
08/05/2024,18:30,[18:15-18:30[,S,F,F,C,C,24.50,24.50
08/05/2024,18:45,[18:30-18:45[,S,F,F,C,C,24.50,24.50
08/05/2024,19:00,[18:45-19:00[,S,F,F,C,C,24.50,24.50
08/05/2024,19:15,[19:00-19:15[,S,F,F,C,C,39.52,39.52
08/05/2024,19:30,[19:15-19:30[,S,F,F,C,C,39.52,39.52
08/05/2024,19:45,[19:30-19:45[,S,F,F,P,C,39.52,39.52
08/05/2024,20:00,[19:45-20:00[,S,F,F,P,C,39.52,39.52
08/05/2024,20:15,[20:00-20:15[,S,F,F,P,C,63.38,63.38
08/05/2024,20:30,[20:15-20:30[,S,F,F,P,C,63.38,63.38
08/05/2024,20:45,[20:30-20:45[,S,F,F,P,C,63.38,63.38
08/05/2024,21:00,[20:45-21:00[,S,F,F,P,C,63.38,63.38
08/05/2024,21:15,[21:00-21:15[,S,F,F,C,C,54.36,54.36
08/05/2024,21:30,[21:15-21:30[,S,F,F,C,C,54.36,54.36
08/05/2024,21:45,[21:30-21:45[,S,F,F,C,C,54.36,54.36
08/05/2024,22:00,[21:45-22:00[,S,F,F,C,C,54.36,54.36
08/05/2024,22:15,[22:00-22:15[,S,V,F,V,C,51.91,51.91
08/05/2024,22:30,[22:15-22:30[,S,V,F,V,C,51.91,51.91
08/05/2024,22:45,[22:30-22:45[,S,V,F,V,C,51.91,51.91
08/05/2024,23:00,[22:45-23:00[,S,V,F,V,C,51.91,51.91
08/05/2024,23:15,[23:00-23:15[,S,V,F,V,C,35.01,35.01
08/05/2024,23:30,[23:15-23:30[,S,V,F,V,C,35.01,35.01
08/05/2024,23:45,[23:30-23:45[,S,V,F,V,C,35.01,35.01
08/05/2024,23:59,[23:45-00:00[,S,V,F,V,C,35.01,35.01
09/05/2024,00:15,[00:00-00:15[,S,V,V,V,V,35.01,35.01
09/05/2024,00:30,[00:15-00:30[,S,V,V,V,V,35.01,35.01
09/05/2024,00:45,[00:30-00:45[,S,V,V,V,V,35.01,35.01
09/05/2024,01:00,[00:45-01:00[,S,V,V,V,V,35.01,35.01
09/05/2024,01:15,[01:00-01:15[,S,V,V,V,V,35.00,35.00
09/05/2024,01:30,[01:15-01:30[,S,V,V,V,V,35.00,35.00
09/05/2024,01:45,[01:30-01:45[,S,V,V,V,V,35.00,35.00
09/05/2024,02:00,[01:45-02:00[,S,V,V,V,V,35.00,35.00
09/05/2024,02:15,[02:00-02:15[,S,V,V,V,V,35.00,35.00
09/05/2024,02:30,[02:15-02:30[,S,V,V,V,V,35.00,35.00
09/05/2024,02:45,[02:30-02:45[,S,V,V,V,V,35.00,35.00
09/05/2024,03:00,[02:45-03:00[,S,V,V,V,V,35.00,35.00
09/05/2024,03:15,[03:00-03:15[,S,V,V,V,V,35.01,35.01
09/05/2024,03:30,[03:15-03:30[,S,V,V,V,V,35.01,35.01
09/05/2024,03:45,[03:30-03:45[,S,V,V,V,V,35.01,35.01
09/05/2024,04:00,[03:45-04:00[,S,V,V,V,V,35.01,35.01
09/05/2024,04:15,[04:00-04:15[,S,V,V,V,V,35.01,35.01
09/05/2024,04:30,[04:15-04:30[,S,V,V,V,V,35.01,35.01
09/05/2024,04:45,[04:30-04:45[,S,V,V,V,V,35.01,35.01
09/05/2024,05:00,[04:45-05:00[,S,V,V,V,V,35.01,35.01
09/05/2024,05:15,[05:00-05:15[,S,V,V,V,V,47.33,47.33
09/05/2024,05:30,[05:15-05:30[,S,V,V,V,V,47.33,47.33
09/05/2024,05:45,[05:30-05:45[,S,V,V,V,V,47.33,47.33
09/05/2024,06:00,[05:45-06:00[,S,V,V,V,V,47.33,47.33
09/05/2024,06:15,[06:00-06:15[,S,V,V,V,V,68.78,68.78
09/05/2024,06:30,[06:15-06:30[,S,V,V,V,V,68.78,68.78
09/05/2024,06:45,[06:30-06:45[,S,V,V,V,V,68.78,68.78
09/05/2024,07:00,[06:45-07:00[,S,V,V,V,V,68.78,68.78
09/05/2024,07:15,[07:00-07:15[,S,V,F,V,C,40.15,40.15
09/05/2024,07:30,[07:15-07:30[,S,V,F,V,C,40.15,40.15
09/05/2024,07:45,[07:30-07:45[,S,V,F,V,C,40.15,40.15
09/05/2024,08:00,[07:45-08:00[,S,V,F,V,C,40.15,40.15
09/05/2024,08:15,[08:00-08:15[,S,F,F,C,C,29.90,29.90
09/05/2024,08:30,[08:15-08:30[,S,F,F,C,C,29.90,29.90
09/05/2024,08:45,[08:30-08:45[,S,F,F,C,C,29.90,29.90
09/05/2024,09:00,[08:45-09:00[,S,F,F,C,C,29.90,29.90
09/05/2024,09:15,[09:00-09:15[,S,F,F,C,C,10.99,10.99
09/05/2024,09:30,[09:15-09:30[,S,F,F,C,P,10.99,10.99
09/05/2024,09:45,[09:30-09:45[,S,F,F,C,P,10.99,10.99
09/05/2024,10:00,[09:45-10:00[,S,F,F,C,P,10.99,10.99
09/05/2024,10:15,[10:00-10:15[,S,F,F,C,P,7.23,3.25
09/05/2024,10:30,[10:15-10:30[,S,F,F,C,P,7.23,3.25
09/05/2024,10:45,[10:30-10:45[,S,F,F,P,P,7.23,3.25
09/05/2024,11:00,[10:45-11:00[,S,F,F,P,P,7.23,3.25
09/05/2024,11:15,[11:00-11:15[,S,F,F,P,P,9.41,0.44
09/05/2024,11:30,[11:15-11:30[,S,F,F,P,P,9.41,0.44
09/05/2024,11:45,[11:30-11:45[,S,F,F,P,P,9.41,0.44
09/05/2024,12:00,[11:45-12:00[,S,F,F,P,P,9.41,0.44
09/05/2024,12:15,[12:00-12:15[,S,F,F,P,P,9.41,0.44
09/05/2024,12:30,[12:15-12:30[,S,F,F,P,C,9.41,0.44
09/05/2024,12:45,[12:30-12:45[,S,F,F,P,C,9.41,0.44
09/05/2024,13:00,[12:45-13:00[,S,F,F,P,C,9.41,0.44
09/05/2024,13:15,[13:00-13:15[,S,F,F,C,C,9.41,0.44
09/05/2024,13:30,[13:15-13:30[,S,F,F,C,C,9.41,0.44
09/05/2024,13:45,[13:30-13:45[,S,F,F,C,C,9.41,0.44
09/05/2024,14:00,[13:45-14:00[,S,F,F,C,C,9.41,0.44
09/05/2024,14:15,[14:00-14:15[,S,F,F,C,C,9.41,0.44
09/05/2024,14:30,[14:15-14:30[,S,F,F,C,C,9.41,0.44
09/05/2024,14:45,[14:30-14:45[,S,F,F,C,C,9.41,0.44
09/05/2024,15:00,[14:45-15:00[,S,F,F,C,C,9.41,0.44
09/05/2024,15:15,[15:00-15:15[,S,F,F,C,C,9.41,1.74
09/05/2024,15:30,[15:15-15:30[,S,F,F,C,C,9.41,1.74
09/05/2024,15:45,[15:30-15:45[,S,F,F,C,C,9.41,1.74
09/05/2024,16:00,[15:45-16:00[,S,F,F,C,C,9.41,1.74
09/05/2024,16:15,[16:00-16:15[,S,F,F,C,C,11.16,5.89
09/05/2024,16:30,[16:15-16:30[,S,F,F,C,C,11.16,5.89
09/05/2024,16:45,[16:30-16:45[,S,F,F,C,C,11.16,5.89
09/05/2024,17:00,[16:45-17:00[,S,F,F,C,C,11.16,5.89
09/05/2024,17:15,[17:00-17:15[,S,F,F,C,C,14.99,14.99
09/05/2024,17:30,[17:15-17:30[,S,F,F,C,C,14.99,14.99
09/05/2024,17:45,[17:30-17:45[,S,F,F,C,C,14.99,14.99
09/05/2024,18:00,[17:45-18:00[,S,F,F,C,C,14.99,14.99
09/05/2024,18:15,[18:00-18:15[,S,F,F,C,C,35.00,35.00
09/05/2024,18:30,[18:15-18:30[,S,F,F,C,C,35.00,35.00
09/05/2024,18:45,[18:30-18:45[,S,F,F,C,C,35.00,35.00
09/05/2024,19:00,[18:45-19:00[,S,F,F,C,C,35.00,35.00
09/05/2024,19:15,[19:00-19:15[,S,F,F,C,C,72.94,72.94
09/05/2024,19:30,[19:15-19:30[,S,F,F,C,C,72.94,72.94
09/05/2024,19:45,[19:30-19:45[,S,F,F,P,C,72.94,72.94
09/05/2024,20:00,[19:45-20:00[,S,F,F,P,C,72.94,72.94
09/05/2024,20:15,[20:00-20:15[,S,F,F,P,C,104.62,104.62
09/05/2024,20:30,[20:15-20:30[,S,F,F,P,C,104.62,104.62
09/05/2024,20:45,[20:30-20:45[,S,F,F,P,C,104.62,104.62
09/05/2024,21:00,[20:45-21:00[,S,F,F,P,C,104.62,104.62
09/05/2024,21:15,[21:00-21:15[,S,F,F,C,C,91.83,91.83
09/05/2024,21:30,[21:15-21:30[,S,F,F,C,C,91.83,91.83
09/05/2024,21:45,[21:30-21:45[,S,F,F,C,C,91.83,91.83
09/05/2024,22:00,[21:45-22:00[,S,F,F,C,C,91.83,91.83
09/05/2024,22:15,[22:00-22:15[,S,V,F,V,C,65.72,65.72
09/05/2024,22:30,[22:15-22:30[,S,V,F,V,C,65.72,65.72
09/05/2024,22:45,[22:30-22:45[,S,V,F,V,C,65.72,65.72
09/05/2024,23:00,[22:45-23:00[,S,V,F,V,C,65.72,65.72
09/05/2024,23:15,[23:00-23:15[,S,V,F,V,C,45.00,45.00
09/05/2024,23:30,[23:15-23:30[,S,V,F,V,C,45.00,45.00
09/05/2024,23:45,[23:30-23:45[,S,V,F,V,C,45.00,45.00
09/05/2024,23:59,[23:45-00:00[,S,V,F,V,C,45.00,45.00
10/05/2024,00:15,[00:00-00:15[,S,V,V,V,V,40.74,40.74
10/05/2024,00:30,[00:15-00:30[,S,V,V,V,V,40.74,40.74
10/05/2024,00:45,[00:30-00:45[,S,V,V,V,V,40.74,40.74
10/05/2024,01:00,[00:45-01:00[,S,V,V,V,V,40.74,40.74
10/05/2024,01:15,[01:00-01:15[,S,V,V,V,V,39.95,39.95
10/05/2024,01:30,[01:15-01:30[,S,V,V,V,V,39.95,39.95
10/05/2024,01:45,[01:30-01:45[,S,V,V,V,V,39.95,39.95
10/05/2024,02:00,[01:45-02:00[,S,V,V,V,V,39.95,39.95
10/05/2024,02:15,[02:00-02:15[,S,V,V,V,V,38.00,38.00
10/05/2024,02:30,[02:15-02:30[,S,V,V,V,V,38.00,38.00
10/05/2024,02:45,[02:30-02:45[,S,V,V,V,V,38.00,38.00
10/05/2024,03:00,[02:45-03:00[,S,V,V,V,V,38.00,38.00
10/05/2024,03:15,[03:00-03:15[,S,V,V,V,V,38.55,38.55
10/05/2024,03:30,[03:15-03:30[,S,V,V,V,V,38.55,38.55
10/05/2024,03:45,[03:30-03:45[,S,V,V,V,V,38.55,38.55
10/05/2024,04:00,[03:45-04:00[,S,V,V,V,V,38.55,38.55
10/05/2024,04:15,[04:00-04:15[,S,V,V,V,V,40.86,40.86
10/05/2024,04:30,[04:15-04:30[,S,V,V,V,V,40.86,40.86
10/05/2024,04:45,[04:30-04:45[,S,V,V,V,V,40.86,40.86
10/05/2024,05:00,[04:45-05:00[,S,V,V,V,V,40.86,40.86
10/05/2024,05:15,[05:00-05:15[,S,V,V,V,V,57.00,57.00
10/05/2024,05:30,[05:15-05:30[,S,V,V,V,V,57.00,57.00
10/05/2024,05:45,[05:30-05:45[,S,V,V,V,V,57.00,57.00
10/05/2024,06:00,[05:45-06:00[,S,V,V,V,V,57.00,57.00
10/05/2024,06:15,[06:00-06:15[,S,V,V,V,V,75.72,75.72
10/05/2024,06:30,[06:15-06:30[,S,V,V,V,V,75.72,75.72
10/05/2024,06:45,[06:30-06:45[,S,V,V,V,V,75.72,75.72
10/05/2024,07:00,[06:45-07:00[,S,V,V,V,V,75.72,75.72
10/05/2024,07:15,[07:00-07:15[,S,V,F,V,C,40.89,40.89
10/05/2024,07:30,[07:15-07:30[,S,V,F,V,C,40.89,40.89
10/05/2024,07:45,[07:30-07:45[,S,V,F,V,C,40.89,40.89
10/05/2024,08:00,[07:45-08:00[,S,V,F,V,C,40.89,40.89
10/05/2024,08:15,[08:00-08:15[,S,F,F,C,C,22.98,22.98
10/05/2024,08:30,[08:15-08:30[,S,F,F,C,C,22.98,22.98
10/05/2024,08:45,[08:30-08:45[,S,F,F,C,C,22.98,22.98
10/05/2024,09:00,[08:45-09:00[,S,F,F,C,C,22.98,22.98
10/05/2024,09:15,[09:00-09:15[,S,F,F,C,C,12.10,12.10
10/05/2024,09:30,[09:15-09:30[,S,F,F,C,P,12.10,12.10
10/05/2024,09:45,[09:30-09:45[,S,F,F,C,P,12.10,12.10
10/05/2024,10:00,[09:45-10:00[,S,F,F,C,P,12.10,12.10
10/05/2024,10:15,[10:00-10:15[,S,F,F,C,P,4.50,3.25
10/05/2024,10:30,[10:15-10:30[,S,F,F,C,P,4.50,3.25
10/05/2024,10:45,[10:30-10:45[,S,F,F,P,P,4.50,3.25
10/05/2024,11:00,[10:45-11:00[,S,F,F,P,P,4.50,3.25
10/05/2024,11:15,[11:00-11:15[,S,F,F,P,P,4.50,0.98
10/05/2024,11:30,[11:15-11:30[,S,F,F,P,P,4.50,0.98
10/05/2024,11:45,[11:30-11:45[,S,F,F,P,P,4.50,0.98
10/05/2024,12:00,[11:45-12:00[,S,F,F,P,P,4.50,0.98
10/05/2024,12:15,[12:00-12:15[,S,F,F,P,P,0.44,0.44
10/05/2024,12:30,[12:15-12:30[,S,F,F,P,C,0.44,0.44
10/05/2024,12:45,[12:30-12:45[,S,F,F,P,C,0.44,0.44
10/05/2024,13:00,[12:45-13:00[,S,F,F,P,C,0.44,0.44
10/05/2024,13:15,[13:00-13:15[,S,F,F,C,C,3.24,0.44
10/05/2024,13:30,[13:15-13:30[,S,F,F,C,C,3.24,0.44
10/05/2024,13:45,[13:30-13:45[,S,F,F,C,C,3.24,0.44
10/05/2024,14:00,[13:45-14:00[,S,F,F,C,C,3.24,0.44
10/05/2024,14:15,[14:00-14:15[,S,F,F,C,C,0.99,0.88
10/05/2024,14:30,[14:15-14:30[,S,F,F,C,C,0.99,0.88
10/05/2024,14:45,[14:30-14:45[,S,F,F,C,C,0.99,0.88
10/05/2024,15:00,[14:45-15:00[,S,F,F,C,C,0.99,0.88
10/05/2024,15:15,[15:00-15:15[,S,F,F,C,C,3.25,3.25
10/05/2024,15:30,[15:15-15:30[,S,F,F,C,C,3.25,3.25
10/05/2024,15:45,[15:30-15:45[,S,F,F,C,C,3.25,3.25
10/05/2024,16:00,[15:45-16:00[,S,F,F,C,C,3.25,3.25
10/05/2024,16:15,[16:00-16:15[,S,F,F,C,C,6.31,6.31
10/05/2024,16:30,[16:15-16:30[,S,F,F,C,C,6.31,6.31
10/05/2024,16:45,[16:30-16:45[,S,F,F,C,C,6.31,6.31
10/05/2024,17:00,[16:45-17:00[,S,F,F,C,C,6.31,6.31
10/05/2024,17:15,[17:00-17:15[,S,F,F,C,C,9.76,9.76
10/05/2024,17:30,[17:15-17:30[,S,F,F,C,C,9.76,9.76
10/05/2024,17:45,[17:30-17:45[,S,F,F,C,C,9.76,9.76
10/05/2024,18:00,[17:45-18:00[,S,F,F,C,C,9.76,9.76
10/05/2024,18:15,[18:00-18:15[,S,F,F,C,C,14.99,14.99
10/05/2024,18:30,[18:15-18:30[,S,F,F,C,C,14.99,14.99
10/05/2024,18:45,[18:30-18:45[,S,F,F,C,C,14.99,14.99
10/05/2024,19:00,[18:45-19:00[,S,F,F,C,C,14.99,14.99
10/05/2024,19:15,[19:00-19:15[,S,F,F,C,C,39.52,39.52
10/05/2024,19:30,[19:15-19:30[,S,F,F,C,C,39.52,39.52
10/05/2024,19:45,[19:30-19:45[,S,F,F,P,C,39.52,39.52
10/05/2024,20:00,[19:45-20:00[,S,F,F,P,C,39.52,39.52
10/05/2024,20:15,[20:00-20:15[,S,F,F,P,C,75.72,75.72
10/05/2024,20:30,[20:15-20:30[,S,F,F,P,C,75.72,75.72
10/05/2024,20:45,[20:30-20:45[,S,F,F,P,C,75.72,75.72
10/05/2024,21:00,[20:45-21:00[,S,F,F,P,C,75.72,75.72
10/05/2024,21:15,[21:00-21:15[,S,F,F,C,C,47.25,47.25
10/05/2024,21:30,[21:15-21:30[,S,F,F,C,C,47.25,47.25
10/05/2024,21:45,[21:30-21:45[,S,F,F,C,C,47.25,47.25
10/05/2024,22:00,[21:45-22:00[,S,F,F,C,C,47.25,47.25
10/05/2024,22:15,[22:00-22:15[,S,V,F,V,C,40.17,40.17
10/05/2024,22:30,[22:15-22:30[,S,V,F,V,C,40.17,40.17
10/05/2024,22:45,[22:30-22:45[,S,V,F,V,C,40.17,40.17
10/05/2024,23:00,[22:45-23:00[,S,V,F,V,C,40.17,40.17
10/05/2024,23:15,[23:00-23:15[,S,V,F,V,C,38.86,38.86
10/05/2024,23:30,[23:15-23:30[,S,V,F,V,C,38.86,38.86
10/05/2024,23:45,[23:30-23:45[,S,V,F,V,C,38.86,38.86
10/05/2024,23:59,[23:45-00:00[,S,V,F,V,C,38.86,38.86
11/05/2024,00:15,[00:00-00:15[,S,V,V,V,V,35.01,35.01
11/05/2024,00:30,[00:15-00:30[,S,V,V,V,V,35.01,35.01
11/05/2024,00:45,[00:30-00:45[,S,V,V,V,V,35.01,35.01
11/05/2024,01:00,[00:45-01:00[,S,V,V,V,V,35.01,35.01
11/05/2024,01:15,[01:00-01:15[,S,V,V,V,V,35.00,35.00
11/05/2024,01:30,[01:15-01:30[,S,V,V,V,V,35.00,35.00
11/05/2024,01:45,[01:30-01:45[,S,V,V,V,V,35.00,35.00
11/05/2024,02:00,[01:45-02:00[,S,V,V,V,V,35.00,35.00
11/05/2024,02:15,[02:00-02:15[,S,V,V,V,V,35.01,35.01
11/05/2024,02:30,[02:15-02:30[,S,V,V,V,V,35.01,35.01
11/05/2024,02:45,[02:30-02:45[,S,V,V,V,V,35.01,35.01
11/05/2024,03:00,[02:45-03:00[,S,V,V,V,V,35.01,35.01
11/05/2024,03:15,[03:00-03:15[,S,V,V,V,V,35.01,35.01
11/05/2024,03:30,[03:15-03:30[,S,V,V,V,V,35.01,35.01
11/05/2024,03:45,[03:30-03:45[,S,V,V,V,V,35.01,35.01
11/05/2024,04:00,[03:45-04:00[,S,V,V,V,V,35.01,35.01
11/05/2024,04:15,[04:00-04:15[,S,V,V,V,V,35.01,35.01
11/05/2024,04:30,[04:15-04:30[,S,V,V,V,V,35.01,35.01
11/05/2024,04:45,[04:30-04:45[,S,V,V,V,V,35.01,35.01
11/05/2024,05:00,[04:45-05:00[,S,V,V,V,V,35.01,35.01
11/05/2024,05:15,[05:00-05:15[,S,V,V,V,V,35.01,35.01
11/05/2024,05:30,[05:15-05:30[,S,V,V,V,V,35.01,35.01
11/05/2024,05:45,[05:30-05:45[,S,V,V,V,V,35.01,35.01
11/05/2024,06:00,[05:45-06:00[,S,V,V,V,V,35.01,35.01
11/05/2024,06:15,[06:00-06:15[,S,V,V,V,V,35.01,35.01
11/05/2024,06:30,[06:15-06:30[,S,V,V,V,V,35.01,35.01
11/05/2024,06:45,[06:30-06:45[,S,V,V,V,V,35.01,35.01
11/05/2024,07:00,[06:45-07:00[,S,V,V,V,V,35.01,35.01
11/05/2024,07:15,[07:00-07:15[,S,V,V,V,V,28.07,28.07
11/05/2024,07:30,[07:15-07:30[,S,V,V,V,V,28.07,28.07
11/05/2024,07:45,[07:30-07:45[,S,V,V,V,V,28.07,28.07
11/05/2024,08:00,[07:45-08:00[,S,V,V,V,V,28.07,28.07
11/05/2024,08:15,[08:00-08:15[,S,F,V,C,V,6.40,6.40
11/05/2024,08:30,[08:15-08:30[,S,F,V,C,V,6.40,6.40
11/05/2024,08:45,[08:30-08:45[,S,F,V,C,V,6.40,6.40
11/05/2024,09:00,[08:45-09:00[,S,F,V,C,V,6.40,6.40
11/05/2024,09:15,[09:00-09:15[,S,F,F,C,C,1.00,0.00
11/05/2024,09:30,[09:15-09:30[,S,F,F,C,C,1.00,0.00
11/05/2024,09:45,[09:30-09:45[,S,F,F,C,C,1.00,0.00
11/05/2024,10:00,[09:45-10:00[,S,F,F,C,C,1.00,0.00
11/05/2024,10:15,[10:00-10:15[,S,F,F,C,C,0.98,0.00
11/05/2024,10:30,[10:15-10:30[,S,F,F,C,C,0.98,0.00
11/05/2024,10:45,[10:30-10:45[,S,F,F,P,C,0.98,0.00
11/05/2024,11:00,[10:45-11:00[,S,F,F,P,C,0.98,0.00
11/05/2024,11:15,[11:00-11:15[,S,F,F,P,C,0.06,0.00
11/05/2024,11:30,[11:15-11:30[,S,F,F,P,C,0.06,0.00
11/05/2024,11:45,[11:30-11:45[,S,F,F,P,C,0.06,0.00
11/05/2024,12:00,[11:45-12:00[,S,F,F,P,C,0.06,0.00
11/05/2024,12:15,[12:00-12:15[,S,F,F,P,C,0.05,0.00
11/05/2024,12:30,[12:15-12:30[,S,F,F,P,C,0.05,0.00
11/05/2024,12:45,[12:30-12:45[,S,F,F,P,C,0.05,0.00
11/05/2024,13:00,[12:45-13:00[,S,F,F,P,C,0.05,0.00
11/05/2024,13:15,[13:00-13:15[,S,F,F,C,C,0.00,-0.01
11/05/2024,13:30,[13:15-13:30[,S,F,F,C,C,0.00,-0.01
11/05/2024,13:45,[13:30-13:45[,S,F,F,C,C,0.00,-0.01
11/05/2024,14:00,[13:45-14:00[,S,F,F,C,C,0.00,-0.01
11/05/2024,14:15,[14:00-14:15[,S,F,V,C,V,-0.10,-0.25
11/05/2024,14:30,[14:15-14:30[,S,F,V,C,V,-0.10,-0.25
11/05/2024,14:45,[14:30-14:45[,S,F,V,C,V,-0.10,-0.25
11/05/2024,15:00,[14:45-15:00[,S,F,V,C,V,-0.10,-0.25
11/05/2024,15:15,[15:00-15:15[,S,F,V,C,V,-0.41,-0.41
11/05/2024,15:30,[15:15-15:30[,S,F,V,C,V,-0.41,-0.41
11/05/2024,15:45,[15:30-15:45[,S,F,V,C,V,-0.41,-0.41
11/05/2024,16:00,[15:45-16:00[,S,F,V,C,V,-0.41,-0.41
11/05/2024,16:15,[16:00-16:15[,S,F,V,C,V,0.00,0.00
11/05/2024,16:30,[16:15-16:30[,S,F,V,C,V,0.00,0.00
11/05/2024,16:45,[16:30-16:45[,S,F,V,C,V,0.00,0.00
11/05/2024,17:00,[16:45-17:00[,S,F,V,C,V,0.00,0.00
11/05/2024,17:15,[17:00-17:15[,S,F,V,C,V,3.25,3.25
11/05/2024,17:30,[17:15-17:30[,S,F,V,C,V,3.25,3.25
11/05/2024,17:45,[17:30-17:45[,S,F,V,C,V,3.25,3.25
11/05/2024,18:00,[17:45-18:00[,S,F,V,C,V,3.25,3.25
11/05/2024,18:15,[18:00-18:15[,S,F,V,C,V,11.10,11.10
11/05/2024,18:30,[18:15-18:30[,S,F,V,C,V,11.10,11.10
11/05/2024,18:45,[18:30-18:45[,S,F,V,C,V,11.10,11.10
11/05/2024,19:00,[18:45-19:00[,S,F,V,C,V,11.10,11.10
11/05/2024,19:15,[19:00-19:15[,S,F,V,C,V,35.00,35.00
11/05/2024,19:30,[19:15-19:30[,S,F,V,C,V,35.00,35.00
11/05/2024,19:45,[19:30-19:45[,S,F,V,P,V,35.00,35.00
11/05/2024,20:00,[19:45-20:00[,S,F,V,P,V,35.00,35.00
11/05/2024,20:15,[20:00-20:15[,S,F,F,P,C,44.00,44.00
11/05/2024,20:30,[20:15-20:30[,S,F,F,P,C,44.00,44.00
11/05/2024,20:45,[20:30-20:45[,S,F,F,P,C,44.00,44.00
11/05/2024,21:00,[20:45-21:00[,S,F,F,P,C,44.00,44.00
11/05/2024,21:15,[21:00-21:15[,S,F,F,C,C,41.63,41.63
11/05/2024,21:30,[21:15-21:30[,S,F,F,C,C,41.63,41.63
11/05/2024,21:45,[21:30-21:45[,S,F,F,C,C,41.63,41.63
11/05/2024,22:00,[21:45-22:00[,S,F,F,C,C,41.63,41.63
11/05/2024,22:15,[22:00-22:15[,S,V,V,V,V,41.46,41.46
11/05/2024,22:30,[22:15-22:30[,S,V,V,V,V,41.46,41.46
11/05/2024,22:45,[22:30-22:45[,S,V,V,V,V,41.46,41.46
11/05/2024,23:00,[22:45-23:00[,S,V,V,V,V,41.46,41.46
11/05/2024,23:15,[23:00-23:15[,S,V,V,V,V,35.01,35.01
11/05/2024,23:30,[23:15-23:30[,S,V,V,V,V,35.01,35.01
11/05/2024,23:45,[23:30-23:45[,S,V,V,V,V,35.01,35.01
11/05/2024,23:59,[23:45-00:00[,S,V,V,V,V,35.01,35.01
12/05/2024,00:15,[00:00-00:15[,S,V,V,V,V,35.00,35.00
12/05/2024,00:30,[00:15-00:30[,S,V,V,V,V,35.00,35.00
12/05/2024,00:45,[00:30-00:45[,S,V,V,V,V,35.00,35.00
12/05/2024,01:00,[00:45-01:00[,S,V,V,V,V,35.00,35.00
12/05/2024,01:15,[01:00-01:15[,S,V,V,V,V,35.00,35.00
12/05/2024,01:30,[01:15-01:30[,S,V,V,V,V,35.00,35.00
12/05/2024,01:45,[01:30-01:45[,S,V,V,V,V,35.00,35.00
12/05/2024,02:00,[01:45-02:00[,S,V,V,V,V,35.00,35.00
12/05/2024,02:15,[02:00-02:15[,S,V,V,V,V,35.00,35.00
12/05/2024,02:30,[02:15-02:30[,S,V,V,V,V,35.00,35.00
12/05/2024,02:45,[02:30-02:45[,S,V,V,V,V,35.00,35.00
12/05/2024,03:00,[02:45-03:00[,S,V,V,V,V,35.00,35.00
12/05/2024,03:15,[03:00-03:15[,S,V,V,V,V,35.00,35.00
12/05/2024,03:30,[03:15-03:30[,S,V,V,V,V,35.00,35.00
12/05/2024,03:45,[03:30-03:45[,S,V,V,V,V,35.00,35.00
12/05/2024,04:00,[03:45-04:00[,S,V,V,V,V,35.00,35.00
12/05/2024,04:15,[04:00-04:15[,S,V,V,V,V,35.00,35.00
12/05/2024,04:30,[04:15-04:30[,S,V,V,V,V,35.00,35.00
12/05/2024,04:45,[04:30-04:45[,S,V,V,V,V,35.00,35.00
12/05/2024,05:00,[04:45-05:00[,S,V,V,V,V,35.00,35.00
12/05/2024,05:15,[05:00-05:15[,S,V,V,V,V,35.00,35.00
12/05/2024,05:30,[05:15-05:30[,S,V,V,V,V,35.00,35.00
12/05/2024,05:45,[05:30-05:45[,S,V,V,V,V,35.00,35.00
12/05/2024,06:00,[05:45-06:00[,S,V,V,V,V,35.00,35.00
12/05/2024,06:15,[06:00-06:15[,S,V,V,V,V,34.07,34.07
12/05/2024,06:30,[06:15-06:30[,S,V,V,V,V,34.07,34.07
12/05/2024,06:45,[06:30-06:45[,S,V,V,V,V,34.07,34.07
12/05/2024,07:00,[06:45-07:00[,S,V,V,V,V,34.07,34.07
12/05/2024,07:15,[07:00-07:15[,S,V,V,V,V,2.35,2.35
12/05/2024,07:30,[07:15-07:30[,S,V,V,V,V,2.35,2.35
12/05/2024,07:45,[07:30-07:45[,S,V,V,V,V,2.35,2.35
12/05/2024,08:00,[07:45-08:00[,S,V,V,V,V,2.35,2.35
12/05/2024,08:15,[08:00-08:15[,S,F,V,C,V,0.00,0.00
12/05/2024,08:30,[08:15-08:30[,S,F,V,C,V,0.00,0.00
12/05/2024,08:45,[08:30-08:45[,S,F,V,C,V,0.00,0.00
12/05/2024,09:00,[08:45-09:00[,S,F,V,C,V,0.00,0.00
12/05/2024,09:15,[09:00-09:15[,S,F,V,C,V,0.00,0.00
12/05/2024,09:30,[09:15-09:30[,S,F,V,C,V,0.00,0.00
12/05/2024,09:45,[09:30-09:45[,S,F,V,C,V,0.00,0.00
12/05/2024,10:00,[09:45-10:00[,S,F,V,C,V,0.00,0.00
12/05/2024,10:15,[10:00-10:15[,S,F,V,C,V,3.23,-0.75
12/05/2024,10:30,[10:15-10:30[,S,F,V,C,V,3.23,-0.75
12/05/2024,10:45,[10:30-10:45[,S,F,V,P,V,3.23,-0.75
12/05/2024,11:00,[10:45-11:00[,S,F,V,P,V,3.23,-0.75
12/05/2024,11:15,[11:00-11:15[,S,F,V,P,V,3.23,-0.62
12/05/2024,11:30,[11:15-11:30[,S,F,V,P,V,3.23,-0.62
12/05/2024,11:45,[11:30-11:45[,S,F,V,P,V,3.23,-0.62
12/05/2024,12:00,[11:45-12:00[,S,F,V,P,V,3.23,-0.62
12/05/2024,12:15,[12:00-12:15[,S,F,V,P,V,3.23,-0.66
12/05/2024,12:30,[12:15-12:30[,S,F,V,P,V,3.23,-0.66
12/05/2024,12:45,[12:30-12:45[,S,F,V,P,V,3.23,-0.66
12/05/2024,13:00,[12:45-13:00[,S,F,V,P,V,3.23,-0.66
12/05/2024,13:15,[13:00-13:15[,S,F,V,C,V,1.70,-0.66
12/05/2024,13:30,[13:15-13:30[,S,F,V,C,V,1.70,-0.66
12/05/2024,13:45,[13:30-13:45[,S,F,V,C,V,1.70,-0.66
12/05/2024,14:00,[13:45-14:00[,S,F,V,C,V,1.70,-0.66
12/05/2024,14:15,[14:00-14:15[,S,F,V,C,V,1.70,-1.00
12/05/2024,14:30,[14:15-14:30[,S,F,V,C,V,1.70,-1.00
12/05/2024,14:45,[14:30-14:45[,S,F,V,C,V,1.70,-1.00
12/05/2024,15:00,[14:45-15:00[,S,F,V,C,V,1.70,-1.00
12/05/2024,15:15,[15:00-15:15[,S,F,V,C,V,0.10,-1.00
12/05/2024,15:30,[15:15-15:30[,S,F,V,C,V,0.10,-1.00
12/05/2024,15:45,[15:30-15:45[,S,F,V,C,V,0.10,-1.00
12/05/2024,16:00,[15:45-16:00[,S,F,V,C,V,0.10,-1.00
12/05/2024,16:15,[16:00-16:15[,S,F,V,C,V,0.10,0.00
12/05/2024,16:30,[16:15-16:30[,S,F,V,C,V,0.10,0.00
12/05/2024,16:45,[16:30-16:45[,S,F,V,C,V,0.10,0.00
12/05/2024,17:00,[16:45-17:00[,S,F,V,C,V,0.10,0.00
12/05/2024,17:15,[17:00-17:15[,S,F,V,C,V,14.30,14.30
12/05/2024,17:30,[17:15-17:30[,S,F,V,C,V,14.30,14.30
12/05/2024,17:45,[17:30-17:45[,S,F,V,C,V,14.30,14.30
12/05/2024,18:00,[17:45-18:00[,S,F,V,C,V,14.30,14.30
12/05/2024,18:15,[18:00-18:15[,S,F,V,C,V,35.00,35.00
12/05/2024,18:30,[18:15-18:30[,S,F,V,C,V,35.00,35.00
12/05/2024,18:45,[18:30-18:45[,S,F,V,C,V,35.00,35.00
12/05/2024,19:00,[18:45-19:00[,S,F,V,C,V,35.00,35.00
12/05/2024,19:15,[19:00-19:15[,S,F,V,C,V,39.53,39.53
12/05/2024,19:30,[19:15-19:30[,S,F,V,C,V,39.53,39.53
12/05/2024,19:45,[19:30-19:45[,S,F,V,P,V,39.53,39.53
12/05/2024,20:00,[19:45-20:00[,S,F,V,P,V,39.53,39.53
12/05/2024,20:15,[20:00-20:15[,S,F,V,P,V,61.50,61.50
12/05/2024,20:30,[20:15-20:30[,S,F,V,P,V,61.50,61.50
12/05/2024,20:45,[20:30-20:45[,S,F,V,P,V,61.50,61.50
12/05/2024,21:00,[20:45-21:00[,S,F,V,P,V,61.50,61.50
12/05/2024,21:15,[21:00-21:15[,S,F,V,C,V,49.98,49.98
12/05/2024,21:30,[21:15-21:30[,S,F,V,C,V,49.98,49.98
12/05/2024,21:45,[21:30-21:45[,S,F,V,C,V,49.98,49.98
12/05/2024,22:00,[21:45-22:00[,S,F,V,C,V,49.98,49.98
12/05/2024,22:15,[22:00-22:15[,S,V,V,V,V,39.68,39.68
12/05/2024,22:30,[22:15-22:30[,S,V,V,V,V,39.68,39.68
12/05/2024,22:45,[22:30-22:45[,S,V,V,V,V,39.68,39.68
12/05/2024,23:00,[22:45-23:00[,S,V,V,V,V,39.68,39.68
12/05/2024,23:15,[23:00-23:15[,S,V,V,V,V,35.00,35.00
12/05/2024,23:30,[23:15-23:30[,S,V,V,V,V,35.00,35.00
12/05/2024,23:45,[23:30-23:45[,S,V,V,V,V,35.00,35.00
12/05/2024,23:59,[23:45-00:00[,S,V,V,V,V,35.00,35.00
13/05/2024,00:15,[00:00-00:15[,S,V,V,V,V,35.00,35.00
13/05/2024,00:30,[00:15-00:30[,S,V,V,V,V,35.00,35.00
13/05/2024,00:45,[00:30-00:45[,S,V,V,V,V,35.00,35.00
13/05/2024,01:00,[00:45-01:00[,S,V,V,V,V,35.00,35.00
13/05/2024,01:15,[01:00-01:15[,S,V,V,V,V,35.00,35.00
13/05/2024,01:30,[01:15-01:30[,S,V,V,V,V,35.00,35.00
13/05/2024,01:45,[01:30-01:45[,S,V,V,V,V,35.00,35.00
13/05/2024,02:00,[01:45-02:00[,S,V,V,V,V,35.00,35.00
13/05/2024,02:15,[02:00-02:15[,S,V,V,V,V,34.04,34.04
13/05/2024,02:30,[02:15-02:30[,S,V,V,V,V,34.04,34.04
13/05/2024,02:45,[02:30-02:45[,S,V,V,V,V,34.04,34.04
13/05/2024,03:00,[02:45-03:00[,S,V,V,V,V,34.04,34.04
13/05/2024,03:15,[03:00-03:15[,S,V,V,V,V,34.03,34.03
13/05/2024,03:30,[03:15-03:30[,S,V,V,V,V,34.03,34.03
13/05/2024,03:45,[03:30-03:45[,S,V,V,V,V,34.03,34.03
13/05/2024,04:00,[03:45-04:00[,S,V,V,V,V,34.03,34.03
13/05/2024,04:15,[04:00-04:15[,S,V,V,V,V,34.00,34.00
13/05/2024,04:30,[04:15-04:30[,S,V,V,V,V,34.00,34.00
13/05/2024,04:45,[04:30-04:45[,S,V,V,V,V,34.00,34.00
13/05/2024,05:00,[04:45-05:00[,S,V,V,V,V,34.00,34.00
13/05/2024,05:15,[05:00-05:15[,S,V,V,V,V,35.00,35.00
13/05/2024,05:30,[05:15-05:30[,S,V,V,V,V,35.00,35.00
13/05/2024,05:45,[05:30-05:45[,S,V,V,V,V,35.00,35.00
13/05/2024,06:00,[05:45-06:00[,S,V,V,V,V,35.00,35.00
13/05/2024,06:15,[06:00-06:15[,S,V,V,V,V,49.35,49.35
13/05/2024,06:30,[06:15-06:30[,S,V,V,V,V,49.35,49.35
13/05/2024,06:45,[06:30-06:45[,S,V,V,V,V,49.35,49.35
13/05/2024,07:00,[06:45-07:00[,S,V,V,V,V,49.35,49.35
13/05/2024,07:15,[07:00-07:15[,S,V,F,V,C,50.00,50.00
13/05/2024,07:30,[07:15-07:30[,S,V,F,V,C,50.00,50.00
13/05/2024,07:45,[07:30-07:45[,S,V,F,V,C,50.00,50.00
13/05/2024,08:00,[07:45-08:00[,S,V,F,V,C,50.00,50.00
13/05/2024,08:15,[08:00-08:15[,S,F,F,C,C,38.03,38.03
13/05/2024,08:30,[08:15-08:30[,S,F,F,C,C,38.03,38.03
13/05/2024,08:45,[08:30-08:45[,S,F,F,C,C,38.03,38.03
13/05/2024,09:00,[08:45-09:00[,S,F,F,C,C,38.03,38.03
13/05/2024,09:15,[09:00-09:15[,S,F,F,C,C,11.70,11.70
13/05/2024,09:30,[09:15-09:30[,S,F,F,C,P,11.70,11.70
13/05/2024,09:45,[09:30-09:45[,S,F,F,C,P,11.70,11.70
13/05/2024,10:00,[09:45-10:00[,S,F,F,C,P,11.70,11.70
13/05/2024,10:15,[10:00-10:15[,S,F,F,C,P,2.01,1.52
13/05/2024,10:30,[10:15-10:30[,S,F,F,C,P,2.01,1.52
13/05/2024,10:45,[10:30-10:45[,S,F,F,P,P,2.01,1.52
13/05/2024,11:00,[10:45-11:00[,S,F,F,P,P,2.01,1.52
13/05/2024,11:15,[11:00-11:15[,S,F,F,P,P,0.10,0.00
13/05/2024,11:30,[11:15-11:30[,S,F,F,P,P,0.10,0.00
13/05/2024,11:45,[11:30-11:45[,S,F,F,P,P,0.10,0.00
13/05/2024,12:00,[11:45-12:00[,S,F,F,P,P,0.10,0.00
13/05/2024,12:15,[12:00-12:15[,S,F,F,P,P,0.00,0.00
13/05/2024,12:30,[12:15-12:30[,S,F,F,P,C,0.00,0.00
13/05/2024,12:45,[12:30-12:45[,S,F,F,P,C,0.00,0.00
13/05/2024,13:00,[12:45-13:00[,S,F,F,P,C,0.00,0.00
13/05/2024,13:15,[13:00-13:15[,S,F,F,C,C,0.00,0.00
13/05/2024,13:30,[13:15-13:30[,S,F,F,C,C,0.00,0.00
13/05/2024,13:45,[13:30-13:45[,S,F,F,C,C,0.00,0.00
13/05/2024,14:00,[13:45-14:00[,S,F,F,C,C,0.00,0.00
13/05/2024,14:15,[14:00-14:15[,S,F,F,C,C,0.00,0.00
13/05/2024,14:30,[14:15-14:30[,S,F,F,C,C,0.00,0.00
13/05/2024,14:45,[14:30-14:45[,S,F,F,C,C,0.00,0.00
13/05/2024,15:00,[14:45-15:00[,S,F,F,C,C,0.00,0.00
13/05/2024,15:15,[15:00-15:15[,S,F,F,C,C,0.44,0.44
13/05/2024,15:30,[15:15-15:30[,S,F,F,C,C,0.44,0.44
13/05/2024,15:45,[15:30-15:45[,S,F,F,C,C,0.44,0.44
13/05/2024,16:00,[15:45-16:00[,S,F,F,C,C,0.44,0.44
13/05/2024,16:15,[16:00-16:15[,S,F,F,C,C,1.70,1.70
13/05/2024,16:30,[16:15-16:30[,S,F,F,C,C,1.70,1.70
13/05/2024,16:45,[16:30-16:45[,S,F,F,C,C,1.70,1.70
13/05/2024,17:00,[16:45-17:00[,S,F,F,C,C,1.70,1.70
13/05/2024,17:15,[17:00-17:15[,S,F,F,C,C,3.25,3.25
13/05/2024,17:30,[17:15-17:30[,S,F,F,C,C,3.25,3.25
13/05/2024,17:45,[17:30-17:45[,S,F,F,C,C,3.25,3.25
13/05/2024,18:00,[17:45-18:00[,S,F,F,C,C,3.25,3.25
13/05/2024,18:15,[18:00-18:15[,S,F,F,C,C,14.30,14.30
13/05/2024,18:30,[18:15-18:30[,S,F,F,C,C,14.30,14.30
13/05/2024,18:45,[18:30-18:45[,S,F,F,C,C,14.30,14.30
13/05/2024,19:00,[18:45-19:00[,S,F,F,C,C,14.30,14.30
13/05/2024,19:15,[19:00-19:15[,S,F,F,C,C,35.00,35.00
13/05/2024,19:30,[19:15-19:30[,S,F,F,C,C,35.00,35.00
13/05/2024,19:45,[19:30-19:45[,S,F,F,P,C,35.00,35.00
13/05/2024,20:00,[19:45-20:00[,S,F,F,P,C,35.00,35.00
13/05/2024,20:15,[20:00-20:15[,S,F,F,P,C,38.03,38.03
13/05/2024,20:30,[20:15-20:30[,S,F,F,P,C,38.03,38.03
13/05/2024,20:45,[20:30-20:45[,S,F,F,P,C,38.03,38.03
13/05/2024,21:00,[20:45-21:00[,S,F,F,P,C,38.03,38.03
13/05/2024,21:15,[21:00-21:15[,S,F,F,C,C,39.68,39.68
13/05/2024,21:30,[21:15-21:30[,S,F,F,C,C,39.68,39.68
13/05/2024,21:45,[21:30-21:45[,S,F,F,C,C,39.68,39.68
13/05/2024,22:00,[21:45-22:00[,S,F,F,C,C,39.68,39.68
13/05/2024,22:15,[22:00-22:15[,S,V,F,V,C,35.01,35.01
13/05/2024,22:30,[22:15-22:30[,S,V,F,V,C,35.01,35.01
13/05/2024,22:45,[22:30-22:45[,S,V,F,V,C,35.01,35.01
13/05/2024,23:00,[22:45-23:00[,S,V,F,V,C,35.01,35.01
13/05/2024,23:15,[23:00-23:15[,S,V,F,V,C,11.10,11.10
13/05/2024,23:30,[23:15-23:30[,S,V,F,V,C,11.10,11.10
13/05/2024,23:45,[23:30-23:45[,S,V,F,V,C,11.10,11.10
13/05/2024,23:59,[23:45-00:00[,S,V,F,V,C,11.10,11.10
14/05/2024,00:15,[00:00-00:15[,S,V,V,V,V,5.00,5.00
14/05/2024,00:30,[00:15-00:30[,S,V,V,V,V,5.00,5.00
14/05/2024,00:45,[00:30-00:45[,S,V,V,V,V,5.00,5.00
14/05/2024,01:00,[00:45-01:00[,S,V,V,V,V,5.00,5.00
14/05/2024,01:15,[01:00-01:15[,S,V,V,V,V,4.16,4.16
14/05/2024,01:30,[01:15-01:30[,S,V,V,V,V,4.16,4.16
14/05/2024,01:45,[01:30-01:45[,S,V,V,V,V,4.16,4.16
14/05/2024,02:00,[01:45-02:00[,S,V,V,V,V,4.16,4.16
14/05/2024,02:15,[02:00-02:15[,S,V,V,V,V,2.00,2.00
14/05/2024,02:30,[02:15-02:30[,S,V,V,V,V,2.00,2.00
14/05/2024,02:45,[02:30-02:45[,S,V,V,V,V,2.00,2.00
14/05/2024,03:00,[02:45-03:00[,S,V,V,V,V,2.00,2.00
14/05/2024,03:15,[03:00-03:15[,S,V,V,V,V,0.01,0.01
14/05/2024,03:30,[03:15-03:30[,S,V,V,V,V,0.01,0.01
14/05/2024,03:45,[03:30-03:45[,S,V,V,V,V,0.01,0.01
14/05/2024,04:00,[03:45-04:00[,S,V,V,V,V,0.01,0.01
14/05/2024,04:15,[04:00-04:15[,S,V,V,V,V,0.49,0.49
14/05/2024,04:30,[04:15-04:30[,S,V,V,V,V,0.49,0.49
14/05/2024,04:45,[04:30-04:45[,S,V,V,V,V,0.49,0.49
14/05/2024,05:00,[04:45-05:00[,S,V,V,V,V,0.49,0.49
14/05/2024,05:15,[05:00-05:15[,S,V,V,V,V,3.25,3.25
14/05/2024,05:30,[05:15-05:30[,S,V,V,V,V,3.25,3.25
14/05/2024,05:45,[05:30-05:45[,S,V,V,V,V,3.25,3.25
14/05/2024,06:00,[05:45-06:00[,S,V,V,V,V,3.25,3.25
14/05/2024,06:15,[06:00-06:15[,S,V,V,V,V,22.00,22.00
14/05/2024,06:30,[06:15-06:30[,S,V,V,V,V,22.00,22.00
14/05/2024,06:45,[06:30-06:45[,S,V,V,V,V,22.00,22.00
14/05/2024,07:00,[06:45-07:00[,S,V,V,V,V,22.00,22.00
14/05/2024,07:15,[07:00-07:15[,S,V,F,V,C,16.50,16.50
14/05/2024,07:30,[07:15-07:30[,S,V,F,V,C,16.50,16.50
14/05/2024,07:45,[07:30-07:45[,S,V,F,V,C,16.50,16.50
14/05/2024,08:00,[07:45-08:00[,S,V,F,V,C,16.50,16.50
14/05/2024,08:15,[08:00-08:15[,S,F,F,C,C,7.67,7.67
14/05/2024,08:30,[08:15-08:30[,S,F,F,C,C,7.67,7.67
14/05/2024,08:45,[08:30-08:45[,S,F,F,C,C,7.67,7.67
14/05/2024,09:00,[08:45-09:00[,S,F,F,C,C,7.67,7.67
14/05/2024,09:15,[09:00-09:15[,S,F,F,C,C,0.00,0.00
14/05/2024,09:30,[09:15-09:30[,S,F,F,C,P,0.00,0.00
14/05/2024,09:45,[09:30-09:45[,S,F,F,C,P,0.00,0.00
14/05/2024,10:00,[09:45-10:00[,S,F,F,C,P,0.00,0.00
14/05/2024,10:15,[10:00-10:15[,S,F,F,C,P,0.14,0.00
14/05/2024,10:30,[10:15-10:30[,S,F,F,C,P,0.14,0.00
14/05/2024,10:45,[10:30-10:45[,S,F,F,P,P,0.14,0.00
14/05/2024,11:00,[10:45-11:00[,S,F,F,P,P,0.14,0.00
14/05/2024,11:15,[11:00-11:15[,S,F,F,P,P,0.00,0.00
14/05/2024,11:30,[11:15-11:30[,S,F,F,P,P,0.00,0.00
14/05/2024,11:45,[11:30-11:45[,S,F,F,P,P,0.00,0.00
14/05/2024,12:00,[11:45-12:00[,S,F,F,P,P,0.00,0.00
14/05/2024,12:15,[12:00-12:15[,S,F,F,P,P,0.00,0.00
14/05/2024,12:30,[12:15-12:30[,S,F,F,P,C,0.00,0.00
14/05/2024,12:45,[12:30-12:45[,S,F,F,P,C,0.00,0.00
14/05/2024,13:00,[12:45-13:00[,S,F,F,P,C,0.00,0.00
14/05/2024,13:15,[13:00-13:15[,S,F,F,C,C,-0.01,-0.01
14/05/2024,13:30,[13:15-13:30[,S,F,F,C,C,-0.01,-0.01
14/05/2024,13:45,[13:30-13:45[,S,F,F,C,C,-0.01,-0.01
14/05/2024,14:00,[13:45-14:00[,S,F,F,C,C,-0.01,-0.01
14/05/2024,14:15,[14:00-14:15[,S,F,F,C,C,-0.06,-0.06
14/05/2024,14:30,[14:15-14:30[,S,F,F,C,C,-0.06,-0.06
14/05/2024,14:45,[14:30-14:45[,S,F,F,C,C,-0.06,-0.06
14/05/2024,15:00,[14:45-15:00[,S,F,F,C,C,-0.06,-0.06
14/05/2024,15:15,[15:00-15:15[,S,F,F,C,C,-0.01,-0.01
14/05/2024,15:30,[15:15-15:30[,S,F,F,C,C,-0.01,-0.01
14/05/2024,15:45,[15:30-15:45[,S,F,F,C,C,-0.01,-0.01
14/05/2024,16:00,[15:45-16:00[,S,F,F,C,C,-0.01,-0.01
14/05/2024,16:15,[16:00-16:15[,S,F,F,C,C,0.00,0.00
14/05/2024,16:30,[16:15-16:30[,S,F,F,C,C,0.00,0.00
14/05/2024,16:45,[16:30-16:45[,S,F,F,C,C,0.00,0.00
14/05/2024,17:00,[16:45-17:00[,S,F,F,C,C,0.00,0.00
14/05/2024,17:15,[17:00-17:15[,S,F,F,C,C,0.00,0.00
14/05/2024,17:30,[17:15-17:30[,S,F,F,C,C,0.00,0.00
14/05/2024,17:45,[17:30-17:45[,S,F,F,C,C,0.00,0.00
14/05/2024,18:00,[17:45-18:00[,S,F,F,C,C,0.00,0.00
14/05/2024,18:15,[18:00-18:15[,S,F,F,C,C,3.25,3.25
14/05/2024,18:30,[18:15-18:30[,S,F,F,C,C,3.25,3.25
14/05/2024,18:45,[18:30-18:45[,S,F,F,C,C,3.25,3.25
14/05/2024,19:00,[18:45-19:00[,S,F,F,C,C,3.25,3.25
14/05/2024,19:15,[19:00-19:15[,S,F,F,C,C,21.96,21.96
14/05/2024,19:30,[19:15-19:30[,S,F,F,C,C,21.96,21.96
14/05/2024,19:45,[19:30-19:45[,S,F,F,P,C,21.96,21.96
14/05/2024,20:00,[19:45-20:00[,S,F,F,P,C,21.96,21.96
14/05/2024,20:15,[20:00-20:15[,S,F,F,P,C,35.00,35.00
14/05/2024,20:30,[20:15-20:30[,S,F,F,P,C,35.00,35.00
14/05/2024,20:45,[20:30-20:45[,S,F,F,P,C,35.00,35.00
14/05/2024,21:00,[20:45-21:00[,S,F,F,P,C,35.00,35.00
14/05/2024,21:15,[21:00-21:15[,S,F,F,C,C,35.00,35.00
14/05/2024,21:30,[21:15-21:30[,S,F,F,C,C,35.00,35.00
14/05/2024,21:45,[21:30-21:45[,S,F,F,C,C,35.00,35.00
14/05/2024,22:00,[21:45-22:00[,S,F,F,C,C,35.00,35.00
14/05/2024,22:15,[22:00-22:15[,S,V,F,V,C,28.07,28.07
14/05/2024,22:30,[22:15-22:30[,S,V,F,V,C,28.07,28.07
14/05/2024,22:45,[22:30-22:45[,S,V,F,V,C,28.07,28.07
14/05/2024,23:00,[22:45-23:00[,S,V,F,V,C,28.07,28.07
14/05/2024,23:15,[23:00-23:15[,S,V,F,V,C,17.84,17.84
14/05/2024,23:30,[23:15-23:30[,S,V,F,V,C,17.84,17.84
14/05/2024,23:45,[23:30-23:45[,S,V,F,V,C,17.84,17.84
14/05/2024,23:59,[23:45-00:00[,S,V,F,V,C,17.84,17.84
15/05/2024,00:15,[00:00-00:15[,S,V,V,V,V,14.99,14.99
15/05/2024,00:30,[00:15-00:30[,S,V,V,V,V,14.99,14.99
15/05/2024,00:45,[00:30-00:45[,S,V,V,V,V,14.99,14.99
15/05/2024,01:00,[00:45-01:00[,S,V,V,V,V,14.99,14.99
15/05/2024,01:15,[01:00-01:15[,S,V,V,V,V,12.03,12.03
15/05/2024,01:30,[01:15-01:30[,S,V,V,V,V,12.03,12.03
15/05/2024,01:45,[01:30-01:45[,S,V,V,V,V,12.03,12.03
15/05/2024,02:00,[01:45-02:00[,S,V,V,V,V,12.03,12.03
15/05/2024,02:15,[02:00-02:15[,S,V,V,V,V,10.96,10.96
15/05/2024,02:30,[02:15-02:30[,S,V,V,V,V,10.96,10.96
15/05/2024,02:45,[02:30-02:45[,S,V,V,V,V,10.96,10.96
15/05/2024,03:00,[02:45-03:00[,S,V,V,V,V,10.96,10.96
15/05/2024,03:15,[03:00-03:15[,S,V,V,V,V,11.00,11.00
15/05/2024,03:30,[03:15-03:30[,S,V,V,V,V,11.00,11.00
15/05/2024,03:45,[03:30-03:45[,S,V,V,V,V,11.00,11.00
15/05/2024,04:00,[03:45-04:00[,S,V,V,V,V,11.00,11.00
15/05/2024,04:15,[04:00-04:15[,S,V,V,V,V,16.55,16.55
15/05/2024,04:30,[04:15-04:30[,S,V,V,V,V,16.55,16.55
15/05/2024,04:45,[04:30-04:45[,S,V,V,V,V,16.55,16.55
15/05/2024,05:00,[04:45-05:00[,S,V,V,V,V,16.55,16.55
15/05/2024,05:15,[05:00-05:15[,S,V,V,V,V,30.64,30.64
15/05/2024,05:30,[05:15-05:30[,S,V,V,V,V,30.64,30.64
15/05/2024,05:45,[05:30-05:45[,S,V,V,V,V,30.64,30.64
15/05/2024,06:00,[05:45-06:00[,S,V,V,V,V,30.64,30.64
15/05/2024,06:15,[06:00-06:15[,S,V,V,V,V,35.01,35.01
15/05/2024,06:30,[06:15-06:30[,S,V,V,V,V,35.01,35.01
15/05/2024,06:45,[06:30-06:45[,S,V,V,V,V,35.01,35.01
15/05/2024,07:00,[06:45-07:00[,S,V,V,V,V,35.01,35.01
15/05/2024,07:15,[07:00-07:15[,S,V,F,V,C,30.00,30.00
15/05/2024,07:30,[07:15-07:30[,S,V,F,V,C,30.00,30.00
15/05/2024,07:45,[07:30-07:45[,S,V,F,V,C,30.00,30.00
15/05/2024,08:00,[07:45-08:00[,S,V,F,V,C,30.00,30.00
15/05/2024,08:15,[08:00-08:15[,S,F,F,C,C,3.25,3.25
15/05/2024,08:30,[08:15-08:30[,S,F,F,C,C,3.25,3.25
15/05/2024,08:45,[08:30-08:45[,S,F,F,C,C,3.25,3.25
15/05/2024,09:00,[08:45-09:00[,S,F,F,C,C,3.25,3.25
15/05/2024,09:15,[09:00-09:15[,S,F,F,C,C,3.21,3.21
15/05/2024,09:30,[09:15-09:30[,S,F,F,C,P,3.21,3.21
15/05/2024,09:45,[09:30-09:45[,S,F,F,C,P,3.21,3.21
15/05/2024,10:00,[09:45-10:00[,S,F,F,C,P,3.21,3.21
15/05/2024,10:15,[10:00-10:15[,S,F,F,C,P,0.60,0.15
15/05/2024,10:30,[10:15-10:30[,S,F,F,C,P,0.60,0.15
15/05/2024,10:45,[10:30-10:45[,S,F,F,P,P,0.60,0.15
15/05/2024,11:00,[10:45-11:00[,S,F,F,P,P,0.60,0.15
15/05/2024,11:15,[11:00-11:15[,S,F,F,P,P,0.40,0.00
15/05/2024,11:30,[11:15-11:30[,S,F,F,P,P,0.40,0.00
15/05/2024,11:45,[11:30-11:45[,S,F,F,P,P,0.40,0.00
15/05/2024,12:00,[11:45-12:00[,S,F,F,P,P,0.40,0.00
15/05/2024,12:15,[12:00-12:15[,S,F,F,P,P,0.00,0.00
15/05/2024,12:30,[12:15-12:30[,S,F,F,P,C,0.00,0.00
15/05/2024,12:45,[12:30-12:45[,S,F,F,P,C,0.00,0.00
15/05/2024,13:00,[12:45-13:00[,S,F,F,P,C,0.00,0.00
15/05/2024,13:15,[13:00-13:15[,S,F,F,C,C,0.00,0.00
15/05/2024,13:30,[13:15-13:30[,S,F,F,C,C,0.00,0.00
15/05/2024,13:45,[13:30-13:45[,S,F,F,C,C,0.00,0.00
15/05/2024,14:00,[13:45-14:00[,S,F,F,C,C,0.00,0.00
15/05/2024,14:15,[14:00-14:15[,S,F,F,C,C,0.00,0.00
15/05/2024,14:30,[14:15-14:30[,S,F,F,C,C,0.00,0.00
15/05/2024,14:45,[14:30-14:45[,S,F,F,C,C,0.00,0.00
15/05/2024,15:00,[14:45-15:00[,S,F,F,C,C,0.00,0.00
15/05/2024,15:15,[15:00-15:15[,S,F,F,C,C,0.00,0.00
15/05/2024,15:30,[15:15-15:30[,S,F,F,C,C,0.00,0.00
15/05/2024,15:45,[15:30-15:45[,S,F,F,C,C,0.00,0.00
15/05/2024,16:00,[15:45-16:00[,S,F,F,C,C,0.00,0.00
15/05/2024,16:15,[16:00-16:15[,S,F,F,C,C,0.00,0.00
15/05/2024,16:30,[16:15-16:30[,S,F,F,C,C,0.00,0.00
15/05/2024,16:45,[16:30-16:45[,S,F,F,C,C,0.00,0.00
15/05/2024,17:00,[16:45-17:00[,S,F,F,C,C,0.00,0.00
15/05/2024,17:15,[17:00-17:15[,S,F,F,C,C,0.01,0.01
15/05/2024,17:30,[17:15-17:30[,S,F,F,C,C,0.01,0.01
15/05/2024,17:45,[17:30-17:45[,S,F,F,C,C,0.01,0.01
15/05/2024,18:00,[17:45-18:00[,S,F,F,C,C,0.01,0.01
15/05/2024,18:15,[18:00-18:15[,S,F,F,C,C,3.25,3.25
15/05/2024,18:30,[18:15-18:30[,S,F,F,C,C,3.25,3.25
15/05/2024,18:45,[18:30-18:45[,S,F,F,C,C,3.25,3.25
15/05/2024,19:00,[18:45-19:00[,S,F,F,C,C,3.25,3.25
15/05/2024,19:15,[19:00-19:15[,S,F,F,C,C,22.78,22.78
15/05/2024,19:30,[19:15-19:30[,S,F,F,C,C,22.78,22.78
15/05/2024,19:45,[19:30-19:45[,S,F,F,P,C,22.78,22.78
15/05/2024,20:00,[19:45-20:00[,S,F,F,P,C,22.78,22.78
15/05/2024,20:15,[20:00-20:15[,S,F,F,P,C,43.12,43.12
15/05/2024,20:30,[20:15-20:30[,S,F,F,P,C,43.12,43.12
15/05/2024,20:45,[20:30-20:45[,S,F,F,P,C,43.12,43.12
15/05/2024,21:00,[20:45-21:00[,S,F,F,P,C,43.12,43.12
15/05/2024,21:15,[21:00-21:15[,S,F,F,C,C,51.29,51.29
15/05/2024,21:30,[21:15-21:30[,S,F,F,C,C,51.29,51.29
15/05/2024,21:45,[21:30-21:45[,S,F,F,C,C,51.29,51.29
15/05/2024,22:00,[21:45-22:00[,S,F,F,C,C,51.29,51.29
15/05/2024,22:15,[22:00-22:15[,S,V,F,V,C,35.01,35.01
15/05/2024,22:30,[22:15-22:30[,S,V,F,V,C,35.01,35.01
15/05/2024,22:45,[22:30-22:45[,S,V,F,V,C,35.01,35.01
15/05/2024,23:00,[22:45-23:00[,S,V,F,V,C,35.01,35.01
15/05/2024,23:15,[23:00-23:15[,S,V,F,V,C,53.52,53.52
15/05/2024,23:30,[23:15-23:30[,S,V,F,V,C,53.52,53.52
15/05/2024,23:45,[23:30-23:45[,S,V,F,V,C,53.52,53.52
15/05/2024,23:59,[23:45-00:00[,S,V,F,V,C,53.52,53.52
16/05/2024,00:15,[00:00-00:15[,S,V,V,V,V,39.52,39.52
16/05/2024,00:30,[00:15-00:30[,S,V,V,V,V,39.52,39.52
16/05/2024,00:45,[00:30-00:45[,S,V,V,V,V,39.52,39.52
16/05/2024,01:00,[00:45-01:00[,S,V,V,V,V,39.52,39.52
16/05/2024,01:15,[01:00-01:15[,S,V,V,V,V,35.50,35.50
16/05/2024,01:30,[01:15-01:30[,S,V,V,V,V,35.50,35.50
16/05/2024,01:45,[01:30-01:45[,S,V,V,V,V,35.50,35.50
16/05/2024,02:00,[01:45-02:00[,S,V,V,V,V,35.50,35.50
16/05/2024,02:15,[02:00-02:15[,S,V,V,V,V,35.01,35.01
16/05/2024,02:30,[02:15-02:30[,S,V,V,V,V,35.01,35.01
16/05/2024,02:45,[02:30-02:45[,S,V,V,V,V,35.01,35.01
16/05/2024,03:00,[02:45-03:00[,S,V,V,V,V,35.01,35.01
16/05/2024,03:15,[03:00-03:15[,S,V,V,V,V,35.00,35.00
16/05/2024,03:30,[03:15-03:30[,S,V,V,V,V,35.00,35.00
16/05/2024,03:45,[03:30-03:45[,S,V,V,V,V,35.00,35.00
16/05/2024,04:00,[03:45-04:00[,S,V,V,V,V,35.00,35.00
16/05/2024,04:15,[04:00-04:15[,S,V,V,V,V,34.47,34.47
16/05/2024,04:30,[04:15-04:30[,S,V,V,V,V,34.47,34.47
16/05/2024,04:45,[04:30-04:45[,S,V,V,V,V,34.47,34.47
16/05/2024,05:00,[04:45-05:00[,S,V,V,V,V,34.47,34.47
16/05/2024,05:15,[05:00-05:15[,S,V,V,V,V,35.00,35.00
16/05/2024,05:30,[05:15-05:30[,S,V,V,V,V,35.00,35.00
16/05/2024,05:45,[05:30-05:45[,S,V,V,V,V,35.00,35.00
16/05/2024,06:00,[05:45-06:00[,S,V,V,V,V,35.00,35.00
16/05/2024,06:15,[06:00-06:15[,S,V,V,V,V,35.01,35.01
16/05/2024,06:30,[06:15-06:30[,S,V,V,V,V,35.01,35.01
16/05/2024,06:45,[06:30-06:45[,S,V,V,V,V,35.01,35.01
16/05/2024,07:00,[06:45-07:00[,S,V,V,V,V,35.01,35.01
16/05/2024,07:15,[07:00-07:15[,S,V,F,V,C,35.01,35.01
16/05/2024,07:30,[07:15-07:30[,S,V,F,V,C,35.01,35.01
16/05/2024,07:45,[07:30-07:45[,S,V,F,V,C,35.01,35.01
16/05/2024,08:00,[07:45-08:00[,S,V,F,V,C,35.01,35.01
16/05/2024,08:15,[08:00-08:15[,S,F,F,C,C,30.00,30.00
16/05/2024,08:30,[08:15-08:30[,S,F,F,C,C,30.00,30.00
16/05/2024,08:45,[08:30-08:45[,S,F,F,C,C,30.00,30.00
16/05/2024,09:00,[08:45-09:00[,S,F,F,C,C,30.00,30.00
16/05/2024,09:15,[09:00-09:15[,S,F,F,C,C,12.00,12.00
16/05/2024,09:30,[09:15-09:30[,S,F,F,C,P,12.00,12.00
16/05/2024,09:45,[09:30-09:45[,S,F,F,C,P,12.00,12.00
16/05/2024,10:00,[09:45-10:00[,S,F,F,C,P,12.00,12.00
16/05/2024,10:15,[10:00-10:15[,S,F,F,C,P,3.25,3.25
16/05/2024,10:30,[10:15-10:30[,S,F,F,C,P,3.25,3.25
16/05/2024,10:45,[10:30-10:45[,S,F,F,P,P,3.25,3.25
16/05/2024,11:00,[10:45-11:00[,S,F,F,P,P,3.25,3.25
16/05/2024,11:15,[11:00-11:15[,S,F,F,P,P,3.25,3.25
16/05/2024,11:30,[11:15-11:30[,S,F,F,P,P,3.25,3.25
16/05/2024,11:45,[11:30-11:45[,S,F,F,P,P,3.25,3.25
16/05/2024,12:00,[11:45-12:00[,S,F,F,P,P,3.25,3.25
16/05/2024,12:15,[12:00-12:15[,S,F,F,P,P,2.95,2.95
16/05/2024,12:30,[12:15-12:30[,S,F,F,P,C,2.95,2.95
16/05/2024,12:45,[12:30-12:45[,S,F,F,P,C,2.95,2.95
16/05/2024,13:00,[12:45-13:00[,S,F,F,P,C,2.95,2.95
16/05/2024,13:15,[13:00-13:15[,S,F,F,C,C,2.80,2.15
16/05/2024,13:30,[13:15-13:30[,S,F,F,C,C,2.80,2.15
16/05/2024,13:45,[13:30-13:45[,S,F,F,C,C,2.80,2.15
16/05/2024,14:00,[13:45-14:00[,S,F,F,C,C,2.80,2.15
16/05/2024,14:15,[14:00-14:15[,S,F,F,C,C,2.60,0.49
16/05/2024,14:30,[14:15-14:30[,S,F,F,C,C,2.60,0.49
16/05/2024,14:45,[14:30-14:45[,S,F,F,C,C,2.60,0.49
16/05/2024,15:00,[14:45-15:00[,S,F,F,C,C,2.60,0.49
16/05/2024,15:15,[15:00-15:15[,S,F,F,C,C,2.60,0.57
16/05/2024,15:30,[15:15-15:30[,S,F,F,C,C,2.60,0.57
16/05/2024,15:45,[15:30-15:45[,S,F,F,C,C,2.60,0.57
16/05/2024,16:00,[15:45-16:00[,S,F,F,C,C,2.60,0.57
16/05/2024,16:15,[16:00-16:15[,S,F,F,C,C,2.60,2.60
16/05/2024,16:30,[16:15-16:30[,S,F,F,C,C,2.60,2.60
16/05/2024,16:45,[16:30-16:45[,S,F,F,C,C,2.60,2.60
16/05/2024,17:00,[16:45-17:00[,S,F,F,C,C,2.60,2.60
16/05/2024,17:15,[17:00-17:15[,S,F,F,C,C,3.25,3.25
16/05/2024,17:30,[17:15-17:30[,S,F,F,C,C,3.25,3.25
16/05/2024,17:45,[17:30-17:45[,S,F,F,C,C,3.25,3.25
16/05/2024,18:00,[17:45-18:00[,S,F,F,C,C,3.25,3.25
16/05/2024,18:15,[18:00-18:15[,S,F,F,C,C,30.00,30.00
16/05/2024,18:30,[18:15-18:30[,S,F,F,C,C,30.00,30.00
16/05/2024,18:45,[18:30-18:45[,S,F,F,C,C,30.00,30.00
16/05/2024,19:00,[18:45-19:00[,S,F,F,C,C,30.00,30.00
16/05/2024,19:15,[19:00-19:15[,S,F,F,C,C,39.52,39.52
16/05/2024,19:30,[19:15-19:30[,S,F,F,C,C,39.52,39.52
16/05/2024,19:45,[19:30-19:45[,S,F,F,P,C,39.52,39.52
16/05/2024,20:00,[19:45-20:00[,S,F,F,P,C,39.52,39.52
16/05/2024,20:15,[20:00-20:15[,S,F,F,P,C,120.00,120.00
16/05/2024,20:30,[20:15-20:30[,S,F,F,P,C,120.00,120.00
16/05/2024,20:45,[20:30-20:45[,S,F,F,P,C,120.00,120.00
16/05/2024,21:00,[20:45-21:00[,S,F,F,P,C,120.00,120.00
16/05/2024,21:15,[21:00-21:15[,S,F,F,C,C,106.39,106.39
16/05/2024,21:30,[21:15-21:30[,S,F,F,C,C,106.39,106.39
16/05/2024,21:45,[21:30-21:45[,S,F,F,C,C,106.39,106.39
16/05/2024,22:00,[21:45-22:00[,S,F,F,C,C,106.39,106.39
16/05/2024,22:15,[22:00-22:15[,S,V,F,V,C,81.94,81.94
16/05/2024,22:30,[22:15-22:30[,S,V,F,V,C,81.94,81.94
16/05/2024,22:45,[22:30-22:45[,S,V,F,V,C,81.94,81.94
16/05/2024,23:00,[22:45-23:00[,S,V,F,V,C,81.94,81.94
16/05/2024,23:15,[23:00-23:15[,S,V,F,V,C,90.34,90.34
16/05/2024,23:30,[23:15-23:30[,S,V,F,V,C,90.34,90.34
16/05/2024,23:45,[23:30-23:45[,S,V,F,V,C,90.34,90.34
16/05/2024,23:59,[23:45-00:00[,S,V,F,V,C,90.34,90.34
17/05/2024,00:15,[00:00-00:15[,S,V,V,V,V,80.32,80.32
17/05/2024,00:30,[00:15-00:30[,S,V,V,V,V,80.32,80.32
17/05/2024,00:45,[00:30-00:45[,S,V,V,V,V,80.32,80.32
17/05/2024,01:00,[00:45-01:00[,S,V,V,V,V,80.32,80.32
17/05/2024,01:15,[01:00-01:15[,S,V,V,V,V,67.51,67.51
17/05/2024,01:30,[01:15-01:30[,S,V,V,V,V,67.51,67.51
17/05/2024,01:45,[01:30-01:45[,S,V,V,V,V,67.51,67.51
17/05/2024,02:00,[01:45-02:00[,S,V,V,V,V,67.51,67.51
17/05/2024,02:15,[02:00-02:15[,S,V,V,V,V,60.00,60.00
17/05/2024,02:30,[02:15-02:30[,S,V,V,V,V,60.00,60.00
17/05/2024,02:45,[02:30-02:45[,S,V,V,V,V,60.00,60.00
17/05/2024,03:00,[02:45-03:00[,S,V,V,V,V,60.00,60.00
17/05/2024,03:15,[03:00-03:15[,S,V,V,V,V,50.60,50.60
17/05/2024,03:30,[03:15-03:30[,S,V,V,V,V,50.60,50.60
17/05/2024,03:45,[03:30-03:45[,S,V,V,V,V,50.60,50.60
17/05/2024,04:00,[03:45-04:00[,S,V,V,V,V,50.60,50.60
17/05/2024,04:15,[04:00-04:15[,S,V,V,V,V,59.50,59.50
17/05/2024,04:30,[04:15-04:30[,S,V,V,V,V,59.50,59.50
17/05/2024,04:45,[04:30-04:45[,S,V,V,V,V,59.50,59.50
17/05/2024,05:00,[04:45-05:00[,S,V,V,V,V,59.50,59.50
17/05/2024,05:15,[05:00-05:15[,S,V,V,V,V,67.78,67.78
17/05/2024,05:30,[05:15-05:30[,S,V,V,V,V,67.78,67.78
17/05/2024,05:45,[05:30-05:45[,S,V,V,V,V,67.78,67.78
17/05/2024,06:00,[05:45-06:00[,S,V,V,V,V,67.78,67.78
17/05/2024,06:15,[06:00-06:15[,S,V,V,V,V,102.66,102.66
17/05/2024,06:30,[06:15-06:30[,S,V,V,V,V,102.66,102.66
17/05/2024,06:45,[06:30-06:45[,S,V,V,V,V,102.66,102.66
17/05/2024,07:00,[06:45-07:00[,S,V,V,V,V,102.66,102.66
17/05/2024,07:15,[07:00-07:15[,S,V,F,V,C,89.46,89.46
17/05/2024,07:30,[07:15-07:30[,S,V,F,V,C,89.46,89.46
17/05/2024,07:45,[07:30-07:45[,S,V,F,V,C,89.46,89.46
17/05/2024,08:00,[07:45-08:00[,S,V,F,V,C,89.46,89.46
17/05/2024,08:15,[08:00-08:15[,S,F,F,C,C,49.84,49.84
17/05/2024,08:30,[08:15-08:30[,S,F,F,C,C,49.84,49.84
17/05/2024,08:45,[08:30-08:45[,S,F,F,C,C,49.84,49.84
17/05/2024,09:00,[08:45-09:00[,S,F,F,C,C,49.84,49.84
17/05/2024,09:15,[09:00-09:15[,S,F,F,C,C,35.01,35.01
17/05/2024,09:30,[09:15-09:30[,S,F,F,C,P,35.01,35.01
17/05/2024,09:45,[09:30-09:45[,S,F,F,C,P,35.01,35.01
17/05/2024,10:00,[09:45-10:00[,S,F,F,C,P,35.01,35.01
17/05/2024,10:15,[10:00-10:15[,S,F,F,C,P,33.49,33.49
17/05/2024,10:30,[10:15-10:30[,S,F,F,C,P,33.49,33.49
17/05/2024,10:45,[10:30-10:45[,S,F,F,P,P,33.49,33.49
17/05/2024,11:00,[10:45-11:00[,S,F,F,P,P,33.49,33.49
17/05/2024,11:15,[11:00-11:15[,S,F,F,P,P,35.01,35.01
17/05/2024,11:30,[11:15-11:30[,S,F,F,P,P,35.01,35.01
17/05/2024,11:45,[11:30-11:45[,S,F,F,P,P,35.01,35.01
17/05/2024,12:00,[11:45-12:00[,S,F,F,P,P,35.01,35.01
17/05/2024,12:15,[12:00-12:15[,S,F,F,P,P,20.39,20.39
17/05/2024,12:30,[12:15-12:30[,S,F,F,P,C,20.39,20.39
17/05/2024,12:45,[12:30-12:45[,S,F,F,P,C,20.39,20.39
17/05/2024,13:00,[12:45-13:00[,S,F,F,P,C,20.39,20.39
17/05/2024,13:15,[13:00-13:15[,S,F,F,C,C,16.84,16.84
17/05/2024,13:30,[13:15-13:30[,S,F,F,C,C,16.84,16.84
17/05/2024,13:45,[13:30-13:45[,S,F,F,C,C,16.84,16.84
17/05/2024,14:00,[13:45-14:00[,S,F,F,C,C,16.84,16.84
17/05/2024,14:15,[14:00-14:15[,S,F,F,C,C,11.90,11.90
17/05/2024,14:30,[14:15-14:30[,S,F,F,C,C,11.90,11.90
17/05/2024,14:45,[14:30-14:45[,S,F,F,C,C,11.90,11.90
17/05/2024,15:00,[14:45-15:00[,S,F,F,C,C,11.90,11.90
17/05/2024,15:15,[15:00-15:15[,S,F,F,C,C,10.61,10.61
17/05/2024,15:30,[15:15-15:30[,S,F,F,C,C,10.61,10.61
17/05/2024,15:45,[15:30-15:45[,S,F,F,C,C,10.61,10.61
17/05/2024,16:00,[15:45-16:00[,S,F,F,C,C,10.61,10.61
17/05/2024,16:15,[16:00-16:15[,S,F,F,C,C,17.74,17.74
17/05/2024,16:30,[16:15-16:30[,S,F,F,C,C,17.74,17.74
17/05/2024,16:45,[16:30-16:45[,S,F,F,C,C,17.74,17.74
17/05/2024,17:00,[16:45-17:00[,S,F,F,C,C,17.74,17.74
17/05/2024,17:15,[17:00-17:15[,S,F,F,C,C,29.57,29.57
17/05/2024,17:30,[17:15-17:30[,S,F,F,C,C,29.57,29.57
17/05/2024,17:45,[17:30-17:45[,S,F,F,C,C,29.57,29.57
17/05/2024,18:00,[17:45-18:00[,S,F,F,C,C,29.57,29.57
17/05/2024,18:15,[18:00-18:15[,S,F,F,C,C,37.93,37.93
17/05/2024,18:30,[18:15-18:30[,S,F,F,C,C,37.93,37.93
17/05/2024,18:45,[18:30-18:45[,S,F,F,C,C,37.93,37.93
17/05/2024,19:00,[18:45-19:00[,S,F,F,C,C,37.93,37.93
17/05/2024,19:15,[19:00-19:15[,S,F,F,C,C,64.80,64.80
17/05/2024,19:30,[19:15-19:30[,S,F,F,C,C,64.80,64.80
17/05/2024,19:45,[19:30-19:45[,S,F,F,P,C,64.80,64.80
17/05/2024,20:00,[19:45-20:00[,S,F,F,P,C,64.80,64.80
17/05/2024,20:15,[20:00-20:15[,S,F,F,P,C,84.24,84.24
17/05/2024,20:30,[20:15-20:30[,S,F,F,P,C,84.24,84.24
17/05/2024,20:45,[20:30-20:45[,S,F,F,P,C,84.24,84.24
17/05/2024,21:00,[20:45-21:00[,S,F,F,P,C,84.24,84.24
17/05/2024,21:15,[21:00-21:15[,S,F,F,C,C,89.40,89.40
17/05/2024,21:30,[21:15-21:30[,S,F,F,C,C,89.40,89.40
17/05/2024,21:45,[21:30-21:45[,S,F,F,C,C,89.40,89.40
17/05/2024,22:00,[21:45-22:00[,S,F,F,C,C,89.40,89.40
17/05/2024,22:15,[22:00-22:15[,S,V,F,V,C,77.18,77.18
17/05/2024,22:30,[22:15-22:30[,S,V,F,V,C,77.18,77.18
17/05/2024,22:45,[22:30-22:45[,S,V,F,V,C,77.18,77.18
17/05/2024,23:00,[22:45-23:00[,S,V,F,V,C,77.18,77.18
17/05/2024,23:15,[23:00-23:15[,S,V,F,V,C,71.37,71.37
17/05/2024,23:30,[23:15-23:30[,S,V,F,V,C,71.37,71.37
17/05/2024,23:45,[23:30-23:45[,S,V,F,V,C,71.37,71.37
17/05/2024,23:59,[23:45-00:00[,S,V,F,V,C,71.37,71.37
18/05/2024,00:15,[00:00-00:15[,S,V,V,V,V,63.23,63.23
18/05/2024,00:30,[00:15-00:30[,S,V,V,V,V,63.23,63.23
18/05/2024,00:45,[00:30-00:45[,S,V,V,V,V,63.23,63.23
18/05/2024,01:00,[00:45-01:00[,S,V,V,V,V,63.23,63.23
18/05/2024,01:15,[01:00-01:15[,S,V,V,V,V,45.13,45.13
18/05/2024,01:30,[01:15-01:30[,S,V,V,V,V,45.13,45.13
18/05/2024,01:45,[01:30-01:45[,S,V,V,V,V,45.13,45.13
18/05/2024,02:00,[01:45-02:00[,S,V,V,V,V,45.13,45.13
18/05/2024,02:15,[02:00-02:15[,S,V,V,V,V,44.98,44.98
18/05/2024,02:30,[02:15-02:30[,S,V,V,V,V,44.98,44.98
18/05/2024,02:45,[02:30-02:45[,S,V,V,V,V,44.98,44.98
18/05/2024,03:00,[02:45-03:00[,S,V,V,V,V,44.98,44.98
18/05/2024,03:15,[03:00-03:15[,S,V,V,V,V,47.78,47.78
18/05/2024,03:30,[03:15-03:30[,S,V,V,V,V,47.78,47.78
18/05/2024,03:45,[03:30-03:45[,S,V,V,V,V,47.78,47.78
18/05/2024,04:00,[03:45-04:00[,S,V,V,V,V,47.78,47.78
18/05/2024,04:15,[04:00-04:15[,S,V,V,V,V,48.16,48.16
18/05/2024,04:30,[04:15-04:30[,S,V,V,V,V,48.16,48.16
18/05/2024,04:45,[04:30-04:45[,S,V,V,V,V,48.16,48.16
18/05/2024,05:00,[04:45-05:00[,S,V,V,V,V,48.16,48.16
18/05/2024,05:15,[05:00-05:15[,S,V,V,V,V,50.85,50.85
18/05/2024,05:30,[05:15-05:30[,S,V,V,V,V,50.85,50.85
18/05/2024,05:45,[05:30-05:45[,S,V,V,V,V,50.85,50.85
18/05/2024,06:00,[05:45-06:00[,S,V,V,V,V,50.85,50.85
18/05/2024,06:15,[06:00-06:15[,S,V,V,V,V,43.48,43.48
18/05/2024,06:30,[06:15-06:30[,S,V,V,V,V,43.48,43.48
18/05/2024,06:45,[06:30-06:45[,S,V,V,V,V,43.48,43.48
18/05/2024,07:00,[06:45-07:00[,S,V,V,V,V,43.48,43.48
18/05/2024,07:15,[07:00-07:15[,S,V,V,V,V,31.96,31.96
18/05/2024,07:30,[07:15-07:30[,S,V,V,V,V,31.96,31.96
18/05/2024,07:45,[07:30-07:45[,S,V,V,V,V,31.96,31.96
18/05/2024,08:00,[07:45-08:00[,S,V,V,V,V,31.96,31.96
18/05/2024,08:15,[08:00-08:15[,S,F,V,C,V,20.60,20.60
18/05/2024,08:30,[08:15-08:30[,S,F,V,C,V,20.60,20.60
18/05/2024,08:45,[08:30-08:45[,S,F,V,C,V,20.60,20.60
18/05/2024,09:00,[08:45-09:00[,S,F,V,C,V,20.60,20.60
18/05/2024,09:15,[09:00-09:15[,S,F,F,C,C,9.43,9.43
18/05/2024,09:30,[09:15-09:30[,S,F,F,C,C,9.43,9.43
18/05/2024,09:45,[09:30-09:45[,S,F,F,C,C,9.43,9.43
18/05/2024,10:00,[09:45-10:00[,S,F,F,C,C,9.43,9.43
18/05/2024,10:15,[10:00-10:15[,S,F,F,C,C,0.71,0.71
18/05/2024,10:30,[10:15-10:30[,S,F,F,C,C,0.71,0.71
18/05/2024,10:45,[10:30-10:45[,S,F,F,P,C,0.71,0.71
18/05/2024,11:00,[10:45-11:00[,S,F,F,P,C,0.71,0.71
18/05/2024,11:15,[11:00-11:15[,S,F,F,P,C,0.00,0.00
18/05/2024,11:30,[11:15-11:30[,S,F,F,P,C,0.00,0.00
18/05/2024,11:45,[11:30-11:45[,S,F,F,P,C,0.00,0.00
18/05/2024,12:00,[11:45-12:00[,S,F,F,P,C,0.00,0.00
18/05/2024,12:15,[12:00-12:15[,S,F,F,P,C,0.00,0.00
18/05/2024,12:30,[12:15-12:30[,S,F,F,P,C,0.00,0.00
18/05/2024,12:45,[12:30-12:45[,S,F,F,P,C,0.00,0.00
18/05/2024,13:00,[12:45-13:00[,S,F,F,P,C,0.00,0.00
18/05/2024,13:15,[13:00-13:15[,S,F,F,C,C,0.00,0.00
18/05/2024,13:30,[13:15-13:30[,S,F,F,C,C,0.00,0.00
18/05/2024,13:45,[13:30-13:45[,S,F,F,C,C,0.00,0.00
18/05/2024,14:00,[13:45-14:00[,S,F,F,C,C,0.00,0.00
18/05/2024,14:15,[14:00-14:15[,S,F,V,C,V,0.00,0.00
18/05/2024,14:30,[14:15-14:30[,S,F,V,C,V,0.00,0.00
18/05/2024,14:45,[14:30-14:45[,S,F,V,C,V,0.00,0.00
18/05/2024,15:00,[14:45-15:00[,S,F,V,C,V,0.00,0.00
18/05/2024,15:15,[15:00-15:15[,S,F,V,C,V,0.00,0.00
18/05/2024,15:30,[15:15-15:30[,S,F,V,C,V,0.00,0.00
18/05/2024,15:45,[15:30-15:45[,S,F,V,C,V,0.00,0.00
18/05/2024,16:00,[15:45-16:00[,S,F,V,C,V,0.00,0.00
18/05/2024,16:15,[16:00-16:15[,S,F,V,C,V,4.90,4.90
18/05/2024,16:30,[16:15-16:30[,S,F,V,C,V,4.90,4.90
18/05/2024,16:45,[16:30-16:45[,S,F,V,C,V,4.90,4.90
18/05/2024,17:00,[16:45-17:00[,S,F,V,C,V,4.90,4.90
18/05/2024,17:15,[17:00-17:15[,S,F,V,C,V,15.25,15.25
18/05/2024,17:30,[17:15-17:30[,S,F,V,C,V,15.25,15.25
18/05/2024,17:45,[17:30-17:45[,S,F,V,C,V,15.25,15.25
18/05/2024,18:00,[17:45-18:00[,S,F,V,C,V,15.25,15.25
18/05/2024,18:15,[18:00-18:15[,S,F,V,C,V,35.00,35.00
18/05/2024,18:30,[18:15-18:30[,S,F,V,C,V,35.00,35.00
18/05/2024,18:45,[18:30-18:45[,S,F,V,C,V,35.00,35.00
18/05/2024,19:00,[18:45-19:00[,S,F,V,C,V,35.00,35.00
18/05/2024,19:15,[19:00-19:15[,S,F,V,C,V,45.42,45.42
18/05/2024,19:30,[19:15-19:30[,S,F,V,C,V,45.42,45.42
18/05/2024,19:45,[19:30-19:45[,S,F,V,P,V,45.42,45.42
18/05/2024,20:00,[19:45-20:00[,S,F,V,P,V,45.42,45.42
18/05/2024,20:15,[20:00-20:15[,S,F,F,P,C,72.87,72.87
18/05/2024,20:30,[20:15-20:30[,S,F,F,P,C,72.87,72.87
18/05/2024,20:45,[20:30-20:45[,S,F,F,P,C,72.87,72.87
18/05/2024,21:00,[20:45-21:00[,S,F,F,P,C,72.87,72.87
18/05/2024,21:15,[21:00-21:15[,S,F,F,C,C,74.46,74.46
18/05/2024,21:30,[21:15-21:30[,S,F,F,C,C,74.46,74.46
18/05/2024,21:45,[21:30-21:45[,S,F,F,C,C,74.46,74.46
18/05/2024,22:00,[21:45-22:00[,S,F,F,C,C,74.46,74.46
18/05/2024,22:15,[22:00-22:15[,S,V,V,V,V,66.17,66.17
18/05/2024,22:30,[22:15-22:30[,S,V,V,V,V,66.17,66.17
18/05/2024,22:45,[22:30-22:45[,S,V,V,V,V,66.17,66.17
18/05/2024,23:00,[22:45-23:00[,S,V,V,V,V,66.17,66.17
18/05/2024,23:15,[23:00-23:15[,S,V,V,V,V,58.15,58.15
18/05/2024,23:30,[23:15-23:30[,S,V,V,V,V,58.15,58.15
18/05/2024,23:45,[23:30-23:45[,S,V,V,V,V,58.15,58.15
18/05/2024,23:59,[23:45-00:00[,S,V,V,V,V,58.15,58.15
19/05/2024,00:15,[00:00-00:15[,S,V,V,V,V,53.85,53.85
19/05/2024,00:30,[00:15-00:30[,S,V,V,V,V,53.85,53.85
19/05/2024,00:45,[00:30-00:45[,S,V,V,V,V,53.85,53.85
19/05/2024,01:00,[00:45-01:00[,S,V,V,V,V,53.85,53.85
19/05/2024,01:15,[01:00-01:15[,S,V,V,V,V,50.91,50.91
19/05/2024,01:30,[01:15-01:30[,S,V,V,V,V,50.91,50.91
19/05/2024,01:45,[01:30-01:45[,S,V,V,V,V,50.91,50.91
19/05/2024,02:00,[01:45-02:00[,S,V,V,V,V,50.91,50.91
19/05/2024,02:15,[02:00-02:15[,S,V,V,V,V,49.98,49.98
19/05/2024,02:30,[02:15-02:30[,S,V,V,V,V,49.98,49.98
19/05/2024,02:45,[02:30-02:45[,S,V,V,V,V,49.98,49.98
19/05/2024,03:00,[02:45-03:00[,S,V,V,V,V,49.98,49.98
19/05/2024,03:15,[03:00-03:15[,S,V,V,V,V,48.47,48.47
19/05/2024,03:30,[03:15-03:30[,S,V,V,V,V,48.47,48.47
19/05/2024,03:45,[03:30-03:45[,S,V,V,V,V,48.47,48.47
19/05/2024,04:00,[03:45-04:00[,S,V,V,V,V,48.47,48.47
19/05/2024,04:15,[04:00-04:15[,S,V,V,V,V,39.90,39.90
19/05/2024,04:30,[04:15-04:30[,S,V,V,V,V,39.90,39.90
19/05/2024,04:45,[04:30-04:45[,S,V,V,V,V,39.90,39.90
19/05/2024,05:00,[04:45-05:00[,S,V,V,V,V,39.90,39.90
19/05/2024,05:15,[05:00-05:15[,S,V,V,V,V,41.20,41.20
19/05/2024,05:30,[05:15-05:30[,S,V,V,V,V,41.20,41.20
19/05/2024,05:45,[05:30-05:45[,S,V,V,V,V,41.20,41.20
19/05/2024,06:00,[05:45-06:00[,S,V,V,V,V,41.20,41.20
19/05/2024,06:15,[06:00-06:15[,S,V,V,V,V,49.19,49.19
19/05/2024,06:30,[06:15-06:30[,S,V,V,V,V,49.19,49.19
19/05/2024,06:45,[06:30-06:45[,S,V,V,V,V,49.19,49.19
19/05/2024,07:00,[06:45-07:00[,S,V,V,V,V,49.19,49.19
19/05/2024,07:15,[07:00-07:15[,S,V,V,V,V,35.00,35.00
19/05/2024,07:30,[07:15-07:30[,S,V,V,V,V,35.00,35.00
19/05/2024,07:45,[07:30-07:45[,S,V,V,V,V,35.00,35.00
19/05/2024,08:00,[07:45-08:00[,S,V,V,V,V,35.00,35.00
19/05/2024,08:15,[08:00-08:15[,S,F,V,C,V,6.69,6.69
19/05/2024,08:30,[08:15-08:30[,S,F,V,C,V,6.69,6.69
19/05/2024,08:45,[08:30-08:45[,S,F,V,C,V,6.69,6.69
19/05/2024,09:00,[08:45-09:00[,S,F,V,C,V,6.69,6.69
19/05/2024,09:15,[09:00-09:15[,S,F,V,C,V,0.00,0.00
19/05/2024,09:30,[09:15-09:30[,S,F,V,C,V,0.00,0.00
19/05/2024,09:45,[09:30-09:45[,S,F,V,C,V,0.00,0.00
19/05/2024,10:00,[09:45-10:00[,S,F,V,C,V,0.00,0.00
19/05/2024,10:15,[10:00-10:15[,S,F,V,C,V,0.00,0.00
19/05/2024,10:30,[10:15-10:30[,S,F,V,C,V,0.00,0.00
19/05/2024,10:45,[10:30-10:45[,S,F,V,P,V,0.00,0.00
19/05/2024,11:00,[10:45-11:00[,S,F,V,P,V,0.00,0.00
19/05/2024,11:15,[11:00-11:15[,S,F,V,P,V,0.64,0.00
19/05/2024,11:30,[11:15-11:30[,S,F,V,P,V,0.64,0.00
19/05/2024,11:45,[11:30-11:45[,S,F,V,P,V,0.64,0.00
19/05/2024,12:00,[11:45-12:00[,S,F,V,P,V,0.64,0.00
19/05/2024,12:15,[12:00-12:15[,S,F,V,P,V,0.00,0.00
19/05/2024,12:30,[12:15-12:30[,S,F,V,P,V,0.00,0.00
19/05/2024,12:45,[12:30-12:45[,S,F,V,P,V,0.00,0.00
19/05/2024,13:00,[12:45-13:00[,S,F,V,P,V,0.00,0.00
19/05/2024,13:15,[13:00-13:15[,S,F,V,C,V,0.00,0.00
19/05/2024,13:30,[13:15-13:30[,S,F,V,C,V,0.00,0.00
19/05/2024,13:45,[13:30-13:45[,S,F,V,C,V,0.00,0.00
19/05/2024,14:00,[13:45-14:00[,S,F,V,C,V,0.00,0.00
19/05/2024,14:15,[14:00-14:15[,S,F,V,C,V,-0.03,-0.62
19/05/2024,14:30,[14:15-14:30[,S,F,V,C,V,-0.03,-0.62
19/05/2024,14:45,[14:30-14:45[,S,F,V,C,V,-0.03,-0.62
19/05/2024,15:00,[14:45-15:00[,S,F,V,C,V,-0.03,-0.62
19/05/2024,15:15,[15:00-15:15[,S,F,V,C,V,-0.62,-0.62
19/05/2024,15:30,[15:15-15:30[,S,F,V,C,V,-0.62,-0.62
19/05/2024,15:45,[15:30-15:45[,S,F,V,C,V,-0.62,-0.62
19/05/2024,16:00,[15:45-16:00[,S,F,V,C,V,-0.62,-0.62
19/05/2024,16:15,[16:00-16:15[,S,F,V,C,V,0.00,0.00
19/05/2024,16:30,[16:15-16:30[,S,F,V,C,V,0.00,0.00
19/05/2024,16:45,[16:30-16:45[,S,F,V,C,V,0.00,0.00
19/05/2024,17:00,[16:45-17:00[,S,F,V,C,V,0.00,0.00
19/05/2024,17:15,[17:00-17:15[,S,F,V,C,V,5.00,5.00
19/05/2024,17:30,[17:15-17:30[,S,F,V,C,V,5.00,5.00
19/05/2024,17:45,[17:30-17:45[,S,F,V,C,V,5.00,5.00
19/05/2024,18:00,[17:45-18:00[,S,F,V,C,V,5.00,5.00
19/05/2024,18:15,[18:00-18:15[,S,F,V,C,V,20.80,20.80
19/05/2024,18:30,[18:15-18:30[,S,F,V,C,V,20.80,20.80
19/05/2024,18:45,[18:30-18:45[,S,F,V,C,V,20.80,20.80
19/05/2024,19:00,[18:45-19:00[,S,F,V,C,V,20.80,20.80
19/05/2024,19:15,[19:00-19:15[,S,F,V,C,V,35.00,35.00
19/05/2024,19:30,[19:15-19:30[,S,F,V,C,V,35.00,35.00
19/05/2024,19:45,[19:30-19:45[,S,F,V,P,V,35.00,35.00
19/05/2024,20:00,[19:45-20:00[,S,F,V,P,V,35.00,35.00
19/05/2024,20:15,[20:00-20:15[,S,F,V,P,V,51.86,51.86
19/05/2024,20:30,[20:15-20:30[,S,F,V,P,V,51.86,51.86
19/05/2024,20:45,[20:30-20:45[,S,F,V,P,V,51.86,51.86
19/05/2024,21:00,[20:45-21:00[,S,F,V,P,V,51.86,51.86
19/05/2024,21:15,[21:00-21:15[,S,F,V,C,V,45.54,45.54
19/05/2024,21:30,[21:15-21:30[,S,F,V,C,V,45.54,45.54
19/05/2024,21:45,[21:30-21:45[,S,F,V,C,V,45.54,45.54
19/05/2024,22:00,[21:45-22:00[,S,F,V,C,V,45.54,45.54
19/05/2024,22:15,[22:00-22:15[,S,V,V,V,V,48.15,48.15
19/05/2024,22:30,[22:15-22:30[,S,V,V,V,V,48.15,48.15
19/05/2024,22:45,[22:30-22:45[,S,V,V,V,V,48.15,48.15
19/05/2024,23:00,[22:45-23:00[,S,V,V,V,V,48.15,48.15
19/05/2024,23:15,[23:00-23:15[,S,V,V,V,V,49.12,49.12
19/05/2024,23:30,[23:15-23:30[,S,V,V,V,V,49.12,49.12
19/05/2024,23:45,[23:30-23:45[,S,V,V,V,V,49.12,49.12
19/05/2024,23:59,[23:45-00:00[,S,V,V,V,V,49.12,49.12
20/05/2024,00:15,[00:00-00:15[,S,V,V,V,V,44.00,44.00
20/05/2024,00:30,[00:15-00:30[,S,V,V,V,V,44.00,44.00
20/05/2024,00:45,[00:30-00:45[,S,V,V,V,V,44.00,44.00
20/05/2024,01:00,[00:45-01:00[,S,V,V,V,V,44.00,44.00
20/05/2024,01:15,[01:00-01:15[,S,V,V,V,V,46.62,46.62
20/05/2024,01:30,[01:15-01:30[,S,V,V,V,V,46.62,46.62
20/05/2024,01:45,[01:30-01:45[,S,V,V,V,V,46.62,46.62
20/05/2024,02:00,[01:45-02:00[,S,V,V,V,V,46.62,46.62
20/05/2024,02:15,[02:00-02:15[,S,V,V,V,V,48.16,48.16
20/05/2024,02:30,[02:15-02:30[,S,V,V,V,V,48.16,48.16
20/05/2024,02:45,[02:30-02:45[,S,V,V,V,V,48.16,48.16
20/05/2024,03:00,[02:45-03:00[,S,V,V,V,V,48.16,48.16
20/05/2024,03:15,[03:00-03:15[,S,V,V,V,V,48.40,48.40
20/05/2024,03:30,[03:15-03:30[,S,V,V,V,V,48.40,48.40
20/05/2024,03:45,[03:30-03:45[,S,V,V,V,V,48.40,48.40
20/05/2024,04:00,[03:45-04:00[,S,V,V,V,V,48.40,48.40
20/05/2024,04:15,[04:00-04:15[,S,V,V,V,V,50.50,50.50
20/05/2024,04:30,[04:15-04:30[,S,V,V,V,V,50.50,50.50
20/05/2024,04:45,[04:30-04:45[,S,V,V,V,V,50.50,50.50
20/05/2024,05:00,[04:45-05:00[,S,V,V,V,V,50.50,50.50
20/05/2024,05:15,[05:00-05:15[,S,V,V,V,V,55.99,55.99
20/05/2024,05:30,[05:15-05:30[,S,V,V,V,V,55.99,55.99
20/05/2024,05:45,[05:30-05:45[,S,V,V,V,V,55.99,55.99
20/05/2024,06:00,[05:45-06:00[,S,V,V,V,V,55.99,55.99
20/05/2024,06:15,[06:00-06:15[,S,V,V,V,V,58.82,58.82
20/05/2024,06:30,[06:15-06:30[,S,V,V,V,V,58.82,58.82
20/05/2024,06:45,[06:30-06:45[,S,V,V,V,V,58.82,58.82
20/05/2024,07:00,[06:45-07:00[,S,V,V,V,V,58.82,58.82
20/05/2024,07:15,[07:00-07:15[,S,V,F,V,C,49.98,49.98
20/05/2024,07:30,[07:15-07:30[,S,V,F,V,C,49.98,49.98
20/05/2024,07:45,[07:30-07:45[,S,V,F,V,C,49.98,49.98
20/05/2024,08:00,[07:45-08:00[,S,V,F,V,C,49.98,49.98
20/05/2024,08:15,[08:00-08:15[,S,F,F,C,C,33.80,33.80
20/05/2024,08:30,[08:15-08:30[,S,F,F,C,C,33.80,33.80
20/05/2024,08:45,[08:30-08:45[,S,F,F,C,C,33.80,33.80
20/05/2024,09:00,[08:45-09:00[,S,F,F,C,C,33.80,33.80
20/05/2024,09:15,[09:00-09:15[,S,F,F,C,C,13.50,13.50
20/05/2024,09:30,[09:15-09:30[,S,F,F,C,P,13.50,13.50
20/05/2024,09:45,[09:30-09:45[,S,F,F,C,P,13.50,13.50
20/05/2024,10:00,[09:45-10:00[,S,F,F,C,P,13.50,13.50
20/05/2024,10:15,[10:00-10:15[,S,F,F,C,P,11.30,8.33
20/05/2024,10:30,[10:15-10:30[,S,F,F,C,P,11.30,8.33
20/05/2024,10:45,[10:30-10:45[,S,F,F,P,P,11.30,8.33
20/05/2024,11:00,[10:45-11:00[,S,F,F,P,P,11.30,8.33
20/05/2024,11:15,[11:00-11:15[,S,F,F,P,P,9.45,3.26
20/05/2024,11:30,[11:15-11:30[,S,F,F,P,P,9.45,3.26
20/05/2024,11:45,[11:30-11:45[,S,F,F,P,P,9.45,3.26
20/05/2024,12:00,[11:45-12:00[,S,F,F,P,P,9.45,3.26
20/05/2024,12:15,[12:00-12:15[,S,F,F,P,P,4.50,1.09
20/05/2024,12:30,[12:15-12:30[,S,F,F,P,C,4.50,1.09
20/05/2024,12:45,[12:30-12:45[,S,F,F,P,C,4.50,1.09
20/05/2024,13:00,[12:45-13:00[,S,F,F,P,C,4.50,1.09
20/05/2024,13:15,[13:00-13:15[,S,F,F,C,C,3.13,0.78
20/05/2024,13:30,[13:15-13:30[,S,F,F,C,C,3.13,0.78
20/05/2024,13:45,[13:30-13:45[,S,F,F,C,C,3.13,0.78
20/05/2024,14:00,[13:45-14:00[,S,F,F,C,C,3.13,0.78
20/05/2024,14:15,[14:00-14:15[,S,F,F,C,C,0.54,0.54
20/05/2024,14:30,[14:15-14:30[,S,F,F,C,C,0.54,0.54
20/05/2024,14:45,[14:30-14:45[,S,F,F,C,C,0.54,0.54
20/05/2024,15:00,[14:45-15:00[,S,F,F,C,C,0.54,0.54
20/05/2024,15:15,[15:00-15:15[,S,F,F,C,C,3.25,3.25
20/05/2024,15:30,[15:15-15:30[,S,F,F,C,C,3.25,3.25
20/05/2024,15:45,[15:30-15:45[,S,F,F,C,C,3.25,3.25
20/05/2024,16:00,[15:45-16:00[,S,F,F,C,C,3.25,3.25
20/05/2024,16:15,[16:00-16:15[,S,F,F,C,C,5.00,5.00
20/05/2024,16:30,[16:15-16:30[,S,F,F,C,C,5.00,5.00
20/05/2024,16:45,[16:30-16:45[,S,F,F,C,C,5.00,5.00
20/05/2024,17:00,[16:45-17:00[,S,F,F,C,C,5.00,5.00
20/05/2024,17:15,[17:00-17:15[,S,F,F,C,C,15.17,15.17
20/05/2024,17:30,[17:15-17:30[,S,F,F,C,C,15.17,15.17
20/05/2024,17:45,[17:30-17:45[,S,F,F,C,C,15.17,15.17
20/05/2024,18:00,[17:45-18:00[,S,F,F,C,C,15.17,15.17
20/05/2024,18:15,[18:00-18:15[,S,F,F,C,C,33.80,33.80
20/05/2024,18:30,[18:15-18:30[,S,F,F,C,C,33.80,33.80
20/05/2024,18:45,[18:30-18:45[,S,F,F,C,C,33.80,33.80
20/05/2024,19:00,[18:45-19:00[,S,F,F,C,C,33.80,33.80
20/05/2024,19:15,[19:00-19:15[,S,F,F,C,C,49.12,49.12
20/05/2024,19:30,[19:15-19:30[,S,F,F,C,C,49.12,49.12
20/05/2024,19:45,[19:30-19:45[,S,F,F,P,C,49.12,49.12
20/05/2024,20:00,[19:45-20:00[,S,F,F,P,C,49.12,49.12
20/05/2024,20:15,[20:00-20:15[,S,F,F,P,C,59.31,59.31
20/05/2024,20:30,[20:15-20:30[,S,F,F,P,C,59.31,59.31
20/05/2024,20:45,[20:30-20:45[,S,F,F,P,C,59.31,59.31
20/05/2024,21:00,[20:45-21:00[,S,F,F,P,C,59.31,59.31
20/05/2024,21:15,[21:00-21:15[,S,F,F,C,C,57.63,57.63
20/05/2024,21:30,[21:15-21:30[,S,F,F,C,C,57.63,57.63
20/05/2024,21:45,[21:30-21:45[,S,F,F,C,C,57.63,57.63
20/05/2024,22:00,[21:45-22:00[,S,F,F,C,C,57.63,57.63
20/05/2024,22:15,[22:00-22:15[,S,V,F,V,C,49.00,49.00
20/05/2024,22:30,[22:15-22:30[,S,V,F,V,C,49.00,49.00
20/05/2024,22:45,[22:30-22:45[,S,V,F,V,C,49.00,49.00
20/05/2024,23:00,[22:45-23:00[,S,V,F,V,C,49.00,49.00
20/05/2024,23:15,[23:00-23:15[,S,V,F,V,C,72.43,72.43
20/05/2024,23:30,[23:15-23:30[,S,V,F,V,C,72.43,72.43
20/05/2024,23:45,[23:30-23:45[,S,V,F,V,C,72.43,72.43
20/05/2024,23:59,[23:45-00:00[,S,V,F,V,C,72.43,72.43
21/05/2024,00:15,[00:00-00:15[,S,V,V,V,V,70.50,70.50
21/05/2024,00:30,[00:15-00:30[,S,V,V,V,V,70.50,70.50
21/05/2024,00:45,[00:30-00:45[,S,V,V,V,V,70.50,70.50
21/05/2024,01:00,[00:45-01:00[,S,V,V,V,V,70.50,70.50
21/05/2024,01:15,[01:00-01:15[,S,V,V,V,V,69.13,69.13
21/05/2024,01:30,[01:15-01:30[,S,V,V,V,V,69.13,69.13
21/05/2024,01:45,[01:30-01:45[,S,V,V,V,V,69.13,69.13
21/05/2024,02:00,[01:45-02:00[,S,V,V,V,V,69.13,69.13
21/05/2024,02:15,[02:00-02:15[,S,V,V,V,V,69.00,69.00
21/05/2024,02:30,[02:15-02:30[,S,V,V,V,V,69.00,69.00
21/05/2024,02:45,[02:30-02:45[,S,V,V,V,V,69.00,69.00
21/05/2024,03:00,[02:45-03:00[,S,V,V,V,V,69.00,69.00
21/05/2024,03:15,[03:00-03:15[,S,V,V,V,V,68.01,68.01
21/05/2024,03:30,[03:15-03:30[,S,V,V,V,V,68.01,68.01
21/05/2024,03:45,[03:30-03:45[,S,V,V,V,V,68.01,68.01
21/05/2024,04:00,[03:45-04:00[,S,V,V,V,V,68.01,68.01
21/05/2024,04:15,[04:00-04:15[,S,V,V,V,V,68.84,68.84
21/05/2024,04:30,[04:15-04:30[,S,V,V,V,V,68.84,68.84
21/05/2024,04:45,[04:30-04:45[,S,V,V,V,V,68.84,68.84
21/05/2024,05:00,[04:45-05:00[,S,V,V,V,V,68.84,68.84
21/05/2024,05:15,[05:00-05:15[,S,V,V,V,V,67.00,67.00
21/05/2024,05:30,[05:15-05:30[,S,V,V,V,V,67.00,67.00
21/05/2024,05:45,[05:30-05:45[,S,V,V,V,V,67.00,67.00
21/05/2024,06:00,[05:45-06:00[,S,V,V,V,V,67.00,67.00
21/05/2024,06:15,[06:00-06:15[,S,V,V,V,V,67.92,67.92
21/05/2024,06:30,[06:15-06:30[,S,V,V,V,V,67.92,67.92
21/05/2024,06:45,[06:30-06:45[,S,V,V,V,V,67.92,67.92
21/05/2024,07:00,[06:45-07:00[,S,V,V,V,V,67.92,67.92
21/05/2024,07:15,[07:00-07:15[,S,V,F,V,C,72.87,72.87
21/05/2024,07:30,[07:15-07:30[,S,V,F,V,C,72.87,72.87
21/05/2024,07:45,[07:30-07:45[,S,V,F,V,C,72.87,72.87
21/05/2024,08:00,[07:45-08:00[,S,V,F,V,C,72.87,72.87
21/05/2024,08:15,[08:00-08:15[,S,F,F,C,C,41.70,41.70
21/05/2024,08:30,[08:15-08:30[,S,F,F,C,C,41.70,41.70
21/05/2024,08:45,[08:30-08:45[,S,F,F,C,C,41.70,41.70
21/05/2024,09:00,[08:45-09:00[,S,F,F,C,C,41.70,41.70
21/05/2024,09:15,[09:00-09:15[,S,F,F,C,C,30.00,30.00
21/05/2024,09:30,[09:15-09:30[,S,F,F,C,P,30.00,30.00
21/05/2024,09:45,[09:30-09:45[,S,F,F,C,P,30.00,30.00
21/05/2024,10:00,[09:45-10:00[,S,F,F,C,P,30.00,30.00
21/05/2024,10:15,[10:00-10:15[,S,F,F,C,P,18.82,18.82
21/05/2024,10:30,[10:15-10:30[,S,F,F,C,P,18.82,18.82
21/05/2024,10:45,[10:30-10:45[,S,F,F,P,P,18.82,18.82
21/05/2024,11:00,[10:45-11:00[,S,F,F,P,P,18.82,18.82
21/05/2024,11:15,[11:00-11:15[,S,F,F,P,P,20.43,20.43
21/05/2024,11:30,[11:15-11:30[,S,F,F,P,P,20.43,20.43
21/05/2024,11:45,[11:30-11:45[,S,F,F,P,P,20.43,20.43
21/05/2024,12:00,[11:45-12:00[,S,F,F,P,P,20.43,20.43
21/05/2024,12:15,[12:00-12:15[,S,F,F,P,P,14.70,14.70
21/05/2024,12:30,[12:15-12:30[,S,F,F,P,C,14.70,14.70
21/05/2024,12:45,[12:30-12:45[,S,F,F,P,C,14.70,14.70
21/05/2024,13:00,[12:45-13:00[,S,F,F,P,C,14.70,14.70
21/05/2024,13:15,[13:00-13:15[,S,F,F,C,C,9.66,9.66
21/05/2024,13:30,[13:15-13:30[,S,F,F,C,C,9.66,9.66
21/05/2024,13:45,[13:30-13:45[,S,F,F,C,C,9.66,9.66
21/05/2024,14:00,[13:45-14:00[,S,F,F,C,C,9.66,9.66
21/05/2024,14:15,[14:00-14:15[,S,F,F,C,C,8.21,8.21
21/05/2024,14:30,[14:15-14:30[,S,F,F,C,C,8.21,8.21
21/05/2024,14:45,[14:30-14:45[,S,F,F,C,C,8.21,8.21
21/05/2024,15:00,[14:45-15:00[,S,F,F,C,C,8.21,8.21
21/05/2024,15:15,[15:00-15:15[,S,F,F,C,C,7.44,7.44
21/05/2024,15:30,[15:15-15:30[,S,F,F,C,C,7.44,7.44
21/05/2024,15:45,[15:30-15:45[,S,F,F,C,C,7.44,7.44
21/05/2024,16:00,[15:45-16:00[,S,F,F,C,C,7.44,7.44
21/05/2024,16:15,[16:00-16:15[,S,F,F,C,C,14.70,14.70
21/05/2024,16:30,[16:15-16:30[,S,F,F,C,C,14.70,14.70
21/05/2024,16:45,[16:30-16:45[,S,F,F,C,C,14.70,14.70
21/05/2024,17:00,[16:45-17:00[,S,F,F,C,C,14.70,14.70
21/05/2024,17:15,[17:00-17:15[,S,F,F,C,C,19.44,19.44
21/05/2024,17:30,[17:15-17:30[,S,F,F,C,C,19.44,19.44
21/05/2024,17:45,[17:30-17:45[,S,F,F,C,C,19.44,19.44
21/05/2024,18:00,[17:45-18:00[,S,F,F,C,C,19.44,19.44
21/05/2024,18:15,[18:00-18:15[,S,F,F,C,C,34.79,34.79
21/05/2024,18:30,[18:15-18:30[,S,F,F,C,C,34.79,34.79
21/05/2024,18:45,[18:30-18:45[,S,F,F,C,C,34.79,34.79
21/05/2024,19:00,[18:45-19:00[,S,F,F,C,C,34.79,34.79
21/05/2024,19:15,[19:00-19:15[,S,F,F,C,C,62.73,62.73
21/05/2024,19:30,[19:15-19:30[,S,F,F,C,C,62.73,62.73
21/05/2024,19:45,[19:30-19:45[,S,F,F,P,C,62.73,62.73
21/05/2024,20:00,[19:45-20:00[,S,F,F,P,C,62.73,62.73
21/05/2024,20:15,[20:00-20:15[,S,F,F,P,C,68.01,68.01
21/05/2024,20:30,[20:15-20:30[,S,F,F,P,C,68.01,68.01
21/05/2024,20:45,[20:30-20:45[,S,F,F,P,C,68.01,68.01
21/05/2024,21:00,[20:45-21:00[,S,F,F,P,C,68.01,68.01
21/05/2024,21:15,[21:00-21:15[,S,F,F,C,C,66.77,66.77
21/05/2024,21:30,[21:15-21:30[,S,F,F,C,C,66.77,66.77
21/05/2024,21:45,[21:30-21:45[,S,F,F,C,C,66.77,66.77
21/05/2024,22:00,[21:45-22:00[,S,F,F,C,C,66.77,66.77
21/05/2024,22:15,[22:00-22:15[,S,V,F,V,C,63.08,63.08
21/05/2024,22:30,[22:15-22:30[,S,V,F,V,C,63.08,63.08
21/05/2024,22:45,[22:30-22:45[,S,V,F,V,C,63.08,63.08
21/05/2024,23:00,[22:45-23:00[,S,V,F,V,C,63.08,63.08
21/05/2024,23:15,[23:00-23:15[,S,V,F,V,C,72.00,72.00
21/05/2024,23:30,[23:15-23:30[,S,V,F,V,C,72.00,72.00
21/05/2024,23:45,[23:30-23:45[,S,V,F,V,C,72.00,72.00
21/05/2024,23:59,[23:45-00:00[,S,V,F,V,C,72.00,72.00
22/05/2024,00:15,[00:00-00:15[,S,V,V,V,V,68.90,68.90
22/05/2024,00:30,[00:15-00:30[,S,V,V,V,V,68.90,68.90
22/05/2024,00:45,[00:30-00:45[,S,V,V,V,V,68.90,68.90
22/05/2024,01:00,[00:45-01:00[,S,V,V,V,V,68.90,68.90
22/05/2024,01:15,[01:00-01:15[,S,V,V,V,V,65.90,65.90
22/05/2024,01:30,[01:15-01:30[,S,V,V,V,V,65.90,65.90
22/05/2024,01:45,[01:30-01:45[,S,V,V,V,V,65.90,65.90
22/05/2024,02:00,[01:45-02:00[,S,V,V,V,V,65.90,65.90
22/05/2024,02:15,[02:00-02:15[,S,V,V,V,V,66.32,66.32
22/05/2024,02:30,[02:15-02:30[,S,V,V,V,V,66.32,66.32
22/05/2024,02:45,[02:30-02:45[,S,V,V,V,V,66.32,66.32
22/05/2024,03:00,[02:45-03:00[,S,V,V,V,V,66.32,66.32
22/05/2024,03:15,[03:00-03:15[,S,V,V,V,V,64.76,64.76
22/05/2024,03:30,[03:15-03:30[,S,V,V,V,V,64.76,64.76
22/05/2024,03:45,[03:30-03:45[,S,V,V,V,V,64.76,64.76
22/05/2024,04:00,[03:45-04:00[,S,V,V,V,V,64.76,64.76
22/05/2024,04:15,[04:00-04:15[,S,V,V,V,V,67.88,67.88
22/05/2024,04:30,[04:15-04:30[,S,V,V,V,V,67.88,67.88
22/05/2024,04:45,[04:30-04:45[,S,V,V,V,V,67.88,67.88
22/05/2024,05:00,[04:45-05:00[,S,V,V,V,V,67.88,67.88
22/05/2024,05:15,[05:00-05:15[,S,V,V,V,V,62.90,62.90
22/05/2024,05:30,[05:15-05:30[,S,V,V,V,V,62.90,62.90
22/05/2024,05:45,[05:30-05:45[,S,V,V,V,V,62.90,62.90
22/05/2024,06:00,[05:45-06:00[,S,V,V,V,V,62.90,62.90
22/05/2024,06:15,[06:00-06:15[,S,V,V,V,V,66.43,66.43
22/05/2024,06:30,[06:15-06:30[,S,V,V,V,V,66.43,66.43
22/05/2024,06:45,[06:30-06:45[,S,V,V,V,V,66.43,66.43
22/05/2024,07:00,[06:45-07:00[,S,V,V,V,V,66.43,66.43
22/05/2024,07:15,[07:00-07:15[,S,V,F,V,C,58.58,58.58
22/05/2024,07:30,[07:15-07:30[,S,V,F,V,C,58.58,58.58
22/05/2024,07:45,[07:30-07:45[,S,V,F,V,C,58.58,58.58
22/05/2024,08:00,[07:45-08:00[,S,V,F,V,C,58.58,58.58
22/05/2024,08:15,[08:00-08:15[,S,F,F,C,C,38.65,38.65
22/05/2024,08:30,[08:15-08:30[,S,F,F,C,C,38.65,38.65
22/05/2024,08:45,[08:30-08:45[,S,F,F,C,C,38.65,38.65
22/05/2024,09:00,[08:45-09:00[,S,F,F,C,C,38.65,38.65
22/05/2024,09:15,[09:00-09:15[,S,F,F,C,C,24.17,24.17
22/05/2024,09:30,[09:15-09:30[,S,F,F,C,P,24.17,24.17
22/05/2024,09:45,[09:30-09:45[,S,F,F,C,P,24.17,24.17
22/05/2024,10:00,[09:45-10:00[,S,F,F,C,P,24.17,24.17
22/05/2024,10:15,[10:00-10:15[,S,F,F,C,P,22.00,22.00
22/05/2024,10:30,[10:15-10:30[,S,F,F,C,P,22.00,22.00
22/05/2024,10:45,[10:30-10:45[,S,F,F,P,P,22.00,22.00
22/05/2024,11:00,[10:45-11:00[,S,F,F,P,P,22.00,22.00
22/05/2024,11:15,[11:00-11:15[,S,F,F,P,P,21.76,21.76
22/05/2024,11:30,[11:15-11:30[,S,F,F,P,P,21.76,21.76
22/05/2024,11:45,[11:30-11:45[,S,F,F,P,P,21.76,21.76
22/05/2024,12:00,[11:45-12:00[,S,F,F,P,P,21.76,21.76
22/05/2024,12:15,[12:00-12:15[,S,F,F,P,P,11.72,11.72
22/05/2024,12:30,[12:15-12:30[,S,F,F,P,C,11.72,11.72
22/05/2024,12:45,[12:30-12:45[,S,F,F,P,C,11.72,11.72
22/05/2024,13:00,[12:45-13:00[,S,F,F,P,C,11.72,11.72
22/05/2024,13:15,[13:00-13:15[,S,F,F,C,C,10.23,10.23
22/05/2024,13:30,[13:15-13:30[,S,F,F,C,C,10.23,10.23
22/05/2024,13:45,[13:30-13:45[,S,F,F,C,C,10.23,10.23
22/05/2024,14:00,[13:45-14:00[,S,F,F,C,C,10.23,10.23
22/05/2024,14:15,[14:00-14:15[,S,F,F,C,C,3.25,3.25
22/05/2024,14:30,[14:15-14:30[,S,F,F,C,C,3.25,3.25
22/05/2024,14:45,[14:30-14:45[,S,F,F,C,C,3.25,3.25
22/05/2024,15:00,[14:45-15:00[,S,F,F,C,C,3.25,3.25
22/05/2024,15:15,[15:00-15:15[,S,F,F,C,C,3.25,3.25
22/05/2024,15:30,[15:15-15:30[,S,F,F,C,C,3.25,3.25
22/05/2024,15:45,[15:30-15:45[,S,F,F,C,C,3.25,3.25
22/05/2024,16:00,[15:45-16:00[,S,F,F,C,C,3.25,3.25
22/05/2024,16:15,[16:00-16:15[,S,F,F,C,C,8.47,8.47
22/05/2024,16:30,[16:15-16:30[,S,F,F,C,C,8.47,8.47
22/05/2024,16:45,[16:30-16:45[,S,F,F,C,C,8.47,8.47
22/05/2024,17:00,[16:45-17:00[,S,F,F,C,C,8.47,8.47
22/05/2024,17:15,[17:00-17:15[,S,F,F,C,C,25.10,25.10
22/05/2024,17:30,[17:15-17:30[,S,F,F,C,C,25.10,25.10
22/05/2024,17:45,[17:30-17:45[,S,F,F,C,C,25.10,25.10
22/05/2024,18:00,[17:45-18:00[,S,F,F,C,C,25.10,25.10
22/05/2024,18:15,[18:00-18:15[,S,F,F,C,C,41.20,41.20
22/05/2024,18:30,[18:15-18:30[,S,F,F,C,C,41.20,41.20
22/05/2024,18:45,[18:30-18:45[,S,F,F,C,C,41.20,41.20
22/05/2024,19:00,[18:45-19:00[,S,F,F,C,C,41.20,41.20
22/05/2024,19:15,[19:00-19:15[,S,F,F,C,C,57.24,57.24
22/05/2024,19:30,[19:15-19:30[,S,F,F,C,C,57.24,57.24
22/05/2024,19:45,[19:30-19:45[,S,F,F,P,C,57.24,57.24
22/05/2024,20:00,[19:45-20:00[,S,F,F,P,C,57.24,57.24
22/05/2024,20:15,[20:00-20:15[,S,F,F,P,C,74.63,74.63
22/05/2024,20:30,[20:15-20:30[,S,F,F,P,C,74.63,74.63
22/05/2024,20:45,[20:30-20:45[,S,F,F,P,C,74.63,74.63
22/05/2024,21:00,[20:45-21:00[,S,F,F,P,C,74.63,74.63
22/05/2024,21:15,[21:00-21:15[,S,F,F,C,C,67.88,67.88
22/05/2024,21:30,[21:15-21:30[,S,F,F,C,C,67.88,67.88
22/05/2024,21:45,[21:30-21:45[,S,F,F,C,C,67.88,67.88
22/05/2024,22:00,[21:45-22:00[,S,F,F,C,C,67.88,67.88
22/05/2024,22:15,[22:00-22:15[,S,V,F,V,C,71.00,71.00
22/05/2024,22:30,[22:15-22:30[,S,V,F,V,C,71.00,71.00
22/05/2024,22:45,[22:30-22:45[,S,V,F,V,C,71.00,71.00
22/05/2024,23:00,[22:45-23:00[,S,V,F,V,C,71.00,71.00
22/05/2024,23:15,[23:00-23:15[,S,V,F,V,C,72.00,72.00
22/05/2024,23:30,[23:15-23:30[,S,V,F,V,C,72.00,72.00
22/05/2024,23:45,[23:30-23:45[,S,V,F,V,C,72.00,72.00
22/05/2024,23:59,[23:45-00:00[,S,V,F,V,C,72.00,72.00
23/05/2024,00:15,[00:00-00:15[,S,V,V,V,V,71.12,71.12
23/05/2024,00:30,[00:15-00:30[,S,V,V,V,V,71.12,71.12
23/05/2024,00:45,[00:30-00:45[,S,V,V,V,V,71.12,71.12
23/05/2024,01:00,[00:45-01:00[,S,V,V,V,V,71.12,71.12
23/05/2024,01:15,[01:00-01:15[,S,V,V,V,V,54.00,54.00
23/05/2024,01:30,[01:15-01:30[,S,V,V,V,V,54.00,54.00
23/05/2024,01:45,[01:30-01:45[,S,V,V,V,V,54.00,54.00
23/05/2024,02:00,[01:45-02:00[,S,V,V,V,V,54.00,54.00
23/05/2024,02:15,[02:00-02:15[,S,V,V,V,V,71.30,71.30
23/05/2024,02:30,[02:15-02:30[,S,V,V,V,V,71.30,71.30
23/05/2024,02:45,[02:30-02:45[,S,V,V,V,V,71.30,71.30
23/05/2024,03:00,[02:45-03:00[,S,V,V,V,V,71.30,71.30
23/05/2024,03:15,[03:00-03:15[,S,V,V,V,V,71.12,71.12
23/05/2024,03:30,[03:15-03:30[,S,V,V,V,V,71.12,71.12
23/05/2024,03:45,[03:30-03:45[,S,V,V,V,V,71.12,71.12
23/05/2024,04:00,[03:45-04:00[,S,V,V,V,V,71.12,71.12
23/05/2024,04:15,[04:00-04:15[,S,V,V,V,V,71.74,71.74
23/05/2024,04:30,[04:15-04:30[,S,V,V,V,V,71.74,71.74
23/05/2024,04:45,[04:30-04:45[,S,V,V,V,V,71.74,71.74
23/05/2024,05:00,[04:45-05:00[,S,V,V,V,V,71.74,71.74
23/05/2024,05:15,[05:00-05:15[,S,V,V,V,V,72.00,72.00
23/05/2024,05:30,[05:15-05:30[,S,V,V,V,V,72.00,72.00
23/05/2024,05:45,[05:30-05:45[,S,V,V,V,V,72.00,72.00
23/05/2024,06:00,[05:45-06:00[,S,V,V,V,V,72.00,72.00
23/05/2024,06:15,[06:00-06:15[,S,V,V,V,V,80.58,80.58
23/05/2024,06:30,[06:15-06:30[,S,V,V,V,V,80.58,80.58
23/05/2024,06:45,[06:30-06:45[,S,V,V,V,V,80.58,80.58
23/05/2024,07:00,[06:45-07:00[,S,V,V,V,V,80.58,80.58
23/05/2024,07:15,[07:00-07:15[,S,V,F,V,C,82.67,82.67
23/05/2024,07:30,[07:15-07:30[,S,V,F,V,C,82.67,82.67
23/05/2024,07:45,[07:30-07:45[,S,V,F,V,C,82.67,82.67
23/05/2024,08:00,[07:45-08:00[,S,V,F,V,C,82.67,82.67
23/05/2024,08:15,[08:00-08:15[,S,F,F,C,C,71.74,71.74
23/05/2024,08:30,[08:15-08:30[,S,F,F,C,C,71.74,71.74
23/05/2024,08:45,[08:30-08:45[,S,F,F,C,C,71.74,71.74
23/05/2024,09:00,[08:45-09:00[,S,F,F,C,C,71.74,71.74
23/05/2024,09:15,[09:00-09:15[,S,F,F,C,C,49.21,49.21
23/05/2024,09:30,[09:15-09:30[,S,F,F,C,P,49.21,49.21
23/05/2024,09:45,[09:30-09:45[,S,F,F,C,P,49.21,49.21
23/05/2024,10:00,[09:45-10:00[,S,F,F,C,P,49.21,49.21
23/05/2024,10:15,[10:00-10:15[,S,F,F,C,P,42.63,42.63
23/05/2024,10:30,[10:15-10:30[,S,F,F,C,P,42.63,42.63
23/05/2024,10:45,[10:30-10:45[,S,F,F,P,P,42.63,42.63
23/05/2024,11:00,[10:45-11:00[,S,F,F,P,P,42.63,42.63
23/05/2024,11:15,[11:00-11:15[,S,F,F,P,P,35.01,35.01
23/05/2024,11:30,[11:15-11:30[,S,F,F,P,P,35.01,35.01
23/05/2024,11:45,[11:30-11:45[,S,F,F,P,P,35.01,35.01
23/05/2024,12:00,[11:45-12:00[,S,F,F,P,P,35.01,35.01
23/05/2024,12:15,[12:00-12:15[,S,F,F,P,P,35.00,35.00
23/05/2024,12:30,[12:15-12:30[,S,F,F,P,C,35.00,35.00
23/05/2024,12:45,[12:30-12:45[,S,F,F,P,C,35.00,35.00
23/05/2024,13:00,[12:45-13:00[,S,F,F,P,C,35.00,35.00
23/05/2024,13:15,[13:00-13:15[,S,F,F,C,C,30.39,30.39
23/05/2024,13:30,[13:15-13:30[,S,F,F,C,C,30.39,30.39
23/05/2024,13:45,[13:30-13:45[,S,F,F,C,C,30.39,30.39
23/05/2024,14:00,[13:45-14:00[,S,F,F,C,C,30.39,30.39
23/05/2024,14:15,[14:00-14:15[,S,F,F,C,C,26.10,26.10
23/05/2024,14:30,[14:15-14:30[,S,F,F,C,C,26.10,26.10
23/05/2024,14:45,[14:30-14:45[,S,F,F,C,C,26.10,26.10
23/05/2024,15:00,[14:45-15:00[,S,F,F,C,C,26.10,26.10
23/05/2024,15:15,[15:00-15:15[,S,F,F,C,C,26.31,26.31
23/05/2024,15:30,[15:15-15:30[,S,F,F,C,C,26.31,26.31
23/05/2024,15:45,[15:30-15:45[,S,F,F,C,C,26.31,26.31
23/05/2024,16:00,[15:45-16:00[,S,F,F,C,C,26.31,26.31
23/05/2024,16:15,[16:00-16:15[,S,F,F,C,C,35.01,35.01
23/05/2024,16:30,[16:15-16:30[,S,F,F,C,C,35.01,35.01
23/05/2024,16:45,[16:30-16:45[,S,F,F,C,C,35.01,35.01
23/05/2024,17:00,[16:45-17:00[,S,F,F,C,C,35.01,35.01
23/05/2024,17:15,[17:00-17:15[,S,F,F,C,C,43.56,43.56
23/05/2024,17:30,[17:15-17:30[,S,F,F,C,C,43.56,43.56
23/05/2024,17:45,[17:30-17:45[,S,F,F,C,C,43.56,43.56
23/05/2024,18:00,[17:45-18:00[,S,F,F,C,C,43.56,43.56
23/05/2024,18:15,[18:00-18:15[,S,F,F,C,C,71.12,71.12
23/05/2024,18:30,[18:15-18:30[,S,F,F,C,C,71.12,71.12
23/05/2024,18:45,[18:30-18:45[,S,F,F,C,C,71.12,71.12
23/05/2024,19:00,[18:45-19:00[,S,F,F,C,C,71.12,71.12
23/05/2024,19:15,[19:00-19:15[,S,F,F,C,C,68.43,68.43
23/05/2024,19:30,[19:15-19:30[,S,F,F,C,C,68.43,68.43
23/05/2024,19:45,[19:30-19:45[,S,F,F,P,C,68.43,68.43
23/05/2024,20:00,[19:45-20:00[,S,F,F,P,C,68.43,68.43
23/05/2024,20:15,[20:00-20:15[,S,F,F,P,C,91.73,91.73
23/05/2024,20:30,[20:15-20:30[,S,F,F,P,C,91.73,91.73
23/05/2024,20:45,[20:30-20:45[,S,F,F,P,C,91.73,91.73
23/05/2024,21:00,[20:45-21:00[,S,F,F,P,C,91.73,91.73
23/05/2024,21:15,[21:00-21:15[,S,F,F,C,C,92.30,92.30
23/05/2024,21:30,[21:15-21:30[,S,F,F,C,C,92.30,92.30
23/05/2024,21:45,[21:30-21:45[,S,F,F,C,C,92.30,92.30
23/05/2024,22:00,[21:45-22:00[,S,F,F,C,C,92.30,92.30
23/05/2024,22:15,[22:00-22:15[,S,V,F,V,C,85.65,85.65
23/05/2024,22:30,[22:15-22:30[,S,V,F,V,C,85.65,85.65
23/05/2024,22:45,[22:30-22:45[,S,V,F,V,C,85.65,85.65
23/05/2024,23:00,[22:45-23:00[,S,V,F,V,C,85.65,85.65
23/05/2024,23:15,[23:00-23:15[,S,V,F,V,C,85.00,85.00
23/05/2024,23:30,[23:15-23:30[,S,V,F,V,C,85.00,85.00
23/05/2024,23:45,[23:30-23:45[,S,V,F,V,C,85.00,85.00
23/05/2024,23:59,[23:45-00:00[,S,V,F,V,C,85.00,85.00
24/05/2024,00:15,[00:00-00:15[,S,V,V,V,V,78.34,78.34
24/05/2024,00:30,[00:15-00:30[,S,V,V,V,V,78.34,78.34
24/05/2024,00:45,[00:30-00:45[,S,V,V,V,V,78.34,78.34
24/05/2024,01:00,[00:45-01:00[,S,V,V,V,V,78.34,78.34
24/05/2024,01:15,[01:00-01:15[,S,V,V,V,V,77.51,77.51
24/05/2024,01:30,[01:15-01:30[,S,V,V,V,V,77.51,77.51
24/05/2024,01:45,[01:30-01:45[,S,V,V,V,V,77.51,77.51
24/05/2024,02:00,[01:45-02:00[,S,V,V,V,V,77.51,77.51
24/05/2024,02:15,[02:00-02:15[,S,V,V,V,V,72.00,72.00
24/05/2024,02:30,[02:15-02:30[,S,V,V,V,V,72.00,72.00
24/05/2024,02:45,[02:30-02:45[,S,V,V,V,V,72.00,72.00
24/05/2024,03:00,[02:45-03:00[,S,V,V,V,V,72.00,72.00
24/05/2024,03:15,[03:00-03:15[,S,V,V,V,V,71.00,71.00
24/05/2024,03:30,[03:15-03:30[,S,V,V,V,V,71.00,71.00
24/05/2024,03:45,[03:30-03:45[,S,V,V,V,V,71.00,71.00
24/05/2024,04:00,[03:45-04:00[,S,V,V,V,V,71.00,71.00
24/05/2024,04:15,[04:00-04:15[,S,V,V,V,V,81.09,81.09
24/05/2024,04:30,[04:15-04:30[,S,V,V,V,V,81.09,81.09
24/05/2024,04:45,[04:30-04:45[,S,V,V,V,V,81.09,81.09
24/05/2024,05:00,[04:45-05:00[,S,V,V,V,V,81.09,81.09
24/05/2024,05:15,[05:00-05:15[,S,V,V,V,V,83.34,83.34
24/05/2024,05:30,[05:15-05:30[,S,V,V,V,V,83.34,83.34
24/05/2024,05:45,[05:30-05:45[,S,V,V,V,V,83.34,83.34
24/05/2024,06:00,[05:45-06:00[,S,V,V,V,V,83.34,83.34
24/05/2024,06:15,[06:00-06:15[,S,V,V,V,V,89.72,89.72
24/05/2024,06:30,[06:15-06:30[,S,V,V,V,V,89.72,89.72
24/05/2024,06:45,[06:30-06:45[,S,V,V,V,V,89.72,89.72
24/05/2024,07:00,[06:45-07:00[,S,V,V,V,V,89.72,89.72
24/05/2024,07:15,[07:00-07:15[,S,V,F,V,C,86.84,86.84
24/05/2024,07:30,[07:15-07:30[,S,V,F,V,C,86.84,86.84
24/05/2024,07:45,[07:30-07:45[,S,V,F,V,C,86.84,86.84
24/05/2024,08:00,[07:45-08:00[,S,V,F,V,C,86.84,86.84
24/05/2024,08:15,[08:00-08:15[,S,F,F,C,C,74.90,74.90
24/05/2024,08:30,[08:15-08:30[,S,F,F,C,C,74.90,74.90
24/05/2024,08:45,[08:30-08:45[,S,F,F,C,C,74.90,74.90
24/05/2024,09:00,[08:45-09:00[,S,F,F,C,C,74.90,74.90
24/05/2024,09:15,[09:00-09:15[,S,F,F,C,C,61.22,61.22
24/05/2024,09:30,[09:15-09:30[,S,F,F,C,P,61.22,61.22
24/05/2024,09:45,[09:30-09:45[,S,F,F,C,P,61.22,61.22
24/05/2024,10:00,[09:45-10:00[,S,F,F,C,P,61.22,61.22
24/05/2024,10:15,[10:00-10:15[,S,F,F,C,P,60.32,48.10
24/05/2024,10:30,[10:15-10:30[,S,F,F,C,P,60.32,48.10
24/05/2024,10:45,[10:30-10:45[,S,F,F,P,P,60.32,48.10
24/05/2024,11:00,[10:45-11:00[,S,F,F,P,P,60.32,48.10
24/05/2024,11:15,[11:00-11:15[,S,F,F,P,P,53.71,48.30
24/05/2024,11:30,[11:15-11:30[,S,F,F,P,P,53.71,48.30
24/05/2024,11:45,[11:30-11:45[,S,F,F,P,P,53.71,48.30
24/05/2024,12:00,[11:45-12:00[,S,F,F,P,P,53.71,48.30
24/05/2024,12:15,[12:00-12:15[,S,F,F,P,P,47.40,40.80
24/05/2024,12:30,[12:15-12:30[,S,F,F,P,C,47.40,40.80
24/05/2024,12:45,[12:30-12:45[,S,F,F,P,C,47.40,40.80
24/05/2024,13:00,[12:45-13:00[,S,F,F,P,C,47.40,40.80
24/05/2024,13:15,[13:00-13:15[,S,F,F,C,C,47.20,36.76
24/05/2024,13:30,[13:15-13:30[,S,F,F,C,C,47.20,36.76
24/05/2024,13:45,[13:30-13:45[,S,F,F,C,C,47.20,36.76
24/05/2024,14:00,[13:45-14:00[,S,F,F,C,C,47.20,36.76
24/05/2024,14:15,[14:00-14:15[,S,F,F,C,C,35.01,35.01
24/05/2024,14:30,[14:15-14:30[,S,F,F,C,C,35.01,35.01
24/05/2024,14:45,[14:30-14:45[,S,F,F,C,C,35.01,35.01
24/05/2024,15:00,[14:45-15:00[,S,F,F,C,C,35.01,35.01
24/05/2024,15:15,[15:00-15:15[,S,F,F,C,C,38.50,38.50
24/05/2024,15:30,[15:15-15:30[,S,F,F,C,C,38.50,38.50
24/05/2024,15:45,[15:30-15:45[,S,F,F,C,C,38.50,38.50
24/05/2024,16:00,[15:45-16:00[,S,F,F,C,C,38.50,38.50
24/05/2024,16:15,[16:00-16:15[,S,F,F,C,C,41.10,41.10
24/05/2024,16:30,[16:15-16:30[,S,F,F,C,C,41.10,41.10
24/05/2024,16:45,[16:30-16:45[,S,F,F,C,C,41.10,41.10
24/05/2024,17:00,[16:45-17:00[,S,F,F,C,C,41.10,41.10
24/05/2024,17:15,[17:00-17:15[,S,F,F,C,C,68.00,68.00
24/05/2024,17:30,[17:15-17:30[,S,F,F,C,C,68.00,68.00
24/05/2024,17:45,[17:30-17:45[,S,F,F,C,C,68.00,68.00
24/05/2024,18:00,[17:45-18:00[,S,F,F,C,C,68.00,68.00
24/05/2024,18:15,[18:00-18:15[,S,F,F,C,C,81.56,81.56
24/05/2024,18:30,[18:15-18:30[,S,F,F,C,C,81.56,81.56
24/05/2024,18:45,[18:30-18:45[,S,F,F,C,C,81.56,81.56
24/05/2024,19:00,[18:45-19:00[,S,F,F,C,C,81.56,81.56
24/05/2024,19:15,[19:00-19:15[,S,F,F,C,C,92.76,92.76
24/05/2024,19:30,[19:15-19:30[,S,F,F,C,C,92.76,92.76
24/05/2024,19:45,[19:30-19:45[,S,F,F,P,C,92.76,92.76
24/05/2024,20:00,[19:45-20:00[,S,F,F,P,C,92.76,92.76
24/05/2024,20:15,[20:00-20:15[,S,F,F,P,C,117.19,117.19
24/05/2024,20:30,[20:15-20:30[,S,F,F,P,C,117.19,117.19
24/05/2024,20:45,[20:30-20:45[,S,F,F,P,C,117.19,117.19
24/05/2024,21:00,[20:45-21:00[,S,F,F,P,C,117.19,117.19
24/05/2024,21:15,[21:00-21:15[,S,F,F,C,C,111.10,111.10
24/05/2024,21:30,[21:15-21:30[,S,F,F,C,C,111.10,111.10
24/05/2024,21:45,[21:30-21:45[,S,F,F,C,C,111.10,111.10
24/05/2024,22:00,[21:45-22:00[,S,F,F,C,C,111.10,111.10
24/05/2024,22:15,[22:00-22:15[,S,V,F,V,C,99.84,99.84
24/05/2024,22:30,[22:15-22:30[,S,V,F,V,C,99.84,99.84
24/05/2024,22:45,[22:30-22:45[,S,V,F,V,C,99.84,99.84
24/05/2024,23:00,[22:45-23:00[,S,V,F,V,C,99.84,99.84
24/05/2024,23:15,[23:00-23:15[,S,V,F,V,C,94.88,94.88
24/05/2024,23:30,[23:15-23:30[,S,V,F,V,C,94.88,94.88
24/05/2024,23:45,[23:30-23:45[,S,V,F,V,C,94.88,94.88
24/05/2024,23:59,[23:45-00:00[,S,V,F,V,C,94.88,94.88
25/05/2024,00:15,[00:00-00:15[,S,V,V,V,V,85.74,85.74
25/05/2024,00:30,[00:15-00:30[,S,V,V,V,V,85.74,85.74
25/05/2024,00:45,[00:30-00:45[,S,V,V,V,V,85.74,85.74
25/05/2024,01:00,[00:45-01:00[,S,V,V,V,V,85.74,85.74
25/05/2024,01:15,[01:00-01:15[,S,V,V,V,V,74.88,74.88
25/05/2024,01:30,[01:15-01:30[,S,V,V,V,V,74.88,74.88
25/05/2024,01:45,[01:30-01:45[,S,V,V,V,V,74.88,74.88
25/05/2024,02:00,[01:45-02:00[,S,V,V,V,V,74.88,74.88
25/05/2024,02:15,[02:00-02:15[,S,V,V,V,V,72.00,72.00
25/05/2024,02:30,[02:15-02:30[,S,V,V,V,V,72.00,72.00
25/05/2024,02:45,[02:30-02:45[,S,V,V,V,V,72.00,72.00
25/05/2024,03:00,[02:45-03:00[,S,V,V,V,V,72.00,72.00
25/05/2024,03:15,[03:00-03:15[,S,V,V,V,V,70.99,70.99
25/05/2024,03:30,[03:15-03:30[,S,V,V,V,V,70.99,70.99
25/05/2024,03:45,[03:30-03:45[,S,V,V,V,V,70.99,70.99
25/05/2024,04:00,[03:45-04:00[,S,V,V,V,V,70.99,70.99
25/05/2024,04:15,[04:00-04:15[,S,V,V,V,V,70.00,70.00
25/05/2024,04:30,[04:15-04:30[,S,V,V,V,V,70.00,70.00
25/05/2024,04:45,[04:30-04:45[,S,V,V,V,V,70.00,70.00
25/05/2024,05:00,[04:45-05:00[,S,V,V,V,V,70.00,70.00
25/05/2024,05:15,[05:00-05:15[,S,V,V,V,V,71.30,71.30
25/05/2024,05:30,[05:15-05:30[,S,V,V,V,V,71.30,71.30
25/05/2024,05:45,[05:30-05:45[,S,V,V,V,V,71.30,71.30
25/05/2024,06:00,[05:45-06:00[,S,V,V,V,V,71.30,71.30
25/05/2024,06:15,[06:00-06:15[,S,V,V,V,V,71.74,71.74
25/05/2024,06:30,[06:15-06:30[,S,V,V,V,V,71.74,71.74
25/05/2024,06:45,[06:30-06:45[,S,V,V,V,V,71.74,71.74
25/05/2024,07:00,[06:45-07:00[,S,V,V,V,V,71.74,71.74
25/05/2024,07:15,[07:00-07:15[,S,V,V,V,V,30.52,30.52
25/05/2024,07:30,[07:15-07:30[,S,V,V,V,V,30.52,30.52
25/05/2024,07:45,[07:30-07:45[,S,V,V,V,V,30.52,30.52
25/05/2024,08:00,[07:45-08:00[,S,V,V,V,V,30.52,30.52
25/05/2024,08:15,[08:00-08:15[,S,F,V,C,V,24.44,24.44
25/05/2024,08:30,[08:15-08:30[,S,F,V,C,V,24.44,24.44
25/05/2024,08:45,[08:30-08:45[,S,F,V,C,V,24.44,24.44
25/05/2024,09:00,[08:45-09:00[,S,F,V,C,V,24.44,24.44
25/05/2024,09:15,[09:00-09:15[,S,F,F,C,C,16.50,16.50
25/05/2024,09:30,[09:15-09:30[,S,F,F,C,C,16.50,16.50
25/05/2024,09:45,[09:30-09:45[,S,F,F,C,C,16.50,16.50
25/05/2024,10:00,[09:45-10:00[,S,F,F,C,C,16.50,16.50
25/05/2024,10:15,[10:00-10:15[,S,F,F,C,C,9.32,9.32
25/05/2024,10:30,[10:15-10:30[,S,F,F,C,C,9.32,9.32
25/05/2024,10:45,[10:30-10:45[,S,F,F,P,C,9.32,9.32
25/05/2024,11:00,[10:45-11:00[,S,F,F,P,C,9.32,9.32
25/05/2024,11:15,[11:00-11:15[,S,F,F,P,C,3.24,3.24
25/05/2024,11:30,[11:15-11:30[,S,F,F,P,C,3.24,3.24
25/05/2024,11:45,[11:30-11:45[,S,F,F,P,C,3.24,3.24
25/05/2024,12:00,[11:45-12:00[,S,F,F,P,C,3.24,3.24
25/05/2024,12:15,[12:00-12:15[,S,F,F,P,C,0.04,0.04
25/05/2024,12:30,[12:15-12:30[,S,F,F,P,C,0.04,0.04
25/05/2024,12:45,[12:30-12:45[,S,F,F,P,C,0.04,0.04
25/05/2024,13:00,[12:45-13:00[,S,F,F,P,C,0.04,0.04
25/05/2024,13:15,[13:00-13:15[,S,F,F,C,C,0.00,0.00
25/05/2024,13:30,[13:15-13:30[,S,F,F,C,C,0.00,0.00
25/05/2024,13:45,[13:30-13:45[,S,F,F,C,C,0.00,0.00
25/05/2024,14:00,[13:45-14:00[,S,F,F,C,C,0.00,0.00
25/05/2024,14:15,[14:00-14:15[,S,F,V,C,V,0.00,0.00
25/05/2024,14:30,[14:15-14:30[,S,F,V,C,V,0.00,0.00
25/05/2024,14:45,[14:30-14:45[,S,F,V,C,V,0.00,0.00
25/05/2024,15:00,[14:45-15:00[,S,F,V,C,V,0.00,0.00
25/05/2024,15:15,[15:00-15:15[,S,F,V,C,V,0.00,0.00
25/05/2024,15:30,[15:15-15:30[,S,F,V,C,V,0.00,0.00
25/05/2024,15:45,[15:30-15:45[,S,F,V,C,V,0.00,0.00
25/05/2024,16:00,[15:45-16:00[,S,F,V,C,V,0.00,0.00
25/05/2024,16:15,[16:00-16:15[,S,F,V,C,V,0.00,0.00
25/05/2024,16:30,[16:15-16:30[,S,F,V,C,V,0.00,0.00
25/05/2024,16:45,[16:30-16:45[,S,F,V,C,V,0.00,0.00
25/05/2024,17:00,[16:45-17:00[,S,F,V,C,V,0.00,0.00
25/05/2024,17:15,[17:00-17:15[,S,F,V,C,V,2.00,2.00
25/05/2024,17:30,[17:15-17:30[,S,F,V,C,V,2.00,2.00
25/05/2024,17:45,[17:30-17:45[,S,F,V,C,V,2.00,2.00
25/05/2024,18:00,[17:45-18:00[,S,F,V,C,V,2.00,2.00
25/05/2024,18:15,[18:00-18:15[,S,F,V,C,V,28.50,28.50
25/05/2024,18:30,[18:15-18:30[,S,F,V,C,V,28.50,28.50
25/05/2024,18:45,[18:30-18:45[,S,F,V,C,V,28.50,28.50
25/05/2024,19:00,[18:45-19:00[,S,F,V,C,V,28.50,28.50
25/05/2024,19:15,[19:00-19:15[,S,F,V,C,V,70.99,70.99
25/05/2024,19:30,[19:15-19:30[,S,F,V,C,V,70.99,70.99
25/05/2024,19:45,[19:30-19:45[,S,F,V,P,V,70.99,70.99
25/05/2024,20:00,[19:45-20:00[,S,F,V,P,V,70.99,70.99
25/05/2024,20:15,[20:00-20:15[,S,F,F,P,C,80.54,80.54
25/05/2024,20:30,[20:15-20:30[,S,F,F,P,C,80.54,80.54
25/05/2024,20:45,[20:30-20:45[,S,F,F,P,C,80.54,80.54
25/05/2024,21:00,[20:45-21:00[,S,F,F,P,C,80.54,80.54
25/05/2024,21:15,[21:00-21:15[,S,F,F,C,C,86.85,86.85
25/05/2024,21:30,[21:15-21:30[,S,F,F,C,C,86.85,86.85
25/05/2024,21:45,[21:30-21:45[,S,F,F,C,C,86.85,86.85
25/05/2024,22:00,[21:45-22:00[,S,F,F,C,C,86.85,86.85
25/05/2024,22:15,[22:00-22:15[,S,V,V,V,V,84.68,84.68
25/05/2024,22:30,[22:15-22:30[,S,V,V,V,V,84.68,84.68
25/05/2024,22:45,[22:30-22:45[,S,V,V,V,V,84.68,84.68
25/05/2024,23:00,[22:45-23:00[,S,V,V,V,V,84.68,84.68
25/05/2024,23:15,[23:00-23:15[,S,V,V,V,V,56.64,56.64
25/05/2024,23:30,[23:15-23:30[,S,V,V,V,V,56.64,56.64
25/05/2024,23:45,[23:30-23:45[,S,V,V,V,V,56.64,56.64
25/05/2024,23:59,[23:45-00:00[,S,V,V,V,V,56.64,56.64
26/05/2024,00:15,[00:00-00:15[,S,V,V,V,V,53.71,53.71
26/05/2024,00:30,[00:15-00:30[,S,V,V,V,V,53.71,53.71
26/05/2024,00:45,[00:30-00:45[,S,V,V,V,V,53.71,53.71
26/05/2024,01:00,[00:45-01:00[,S,V,V,V,V,53.71,53.71
26/05/2024,01:15,[01:00-01:15[,S,V,V,V,V,46.65,46.65
26/05/2024,01:30,[01:15-01:30[,S,V,V,V,V,46.65,46.65
26/05/2024,01:45,[01:30-01:45[,S,V,V,V,V,46.65,46.65
26/05/2024,02:00,[01:45-02:00[,S,V,V,V,V,46.65,46.65
26/05/2024,02:15,[02:00-02:15[,S,V,V,V,V,46.65,46.65
26/05/2024,02:30,[02:15-02:30[,S,V,V,V,V,46.65,46.65
26/05/2024,02:45,[02:30-02:45[,S,V,V,V,V,46.65,46.65
26/05/2024,03:00,[02:45-03:00[,S,V,V,V,V,46.65,46.65
26/05/2024,03:15,[03:00-03:15[,S,V,V,V,V,50.00,50.00
26/05/2024,03:30,[03:15-03:30[,S,V,V,V,V,50.00,50.00
26/05/2024,03:45,[03:30-03:45[,S,V,V,V,V,50.00,50.00
26/05/2024,04:00,[03:45-04:00[,S,V,V,V,V,50.00,50.00
26/05/2024,04:15,[04:00-04:15[,S,V,V,V,V,55.92,55.92
26/05/2024,04:30,[04:15-04:30[,S,V,V,V,V,55.92,55.92
26/05/2024,04:45,[04:30-04:45[,S,V,V,V,V,55.92,55.92
26/05/2024,05:00,[04:45-05:00[,S,V,V,V,V,55.92,55.92
26/05/2024,05:15,[05:00-05:15[,S,V,V,V,V,56.16,56.16
26/05/2024,05:30,[05:15-05:30[,S,V,V,V,V,56.16,56.16
26/05/2024,05:45,[05:30-05:45[,S,V,V,V,V,56.16,56.16
26/05/2024,06:00,[05:45-06:00[,S,V,V,V,V,56.16,56.16
26/05/2024,06:15,[06:00-06:15[,S,V,V,V,V,35.80,35.80
26/05/2024,06:30,[06:15-06:30[,S,V,V,V,V,35.80,35.80
26/05/2024,06:45,[06:30-06:45[,S,V,V,V,V,35.80,35.80
26/05/2024,07:00,[06:45-07:00[,S,V,V,V,V,35.80,35.80
26/05/2024,07:15,[07:00-07:15[,S,V,V,V,V,20.33,20.33
26/05/2024,07:30,[07:15-07:30[,S,V,V,V,V,20.33,20.33
26/05/2024,07:45,[07:30-07:45[,S,V,V,V,V,20.33,20.33
26/05/2024,08:00,[07:45-08:00[,S,V,V,V,V,20.33,20.33
26/05/2024,08:15,[08:00-08:15[,S,F,V,C,V,0.02,0.02
26/05/2024,08:30,[08:15-08:30[,S,F,V,C,V,0.02,0.02
26/05/2024,08:45,[08:30-08:45[,S,F,V,C,V,0.02,0.02
26/05/2024,09:00,[08:45-09:00[,S,F,V,C,V,0.02,0.02
26/05/2024,09:15,[09:00-09:15[,S,F,V,C,V,0.00,0.00
26/05/2024,09:30,[09:15-09:30[,S,F,V,C,V,0.00,0.00
26/05/2024,09:45,[09:30-09:45[,S,F,V,C,V,0.00,0.00
26/05/2024,10:00,[09:45-10:00[,S,F,V,C,V,0.00,0.00
26/05/2024,10:15,[10:00-10:15[,S,F,V,C,V,-0.01,-0.01
26/05/2024,10:30,[10:15-10:30[,S,F,V,C,V,-0.01,-0.01
26/05/2024,10:45,[10:30-10:45[,S,F,V,P,V,-0.01,-0.01
26/05/2024,11:00,[10:45-11:00[,S,F,V,P,V,-0.01,-0.01
26/05/2024,11:15,[11:00-11:15[,S,F,V,P,V,-0.01,-0.01
26/05/2024,11:30,[11:15-11:30[,S,F,V,P,V,-0.01,-0.01
26/05/2024,11:45,[11:30-11:45[,S,F,V,P,V,-0.01,-0.01
26/05/2024,12:00,[11:45-12:00[,S,F,V,P,V,-0.01,-0.01
26/05/2024,12:15,[12:00-12:15[,S,F,V,P,V,-0.01,-0.01
26/05/2024,12:30,[12:15-12:30[,S,F,V,P,V,-0.01,-0.01
26/05/2024,12:45,[12:30-12:45[,S,F,V,P,V,-0.01,-0.01
26/05/2024,13:00,[12:45-13:00[,S,F,V,P,V,-0.01,-0.01
26/05/2024,13:15,[13:00-13:15[,S,F,V,C,V,-0.03,-0.03
26/05/2024,13:30,[13:15-13:30[,S,F,V,C,V,-0.03,-0.03
26/05/2024,13:45,[13:30-13:45[,S,F,V,C,V,-0.03,-0.03
26/05/2024,14:00,[13:45-14:00[,S,F,V,C,V,-0.03,-0.03
26/05/2024,14:15,[14:00-14:15[,S,F,V,C,V,-0.60,-0.60
26/05/2024,14:30,[14:15-14:30[,S,F,V,C,V,-0.60,-0.60
26/05/2024,14:45,[14:30-14:45[,S,F,V,C,V,-0.60,-0.60
26/05/2024,15:00,[14:45-15:00[,S,F,V,C,V,-0.60,-0.60
26/05/2024,15:15,[15:00-15:15[,S,F,V,C,V,-0.60,-0.60
26/05/2024,15:30,[15:15-15:30[,S,F,V,C,V,-0.60,-0.60
26/05/2024,15:45,[15:30-15:45[,S,F,V,C,V,-0.60,-0.60
26/05/2024,16:00,[15:45-16:00[,S,F,V,C,V,-0.60,-0.60
26/05/2024,16:15,[16:00-16:15[,S,F,V,C,V,0.00,0.00
26/05/2024,16:30,[16:15-16:30[,S,F,V,C,V,0.00,0.00
26/05/2024,16:45,[16:30-16:45[,S,F,V,C,V,0.00,0.00
26/05/2024,17:00,[16:45-17:00[,S,F,V,C,V,0.00,0.00
26/05/2024,17:15,[17:00-17:15[,S,F,V,C,V,0.44,0.44
26/05/2024,17:30,[17:15-17:30[,S,F,V,C,V,0.44,0.44
26/05/2024,17:45,[17:30-17:45[,S,F,V,C,V,0.44,0.44
26/05/2024,18:00,[17:45-18:00[,S,F,V,C,V,0.44,0.44
26/05/2024,18:15,[18:00-18:15[,S,F,V,C,V,16.72,16.72
26/05/2024,18:30,[18:15-18:30[,S,F,V,C,V,16.72,16.72
26/05/2024,18:45,[18:30-18:45[,S,F,V,C,V,16.72,16.72
26/05/2024,19:00,[18:45-19:00[,S,F,V,C,V,16.72,16.72
26/05/2024,19:15,[19:00-19:15[,S,F,V,C,V,35.23,35.23
26/05/2024,19:30,[19:15-19:30[,S,F,V,C,V,35.23,35.23
26/05/2024,19:45,[19:30-19:45[,S,F,V,P,V,35.23,35.23
26/05/2024,20:00,[19:45-20:00[,S,F,V,P,V,35.23,35.23
26/05/2024,20:15,[20:00-20:15[,S,F,V,P,V,46.00,46.00
26/05/2024,20:30,[20:15-20:30[,S,F,V,P,V,46.00,46.00
26/05/2024,20:45,[20:30-20:45[,S,F,V,P,V,46.00,46.00
26/05/2024,21:00,[20:45-21:00[,S,F,V,P,V,46.00,46.00
26/05/2024,21:15,[21:00-21:15[,S,F,V,C,V,55.52,55.52
26/05/2024,21:30,[21:15-21:30[,S,F,V,C,V,55.52,55.52
26/05/2024,21:45,[21:30-21:45[,S,F,V,C,V,55.52,55.52
26/05/2024,22:00,[21:45-22:00[,S,F,V,C,V,55.52,55.52
26/05/2024,22:15,[22:00-22:15[,S,V,V,V,V,35.60,35.60
26/05/2024,22:30,[22:15-22:30[,S,V,V,V,V,35.60,35.60
26/05/2024,22:45,[22:30-22:45[,S,V,V,V,V,35.60,35.60
26/05/2024,23:00,[22:45-23:00[,S,V,V,V,V,35.60,35.60
26/05/2024,23:15,[23:00-23:15[,S,V,V,V,V,32.30,32.30
26/05/2024,23:30,[23:15-23:30[,S,V,V,V,V,32.30,32.30
26/05/2024,23:45,[23:30-23:45[,S,V,V,V,V,32.30,32.30
26/05/2024,23:59,[23:45-00:00[,S,V,V,V,V,32.30,32.30
27/05/2024,00:15,[00:00-00:15[,S,V,V,V,V,33.00,33.00
27/05/2024,00:30,[00:15-00:30[,S,V,V,V,V,33.00,33.00
27/05/2024,00:45,[00:30-00:45[,S,V,V,V,V,33.00,33.00
27/05/2024,01:00,[00:45-01:00[,S,V,V,V,V,33.00,33.00
27/05/2024,01:15,[01:00-01:15[,S,V,V,V,V,31.00,31.00
27/05/2024,01:30,[01:15-01:30[,S,V,V,V,V,31.00,31.00
27/05/2024,01:45,[01:30-01:45[,S,V,V,V,V,31.00,31.00
27/05/2024,02:00,[01:45-02:00[,S,V,V,V,V,31.00,31.00
27/05/2024,02:15,[02:00-02:15[,S,V,V,V,V,30.90,30.90
27/05/2024,02:30,[02:15-02:30[,S,V,V,V,V,30.90,30.90
27/05/2024,02:45,[02:30-02:45[,S,V,V,V,V,30.90,30.90
27/05/2024,03:00,[02:45-03:00[,S,V,V,V,V,30.90,30.90
27/05/2024,03:15,[03:00-03:15[,S,V,V,V,V,28.00,28.00
27/05/2024,03:30,[03:15-03:30[,S,V,V,V,V,28.00,28.00
27/05/2024,03:45,[03:30-03:45[,S,V,V,V,V,28.00,28.00
27/05/2024,04:00,[03:45-04:00[,S,V,V,V,V,28.00,28.00
27/05/2024,04:15,[04:00-04:15[,S,V,V,V,V,30.80,30.80
27/05/2024,04:30,[04:15-04:30[,S,V,V,V,V,30.80,30.80
27/05/2024,04:45,[04:30-04:45[,S,V,V,V,V,30.80,30.80
27/05/2024,05:00,[04:45-05:00[,S,V,V,V,V,30.80,30.80
27/05/2024,05:15,[05:00-05:15[,S,V,V,V,V,35.01,35.01
27/05/2024,05:30,[05:15-05:30[,S,V,V,V,V,35.01,35.01
27/05/2024,05:45,[05:30-05:45[,S,V,V,V,V,35.01,35.01
27/05/2024,06:00,[05:45-06:00[,S,V,V,V,V,35.01,35.01
27/05/2024,06:15,[06:00-06:15[,S,V,V,V,V,43.01,43.01
27/05/2024,06:30,[06:15-06:30[,S,V,V,V,V,43.01,43.01
27/05/2024,06:45,[06:30-06:45[,S,V,V,V,V,43.01,43.01
27/05/2024,07:00,[06:45-07:00[,S,V,V,V,V,43.01,43.01
27/05/2024,07:15,[07:00-07:15[,S,V,F,V,C,35.00,35.00
27/05/2024,07:30,[07:15-07:30[,S,V,F,V,C,35.00,35.00
27/05/2024,07:45,[07:30-07:45[,S,V,F,V,C,35.00,35.00
27/05/2024,08:00,[07:45-08:00[,S,V,F,V,C,35.00,35.00
27/05/2024,08:15,[08:00-08:15[,S,F,F,C,C,33.50,33.50
27/05/2024,08:30,[08:15-08:30[,S,F,F,C,C,33.50,33.50
27/05/2024,08:45,[08:30-08:45[,S,F,F,C,C,33.50,33.50
27/05/2024,09:00,[08:45-09:00[,S,F,F,C,C,33.50,33.50
27/05/2024,09:15,[09:00-09:15[,S,F,F,C,C,31.53,31.53
27/05/2024,09:30,[09:15-09:30[,S,F,F,C,P,31.53,31.53
27/05/2024,09:45,[09:30-09:45[,S,F,F,C,P,31.53,31.53
27/05/2024,10:00,[09:45-10:00[,S,F,F,C,P,31.53,31.53
27/05/2024,10:15,[10:00-10:15[,S,F,F,C,P,26.12,26.12
27/05/2024,10:30,[10:15-10:30[,S,F,F,C,P,26.12,26.12
27/05/2024,10:45,[10:30-10:45[,S,F,F,P,P,26.12,26.12
27/05/2024,11:00,[10:45-11:00[,S,F,F,P,P,26.12,26.12
27/05/2024,11:15,[11:00-11:15[,S,F,F,P,P,30.60,30.60
27/05/2024,11:30,[11:15-11:30[,S,F,F,P,P,30.60,30.60
27/05/2024,11:45,[11:30-11:45[,S,F,F,P,P,30.60,30.60
27/05/2024,12:00,[11:45-12:00[,S,F,F,P,P,30.60,30.60
27/05/2024,12:15,[12:00-12:15[,S,F,F,P,P,25.00,25.00
27/05/2024,12:30,[12:15-12:30[,S,F,F,P,C,25.00,25.00
27/05/2024,12:45,[12:30-12:45[,S,F,F,P,C,25.00,25.00
27/05/2024,13:00,[12:45-13:00[,S,F,F,P,C,25.00,25.00
27/05/2024,13:15,[13:00-13:15[,S,F,F,C,C,22.23,22.23
27/05/2024,13:30,[13:15-13:30[,S,F,F,C,C,22.23,22.23
27/05/2024,13:45,[13:30-13:45[,S,F,F,C,C,22.23,22.23
27/05/2024,14:00,[13:45-14:00[,S,F,F,C,C,22.23,22.23
27/05/2024,14:15,[14:00-14:15[,S,F,F,C,C,14.33,14.33
27/05/2024,14:30,[14:15-14:30[,S,F,F,C,C,14.33,14.33
27/05/2024,14:45,[14:30-14:45[,S,F,F,C,C,14.33,14.33
27/05/2024,15:00,[14:45-15:00[,S,F,F,C,C,14.33,14.33
27/05/2024,15:15,[15:00-15:15[,S,F,F,C,C,6.00,6.00
27/05/2024,15:30,[15:15-15:30[,S,F,F,C,C,6.00,6.00
27/05/2024,15:45,[15:30-15:45[,S,F,F,C,C,6.00,6.00
27/05/2024,16:00,[15:45-16:00[,S,F,F,C,C,6.00,6.00
27/05/2024,16:15,[16:00-16:15[,S,F,F,C,C,17.72,17.72
27/05/2024,16:30,[16:15-16:30[,S,F,F,C,C,17.72,17.72
27/05/2024,16:45,[16:30-16:45[,S,F,F,C,C,17.72,17.72
27/05/2024,17:00,[16:45-17:00[,S,F,F,C,C,17.72,17.72
27/05/2024,17:15,[17:00-17:15[,S,F,F,C,C,25.57,25.57
27/05/2024,17:30,[17:15-17:30[,S,F,F,C,C,25.57,25.57
27/05/2024,17:45,[17:30-17:45[,S,F,F,C,C,25.57,25.57
27/05/2024,18:00,[17:45-18:00[,S,F,F,C,C,25.57,25.57
27/05/2024,18:15,[18:00-18:15[,S,F,F,C,C,31.66,31.66
27/05/2024,18:30,[18:15-18:30[,S,F,F,C,C,31.66,31.66
27/05/2024,18:45,[18:30-18:45[,S,F,F,C,C,31.66,31.66
27/05/2024,19:00,[18:45-19:00[,S,F,F,C,C,31.66,31.66
27/05/2024,19:15,[19:00-19:15[,S,F,F,C,C,35.01,35.01
27/05/2024,19:30,[19:15-19:30[,S,F,F,C,C,35.01,35.01
27/05/2024,19:45,[19:30-19:45[,S,F,F,P,C,35.01,35.01
27/05/2024,20:00,[19:45-20:00[,S,F,F,P,C,35.01,35.01
27/05/2024,20:15,[20:00-20:15[,S,F,F,P,C,54.00,54.00
27/05/2024,20:30,[20:15-20:30[,S,F,F,P,C,54.00,54.00
27/05/2024,20:45,[20:30-20:45[,S,F,F,P,C,54.00,54.00
27/05/2024,21:00,[20:45-21:00[,S,F,F,P,C,54.00,54.00
27/05/2024,21:15,[21:00-21:15[,S,F,F,C,C,52.82,52.82
27/05/2024,21:30,[21:15-21:30[,S,F,F,C,C,52.82,52.82
27/05/2024,21:45,[21:30-21:45[,S,F,F,C,C,52.82,52.82
27/05/2024,22:00,[21:45-22:00[,S,F,F,C,C,52.82,52.82
27/05/2024,22:15,[22:00-22:15[,S,V,F,V,C,35.05,35.05
27/05/2024,22:30,[22:15-22:30[,S,V,F,V,C,35.05,35.05
27/05/2024,22:45,[22:30-22:45[,S,V,F,V,C,35.05,35.05
27/05/2024,23:00,[22:45-23:00[,S,V,F,V,C,35.05,35.05
27/05/2024,23:15,[23:00-23:15[,S,V,F,V,C,35.00,35.00
27/05/2024,23:30,[23:15-23:30[,S,V,F,V,C,35.00,35.00
27/05/2024,23:45,[23:30-23:45[,S,V,F,V,C,35.00,35.00
27/05/2024,23:59,[23:45-00:00[,S,V,F,V,C,35.00,35.00
28/05/2024,00:15,[00:00-00:15[,S,V,V,V,V,35.00,35.00
28/05/2024,00:30,[00:15-00:30[,S,V,V,V,V,35.00,35.00
28/05/2024,00:45,[00:30-00:45[,S,V,V,V,V,35.00,35.00
28/05/2024,01:00,[00:45-01:00[,S,V,V,V,V,35.00,35.00
28/05/2024,01:15,[01:00-01:15[,S,V,V,V,V,35.01,35.01
28/05/2024,01:30,[01:15-01:30[,S,V,V,V,V,35.01,35.01
28/05/2024,01:45,[01:30-01:45[,S,V,V,V,V,35.01,35.01
28/05/2024,02:00,[01:45-02:00[,S,V,V,V,V,35.01,35.01
28/05/2024,02:15,[02:00-02:15[,S,V,V,V,V,35.01,35.01
28/05/2024,02:30,[02:15-02:30[,S,V,V,V,V,35.01,35.01
28/05/2024,02:45,[02:30-02:45[,S,V,V,V,V,35.01,35.01
28/05/2024,03:00,[02:45-03:00[,S,V,V,V,V,35.01,35.01
28/05/2024,03:15,[03:00-03:15[,S,V,V,V,V,35.01,35.01
28/05/2024,03:30,[03:15-03:30[,S,V,V,V,V,35.01,35.01
28/05/2024,03:45,[03:30-03:45[,S,V,V,V,V,35.01,35.01
28/05/2024,04:00,[03:45-04:00[,S,V,V,V,V,35.01,35.01
28/05/2024,04:15,[04:00-04:15[,S,V,V,V,V,35.01,35.01
28/05/2024,04:30,[04:15-04:30[,S,V,V,V,V,35.01,35.01
28/05/2024,04:45,[04:30-04:45[,S,V,V,V,V,35.01,35.01
28/05/2024,05:00,[04:45-05:00[,S,V,V,V,V,35.01,35.01
28/05/2024,05:15,[05:00-05:15[,S,V,V,V,V,41.22,41.22
28/05/2024,05:30,[05:15-05:30[,S,V,V,V,V,41.22,41.22
28/05/2024,05:45,[05:30-05:45[,S,V,V,V,V,41.22,41.22
28/05/2024,06:00,[05:45-06:00[,S,V,V,V,V,41.22,41.22
28/05/2024,06:15,[06:00-06:15[,S,V,V,V,V,51.79,51.79
28/05/2024,06:30,[06:15-06:30[,S,V,V,V,V,51.79,51.79
28/05/2024,06:45,[06:30-06:45[,S,V,V,V,V,51.79,51.79
28/05/2024,07:00,[06:45-07:00[,S,V,V,V,V,51.79,51.79
28/05/2024,07:15,[07:00-07:15[,S,V,F,V,C,40.74,40.74
28/05/2024,07:30,[07:15-07:30[,S,V,F,V,C,40.74,40.74
28/05/2024,07:45,[07:30-07:45[,S,V,F,V,C,40.74,40.74
28/05/2024,08:00,[07:45-08:00[,S,V,F,V,C,40.74,40.74
28/05/2024,08:15,[08:00-08:15[,S,F,F,C,C,35.00,35.00
28/05/2024,08:30,[08:15-08:30[,S,F,F,C,C,35.00,35.00
28/05/2024,08:45,[08:30-08:45[,S,F,F,C,C,35.00,35.00
28/05/2024,09:00,[08:45-09:00[,S,F,F,C,C,35.00,35.00
28/05/2024,09:15,[09:00-09:15[,S,F,F,C,C,28.20,28.20
28/05/2024,09:30,[09:15-09:30[,S,F,F,C,P,28.20,28.20
28/05/2024,09:45,[09:30-09:45[,S,F,F,C,P,28.20,28.20
28/05/2024,10:00,[09:45-10:00[,S,F,F,C,P,28.20,28.20
28/05/2024,10:15,[10:00-10:15[,S,F,F,C,P,29.20,0.07
28/05/2024,10:30,[10:15-10:30[,S,F,F,C,P,29.20,0.07
28/05/2024,10:45,[10:30-10:45[,S,F,F,P,P,29.20,0.07
28/05/2024,11:00,[10:45-11:00[,S,F,F,P,P,29.20,0.07
28/05/2024,11:15,[11:00-11:15[,S,F,F,P,P,17.10,0.08
28/05/2024,11:30,[11:15-11:30[,S,F,F,P,P,17.10,0.08
28/05/2024,11:45,[11:30-11:45[,S,F,F,P,P,17.10,0.08
28/05/2024,12:00,[11:45-12:00[,S,F,F,P,P,17.10,0.08
28/05/2024,12:15,[12:00-12:15[,S,F,F,P,P,16.51,0.00
28/05/2024,12:30,[12:15-12:30[,S,F,F,P,C,16.51,0.00
28/05/2024,12:45,[12:30-12:45[,S,F,F,P,C,16.51,0.00
28/05/2024,13:00,[12:45-13:00[,S,F,F,P,C,16.51,0.00
28/05/2024,13:15,[13:00-13:15[,S,F,F,C,C,8.44,0.00
28/05/2024,13:30,[13:15-13:30[,S,F,F,C,C,8.44,0.00
28/05/2024,13:45,[13:30-13:45[,S,F,F,C,C,8.44,0.00
28/05/2024,14:00,[13:45-14:00[,S,F,F,C,C,8.44,0.00
28/05/2024,14:15,[14:00-14:15[,S,F,F,C,C,0.00,0.00
28/05/2024,14:30,[14:15-14:30[,S,F,F,C,C,0.00,0.00
28/05/2024,14:45,[14:30-14:45[,S,F,F,C,C,0.00,0.00
28/05/2024,15:00,[14:45-15:00[,S,F,F,C,C,0.00,0.00
28/05/2024,15:15,[15:00-15:15[,S,F,F,C,C,0.01,0.01
28/05/2024,15:30,[15:15-15:30[,S,F,F,C,C,0.01,0.01
28/05/2024,15:45,[15:30-15:45[,S,F,F,C,C,0.01,0.01
28/05/2024,16:00,[15:45-16:00[,S,F,F,C,C,0.01,0.01
28/05/2024,16:15,[16:00-16:15[,S,F,F,C,C,5.00,5.00
28/05/2024,16:30,[16:15-16:30[,S,F,F,C,C,5.00,5.00
28/05/2024,16:45,[16:30-16:45[,S,F,F,C,C,5.00,5.00
28/05/2024,17:00,[16:45-17:00[,S,F,F,C,C,5.00,5.00
28/05/2024,17:15,[17:00-17:15[,S,F,F,C,C,8.00,8.00
28/05/2024,17:30,[17:15-17:30[,S,F,F,C,C,8.00,8.00
28/05/2024,17:45,[17:30-17:45[,S,F,F,C,C,8.00,8.00
28/05/2024,18:00,[17:45-18:00[,S,F,F,C,C,8.00,8.00
28/05/2024,18:15,[18:00-18:15[,S,F,F,C,C,29.60,29.60
28/05/2024,18:30,[18:15-18:30[,S,F,F,C,C,29.60,29.60
28/05/2024,18:45,[18:30-18:45[,S,F,F,C,C,29.60,29.60
28/05/2024,19:00,[18:45-19:00[,S,F,F,C,C,29.60,29.60
28/05/2024,19:15,[19:00-19:15[,S,F,F,C,C,41.10,41.10
28/05/2024,19:30,[19:15-19:30[,S,F,F,C,C,41.10,41.10
28/05/2024,19:45,[19:30-19:45[,S,F,F,P,C,41.10,41.10
28/05/2024,20:00,[19:45-20:00[,S,F,F,P,C,41.10,41.10
28/05/2024,20:15,[20:00-20:15[,S,F,F,P,C,70.96,70.96
28/05/2024,20:30,[20:15-20:30[,S,F,F,P,C,70.96,70.96
28/05/2024,20:45,[20:30-20:45[,S,F,F,P,C,70.96,70.96
28/05/2024,21:00,[20:45-21:00[,S,F,F,P,C,70.96,70.96
28/05/2024,21:15,[21:00-21:15[,S,F,F,C,C,55.94,55.94
28/05/2024,21:30,[21:15-21:30[,S,F,F,C,C,55.94,55.94
28/05/2024,21:45,[21:30-21:45[,S,F,F,C,C,55.94,55.94
28/05/2024,22:00,[21:45-22:00[,S,F,F,C,C,55.94,55.94
28/05/2024,22:15,[22:00-22:15[,S,V,F,V,C,41.46,41.46
28/05/2024,22:30,[22:15-22:30[,S,V,F,V,C,41.46,41.46
28/05/2024,22:45,[22:30-22:45[,S,V,F,V,C,41.46,41.46
28/05/2024,23:00,[22:45-23:00[,S,V,F,V,C,41.46,41.46
28/05/2024,23:15,[23:00-23:15[,S,V,F,V,C,54.77,54.77
28/05/2024,23:30,[23:15-23:30[,S,V,F,V,C,54.77,54.77
28/05/2024,23:45,[23:30-23:45[,S,V,F,V,C,54.77,54.77
28/05/2024,23:59,[23:45-00:00[,S,V,F,V,C,54.77,54.77
29/05/2024,00:15,[00:00-00:15[,S,V,V,V,V,40.94,40.94
29/05/2024,00:30,[00:15-00:30[,S,V,V,V,V,40.94,40.94
29/05/2024,00:45,[00:30-00:45[,S,V,V,V,V,40.94,40.94
29/05/2024,01:00,[00:45-01:00[,S,V,V,V,V,40.94,40.94
29/05/2024,01:15,[01:00-01:15[,S,V,V,V,V,40.58,40.58
29/05/2024,01:30,[01:15-01:30[,S,V,V,V,V,40.58,40.58
29/05/2024,01:45,[01:30-01:45[,S,V,V,V,V,40.58,40.58
29/05/2024,02:00,[01:45-02:00[,S,V,V,V,V,40.58,40.58
29/05/2024,02:15,[02:00-02:15[,S,V,V,V,V,40.34,40.34
29/05/2024,02:30,[02:15-02:30[,S,V,V,V,V,40.34,40.34
29/05/2024,02:45,[02:30-02:45[,S,V,V,V,V,40.34,40.34
29/05/2024,03:00,[02:45-03:00[,S,V,V,V,V,40.34,40.34
29/05/2024,03:15,[03:00-03:15[,S,V,V,V,V,40.70,40.70
29/05/2024,03:30,[03:15-03:30[,S,V,V,V,V,40.70,40.70
29/05/2024,03:45,[03:30-03:45[,S,V,V,V,V,40.70,40.70
29/05/2024,04:00,[03:45-04:00[,S,V,V,V,V,40.70,40.70
29/05/2024,04:15,[04:00-04:15[,S,V,V,V,V,40.94,40.94
29/05/2024,04:30,[04:15-04:30[,S,V,V,V,V,40.94,40.94
29/05/2024,04:45,[04:30-04:45[,S,V,V,V,V,40.94,40.94
29/05/2024,05:00,[04:45-05:00[,S,V,V,V,V,40.94,40.94
29/05/2024,05:15,[05:00-05:15[,S,V,V,V,V,59.36,59.36
29/05/2024,05:30,[05:15-05:30[,S,V,V,V,V,59.36,59.36
29/05/2024,05:45,[05:30-05:45[,S,V,V,V,V,59.36,59.36
29/05/2024,06:00,[05:45-06:00[,S,V,V,V,V,59.36,59.36
29/05/2024,06:15,[06:00-06:15[,S,V,V,V,V,65.00,65.00
29/05/2024,06:30,[06:15-06:30[,S,V,V,V,V,65.00,65.00
29/05/2024,06:45,[06:30-06:45[,S,V,V,V,V,65.00,65.00
29/05/2024,07:00,[06:45-07:00[,S,V,V,V,V,65.00,65.00
29/05/2024,07:15,[07:00-07:15[,S,V,F,V,C,52.19,52.19
29/05/2024,07:30,[07:15-07:30[,S,V,F,V,C,52.19,52.19
29/05/2024,07:45,[07:30-07:45[,S,V,F,V,C,52.19,52.19
29/05/2024,08:00,[07:45-08:00[,S,V,F,V,C,52.19,52.19
29/05/2024,08:15,[08:00-08:15[,S,F,F,C,C,38.50,38.50
29/05/2024,08:30,[08:15-08:30[,S,F,F,C,C,38.50,38.50
29/05/2024,08:45,[08:30-08:45[,S,F,F,C,C,38.50,38.50
29/05/2024,09:00,[08:45-09:00[,S,F,F,C,C,38.50,38.50
29/05/2024,09:15,[09:00-09:15[,S,F,F,C,C,29.00,29.00
29/05/2024,09:30,[09:15-09:30[,S,F,F,C,P,29.00,29.00
29/05/2024,09:45,[09:30-09:45[,S,F,F,C,P,29.00,29.00
29/05/2024,10:00,[09:45-10:00[,S,F,F,C,P,29.00,29.00
29/05/2024,10:15,[10:00-10:15[,S,F,F,C,P,20.50,20.50
29/05/2024,10:30,[10:15-10:30[,S,F,F,C,P,20.50,20.50
29/05/2024,10:45,[10:30-10:45[,S,F,F,P,P,20.50,20.50
29/05/2024,11:00,[10:45-11:00[,S,F,F,P,P,20.50,20.50
29/05/2024,11:15,[11:00-11:15[,S,F,F,P,P,24.08,24.08
29/05/2024,11:30,[11:15-11:30[,S,F,F,P,P,24.08,24.08
29/05/2024,11:45,[11:30-11:45[,S,F,F,P,P,24.08,24.08
29/05/2024,12:00,[11:45-12:00[,S,F,F,P,P,24.08,24.08
29/05/2024,12:15,[12:00-12:15[,S,F,F,P,P,18.40,18.40
29/05/2024,12:30,[12:15-12:30[,S,F,F,P,C,18.40,18.40
29/05/2024,12:45,[12:30-12:45[,S,F,F,P,C,18.40,18.40
29/05/2024,13:00,[12:45-13:00[,S,F,F,P,C,18.40,18.40
29/05/2024,13:15,[13:00-13:15[,S,F,F,C,C,17.47,17.47
29/05/2024,13:30,[13:15-13:30[,S,F,F,C,C,17.47,17.47
29/05/2024,13:45,[13:30-13:45[,S,F,F,C,C,17.47,17.47
29/05/2024,14:00,[13:45-14:00[,S,F,F,C,C,17.47,17.47
29/05/2024,14:15,[14:00-14:15[,S,F,F,C,C,11.98,11.98
29/05/2024,14:30,[14:15-14:30[,S,F,F,C,C,11.98,11.98
29/05/2024,14:45,[14:30-14:45[,S,F,F,C,C,11.98,11.98
29/05/2024,15:00,[14:45-15:00[,S,F,F,C,C,11.98,11.98
29/05/2024,15:15,[15:00-15:15[,S,F,F,C,C,11.00,11.00
29/05/2024,15:30,[15:15-15:30[,S,F,F,C,C,11.00,11.00
29/05/2024,15:45,[15:30-15:45[,S,F,F,C,C,11.00,11.00
29/05/2024,16:00,[15:45-16:00[,S,F,F,C,C,11.00,11.00
29/05/2024,16:15,[16:00-16:15[,S,F,F,C,C,19.76,19.76
29/05/2024,16:30,[16:15-16:30[,S,F,F,C,C,19.76,19.76
29/05/2024,16:45,[16:30-16:45[,S,F,F,C,C,19.76,19.76
29/05/2024,17:00,[16:45-17:00[,S,F,F,C,C,19.76,19.76
29/05/2024,17:15,[17:00-17:15[,S,F,F,C,C,29.38,29.38
29/05/2024,17:30,[17:15-17:30[,S,F,F,C,C,29.38,29.38
29/05/2024,17:45,[17:30-17:45[,S,F,F,C,C,29.38,29.38
29/05/2024,18:00,[17:45-18:00[,S,F,F,C,C,29.38,29.38
29/05/2024,18:15,[18:00-18:15[,S,F,F,C,C,35.01,35.01
29/05/2024,18:30,[18:15-18:30[,S,F,F,C,C,35.01,35.01
29/05/2024,18:45,[18:30-18:45[,S,F,F,C,C,35.01,35.01
29/05/2024,19:00,[18:45-19:00[,S,F,F,C,C,35.01,35.01
29/05/2024,19:15,[19:00-19:15[,S,F,F,C,C,40.94,40.94
29/05/2024,19:30,[19:15-19:30[,S,F,F,C,C,40.94,40.94
29/05/2024,19:45,[19:30-19:45[,S,F,F,P,C,40.94,40.94
29/05/2024,20:00,[19:45-20:00[,S,F,F,P,C,40.94,40.94
29/05/2024,20:15,[20:00-20:15[,S,F,F,P,C,67.94,67.94
29/05/2024,20:30,[20:15-20:30[,S,F,F,P,C,67.94,67.94
29/05/2024,20:45,[20:30-20:45[,S,F,F,P,C,67.94,67.94
29/05/2024,21:00,[20:45-21:00[,S,F,F,P,C,67.94,67.94
29/05/2024,21:15,[21:00-21:15[,S,F,F,C,C,69.87,69.87
29/05/2024,21:30,[21:15-21:30[,S,F,F,C,C,69.87,69.87
29/05/2024,21:45,[21:30-21:45[,S,F,F,C,C,69.87,69.87
29/05/2024,22:00,[21:45-22:00[,S,F,F,C,C,69.87,69.87
29/05/2024,22:15,[22:00-22:15[,S,V,F,V,C,63.95,63.95
29/05/2024,22:30,[22:15-22:30[,S,V,F,V,C,63.95,63.95
29/05/2024,22:45,[22:30-22:45[,S,V,F,V,C,63.95,63.95
29/05/2024,23:00,[22:45-23:00[,S,V,F,V,C,63.95,63.95
29/05/2024,23:15,[23:00-23:15[,S,V,F,V,C,50.94,50.94
29/05/2024,23:30,[23:15-23:30[,S,V,F,V,C,50.94,50.94
29/05/2024,23:45,[23:30-23:45[,S,V,F,V,C,50.94,50.94
29/05/2024,23:59,[23:45-00:00[,S,V,F,V,C,50.94,50.94
30/05/2024,00:15,[00:00-00:15[,S,V,V,V,V,45.32,45.32
30/05/2024,00:30,[00:15-00:30[,S,V,V,V,V,45.32,45.32
30/05/2024,00:45,[00:30-00:45[,S,V,V,V,V,45.32,45.32
30/05/2024,01:00,[00:45-01:00[,S,V,V,V,V,45.32,45.32
30/05/2024,01:15,[01:00-01:15[,S,V,V,V,V,43.12,43.12
30/05/2024,01:30,[01:15-01:30[,S,V,V,V,V,43.12,43.12
30/05/2024,01:45,[01:30-01:45[,S,V,V,V,V,43.12,43.12
30/05/2024,02:00,[01:45-02:00[,S,V,V,V,V,43.12,43.12
30/05/2024,02:15,[02:00-02:15[,S,V,V,V,V,40.53,40.53
30/05/2024,02:30,[02:15-02:30[,S,V,V,V,V,40.53,40.53
30/05/2024,02:45,[02:30-02:45[,S,V,V,V,V,40.53,40.53
30/05/2024,03:00,[02:45-03:00[,S,V,V,V,V,40.53,40.53
30/05/2024,03:15,[03:00-03:15[,S,V,V,V,V,38.64,38.64
30/05/2024,03:30,[03:15-03:30[,S,V,V,V,V,38.64,38.64
30/05/2024,03:45,[03:30-03:45[,S,V,V,V,V,38.64,38.64
30/05/2024,04:00,[03:45-04:00[,S,V,V,V,V,38.64,38.64
30/05/2024,04:15,[04:00-04:15[,S,V,V,V,V,42.79,42.79
30/05/2024,04:30,[04:15-04:30[,S,V,V,V,V,42.79,42.79
30/05/2024,04:45,[04:30-04:45[,S,V,V,V,V,42.79,42.79
30/05/2024,05:00,[04:45-05:00[,S,V,V,V,V,42.79,42.79
30/05/2024,05:15,[05:00-05:15[,S,V,V,V,V,45.44,45.44
30/05/2024,05:30,[05:15-05:30[,S,V,V,V,V,45.44,45.44
30/05/2024,05:45,[05:30-05:45[,S,V,V,V,V,45.44,45.44
30/05/2024,06:00,[05:45-06:00[,S,V,V,V,V,45.44,45.44
30/05/2024,06:15,[06:00-06:15[,S,V,V,V,V,45.44,45.44
30/05/2024,06:30,[06:15-06:30[,S,V,V,V,V,45.44,45.44
30/05/2024,06:45,[06:30-06:45[,S,V,V,V,V,45.44,45.44
30/05/2024,07:00,[06:45-07:00[,S,V,V,V,V,45.44,45.44
30/05/2024,07:15,[07:00-07:15[,S,V,F,V,C,38.64,38.64
30/05/2024,07:30,[07:15-07:30[,S,V,F,V,C,38.64,38.64
30/05/2024,07:45,[07:30-07:45[,S,V,F,V,C,38.64,38.64
30/05/2024,08:00,[07:45-08:00[,S,V,F,V,C,38.64,38.64
30/05/2024,08:15,[08:00-08:15[,S,F,F,C,C,27.42,27.42
30/05/2024,08:30,[08:15-08:30[,S,F,F,C,C,27.42,27.42
30/05/2024,08:45,[08:30-08:45[,S,F,F,C,C,27.42,27.42
30/05/2024,09:00,[08:45-09:00[,S,F,F,C,C,27.42,27.42
30/05/2024,09:15,[09:00-09:15[,S,F,F,C,C,10.27,10.27
30/05/2024,09:30,[09:15-09:30[,S,F,F,C,P,10.27,10.27
30/05/2024,09:45,[09:30-09:45[,S,F,F,C,P,10.27,10.27
30/05/2024,10:00,[09:45-10:00[,S,F,F,C,P,10.27,10.27
30/05/2024,10:15,[10:00-10:15[,S,F,F,C,P,3.82,3.82
30/05/2024,10:30,[10:15-10:30[,S,F,F,C,P,3.82,3.82
30/05/2024,10:45,[10:30-10:45[,S,F,F,P,P,3.82,3.82
30/05/2024,11:00,[10:45-11:00[,S,F,F,P,P,3.82,3.82
30/05/2024,11:15,[11:00-11:15[,S,F,F,P,P,3.25,3.25
30/05/2024,11:30,[11:15-11:30[,S,F,F,P,P,3.25,3.25
30/05/2024,11:45,[11:30-11:45[,S,F,F,P,P,3.25,3.25
30/05/2024,12:00,[11:45-12:00[,S,F,F,P,P,3.25,3.25
30/05/2024,12:15,[12:00-12:15[,S,F,F,P,P,0.44,0.44
30/05/2024,12:30,[12:15-12:30[,S,F,F,P,C,0.44,0.44
30/05/2024,12:45,[12:30-12:45[,S,F,F,P,C,0.44,0.44
30/05/2024,13:00,[12:45-13:00[,S,F,F,P,C,0.44,0.44
30/05/2024,13:15,[13:00-13:15[,S,F,F,C,C,0.00,0.00
30/05/2024,13:30,[13:15-13:30[,S,F,F,C,C,0.00,0.00
30/05/2024,13:45,[13:30-13:45[,S,F,F,C,C,0.00,0.00
30/05/2024,14:00,[13:45-14:00[,S,F,F,C,C,0.00,0.00
30/05/2024,14:15,[14:00-14:15[,S,F,F,C,C,0.00,0.00
30/05/2024,14:30,[14:15-14:30[,S,F,F,C,C,0.00,0.00
30/05/2024,14:45,[14:30-14:45[,S,F,F,C,C,0.00,0.00
30/05/2024,15:00,[14:45-15:00[,S,F,F,C,C,0.00,0.00
30/05/2024,15:15,[15:00-15:15[,S,F,F,C,C,0.00,0.00
30/05/2024,15:30,[15:15-15:30[,S,F,F,C,C,0.00,0.00
30/05/2024,15:45,[15:30-15:45[,S,F,F,C,C,0.00,0.00
30/05/2024,16:00,[15:45-16:00[,S,F,F,C,C,0.00,0.00
30/05/2024,16:15,[16:00-16:15[,S,F,F,C,C,0.00,0.00
30/05/2024,16:30,[16:15-16:30[,S,F,F,C,C,0.00,0.00
30/05/2024,16:45,[16:30-16:45[,S,F,F,C,C,0.00,0.00
30/05/2024,17:00,[16:45-17:00[,S,F,F,C,C,0.00,0.00
30/05/2024,17:15,[17:00-17:15[,S,F,F,C,C,1.00,1.00
30/05/2024,17:30,[17:15-17:30[,S,F,F,C,C,1.00,1.00
30/05/2024,17:45,[17:30-17:45[,S,F,F,C,C,1.00,1.00
30/05/2024,18:00,[17:45-18:00[,S,F,F,C,C,1.00,1.00
30/05/2024,18:15,[18:00-18:15[,S,F,F,C,C,7.00,7.00
30/05/2024,18:30,[18:15-18:30[,S,F,F,C,C,7.00,7.00
30/05/2024,18:45,[18:30-18:45[,S,F,F,C,C,7.00,7.00
30/05/2024,19:00,[18:45-19:00[,S,F,F,C,C,7.00,7.00
30/05/2024,19:15,[19:00-19:15[,S,F,F,C,C,37.50,37.50
30/05/2024,19:30,[19:15-19:30[,S,F,F,C,C,37.50,37.50
30/05/2024,19:45,[19:30-19:45[,S,F,F,P,C,37.50,37.50
30/05/2024,20:00,[19:45-20:00[,S,F,F,P,C,37.50,37.50
30/05/2024,20:15,[20:00-20:15[,S,F,F,P,C,35.01,35.01
30/05/2024,20:30,[20:15-20:30[,S,F,F,P,C,35.01,35.01
30/05/2024,20:45,[20:30-20:45[,S,F,F,P,C,35.01,35.01
30/05/2024,21:00,[20:45-21:00[,S,F,F,P,C,35.01,35.01
30/05/2024,21:15,[21:00-21:15[,S,F,F,C,C,37.92,37.92
30/05/2024,21:30,[21:15-21:30[,S,F,F,C,C,37.92,37.92
30/05/2024,21:45,[21:30-21:45[,S,F,F,C,C,37.92,37.92
30/05/2024,22:00,[21:45-22:00[,S,F,F,C,C,37.92,37.92
30/05/2024,22:15,[22:00-22:15[,S,V,F,V,C,30.33,30.33
30/05/2024,22:30,[22:15-22:30[,S,V,F,V,C,30.33,30.33
30/05/2024,22:45,[22:30-22:45[,S,V,F,V,C,30.33,30.33
30/05/2024,23:00,[22:45-23:00[,S,V,F,V,C,30.33,30.33
30/05/2024,23:15,[23:00-23:15[,S,V,F,V,C,10.00,10.00
30/05/2024,23:30,[23:15-23:30[,S,V,F,V,C,10.00,10.00
30/05/2024,23:45,[23:30-23:45[,S,V,F,V,C,10.00,10.00
30/05/2024,23:59,[23:45-00:00[,S,V,F,V,C,10.00,10.00
31/05/2024,00:15,[00:00-00:15[,S,V,V,V,V,5.50,5.50
31/05/2024,00:30,[00:15-00:30[,S,V,V,V,V,5.50,5.50
31/05/2024,00:45,[00:30-00:45[,S,V,V,V,V,5.50,5.50
31/05/2024,01:00,[00:45-01:00[,S,V,V,V,V,5.50,5.50
31/05/2024,01:15,[01:00-01:15[,S,V,V,V,V,4.77,4.77
31/05/2024,01:30,[01:15-01:30[,S,V,V,V,V,4.77,4.77
31/05/2024,01:45,[01:30-01:45[,S,V,V,V,V,4.77,4.77
31/05/2024,02:00,[01:45-02:00[,S,V,V,V,V,4.77,4.77
31/05/2024,02:15,[02:00-02:15[,S,V,V,V,V,3.25,3.25
31/05/2024,02:30,[02:15-02:30[,S,V,V,V,V,3.25,3.25
31/05/2024,02:45,[02:30-02:45[,S,V,V,V,V,3.25,3.25
31/05/2024,03:00,[02:45-03:00[,S,V,V,V,V,3.25,3.25
31/05/2024,03:15,[03:00-03:15[,S,V,V,V,V,3.25,3.25
31/05/2024,03:30,[03:15-03:30[,S,V,V,V,V,3.25,3.25
31/05/2024,03:45,[03:30-03:45[,S,V,V,V,V,3.25,3.25
31/05/2024,04:00,[03:45-04:00[,S,V,V,V,V,3.25,3.25
31/05/2024,04:15,[04:00-04:15[,S,V,V,V,V,4.37,4.37
31/05/2024,04:30,[04:15-04:30[,S,V,V,V,V,4.37,4.37
31/05/2024,04:45,[04:30-04:45[,S,V,V,V,V,4.37,4.37
31/05/2024,05:00,[04:45-05:00[,S,V,V,V,V,4.37,4.37
31/05/2024,05:15,[05:00-05:15[,S,V,V,V,V,6.67,6.67
31/05/2024,05:30,[05:15-05:30[,S,V,V,V,V,6.67,6.67
31/05/2024,05:45,[05:30-05:45[,S,V,V,V,V,6.67,6.67
31/05/2024,06:00,[05:45-06:00[,S,V,V,V,V,6.67,6.67
31/05/2024,06:15,[06:00-06:15[,S,V,V,V,V,5.00,5.00
31/05/2024,06:30,[06:15-06:30[,S,V,V,V,V,5.00,5.00
31/05/2024,06:45,[06:30-06:45[,S,V,V,V,V,5.00,5.00
31/05/2024,07:00,[06:45-07:00[,S,V,V,V,V,5.00,5.00
31/05/2024,07:15,[07:00-07:15[,S,V,F,V,C,2.47,2.47
31/05/2024,07:30,[07:15-07:30[,S,V,F,V,C,2.47,2.47
31/05/2024,07:45,[07:30-07:45[,S,V,F,V,C,2.47,2.47
31/05/2024,08:00,[07:45-08:00[,S,V,F,V,C,2.47,2.47
31/05/2024,08:15,[08:00-08:15[,S,F,F,C,C,0.00,0.00
31/05/2024,08:30,[08:15-08:30[,S,F,F,C,C,0.00,0.00
31/05/2024,08:45,[08:30-08:45[,S,F,F,C,C,0.00,0.00
31/05/2024,09:00,[08:45-09:00[,S,F,F,C,C,0.00,0.00
31/05/2024,09:15,[09:00-09:15[,S,F,F,C,C,0.00,0.00
31/05/2024,09:30,[09:15-09:30[,S,F,F,C,P,0.00,0.00
31/05/2024,09:45,[09:30-09:45[,S,F,F,C,P,0.00,0.00
31/05/2024,10:00,[09:45-10:00[,S,F,F,C,P,0.00,0.00
31/05/2024,10:15,[10:00-10:15[,S,F,F,C,P,0.00,0.00
31/05/2024,10:30,[10:15-10:30[,S,F,F,C,P,0.00,0.00
31/05/2024,10:45,[10:30-10:45[,S,F,F,P,P,0.00,0.00
31/05/2024,11:00,[10:45-11:00[,S,F,F,P,P,0.00,0.00
31/05/2024,11:15,[11:00-11:15[,S,F,F,P,P,0.00,0.00
31/05/2024,11:30,[11:15-11:30[,S,F,F,P,P,0.00,0.00
31/05/2024,11:45,[11:30-11:45[,S,F,F,P,P,0.00,0.00
31/05/2024,12:00,[11:45-12:00[,S,F,F,P,P,0.00,0.00
31/05/2024,12:15,[12:00-12:15[,S,F,F,P,P,0.00,0.00
31/05/2024,12:30,[12:15-12:30[,S,F,F,P,C,0.00,0.00
31/05/2024,12:45,[12:30-12:45[,S,F,F,P,C,0.00,0.00
31/05/2024,13:00,[12:45-13:00[,S,F,F,P,C,0.00,0.00
31/05/2024,13:15,[13:00-13:15[,S,F,F,C,C,0.00,-0.01
31/05/2024,13:30,[13:15-13:30[,S,F,F,C,C,0.00,-0.01
31/05/2024,13:45,[13:30-13:45[,S,F,F,C,C,0.00,-0.01
31/05/2024,14:00,[13:45-14:00[,S,F,F,C,C,0.00,-0.01
31/05/2024,14:15,[14:00-14:15[,S,F,F,C,C,-0.01,-0.01
31/05/2024,14:30,[14:15-14:30[,S,F,F,C,C,-0.01,-0.01
31/05/2024,14:45,[14:30-14:45[,S,F,F,C,C,-0.01,-0.01
31/05/2024,15:00,[14:45-15:00[,S,F,F,C,C,-0.01,-0.01
31/05/2024,15:15,[15:00-15:15[,S,F,F,C,C,-0.01,-0.01
31/05/2024,15:30,[15:15-15:30[,S,F,F,C,C,-0.01,-0.01
31/05/2024,15:45,[15:30-15:45[,S,F,F,C,C,-0.01,-0.01
31/05/2024,16:00,[15:45-16:00[,S,F,F,C,C,-0.01,-0.01
31/05/2024,16:15,[16:00-16:15[,S,F,F,C,C,-0.01,-0.01
31/05/2024,16:30,[16:15-16:30[,S,F,F,C,C,-0.01,-0.01
31/05/2024,16:45,[16:30-16:45[,S,F,F,C,C,-0.01,-0.01
31/05/2024,17:00,[16:45-17:00[,S,F,F,C,C,-0.01,-0.01
31/05/2024,17:15,[17:00-17:15[,S,F,F,C,C,0.00,0.00
31/05/2024,17:30,[17:15-17:30[,S,F,F,C,C,0.00,0.00
31/05/2024,17:45,[17:30-17:45[,S,F,F,C,C,0.00,0.00
31/05/2024,18:00,[17:45-18:00[,S,F,F,C,C,0.00,0.00
31/05/2024,18:15,[18:00-18:15[,S,F,F,C,C,0.00,0.00
31/05/2024,18:30,[18:15-18:30[,S,F,F,C,C,0.00,0.00
31/05/2024,18:45,[18:30-18:45[,S,F,F,C,C,0.00,0.00
31/05/2024,19:00,[18:45-19:00[,S,F,F,C,C,0.00,0.00
31/05/2024,19:15,[19:00-19:15[,S,F,F,C,C,3.25,3.25
31/05/2024,19:30,[19:15-19:30[,S,F,F,C,C,3.25,3.25
31/05/2024,19:45,[19:30-19:45[,S,F,F,P,C,3.25,3.25
31/05/2024,20:00,[19:45-20:00[,S,F,F,P,C,3.25,3.25
31/05/2024,20:15,[20:00-20:15[,S,F,F,P,C,7.30,7.30
31/05/2024,20:30,[20:15-20:30[,S,F,F,P,C,7.30,7.30
31/05/2024,20:45,[20:30-20:45[,S,F,F,P,C,7.30,7.30
31/05/2024,21:00,[20:45-21:00[,S,F,F,P,C,7.30,7.30
31/05/2024,21:15,[21:00-21:15[,S,F,F,C,C,5.50,5.50
31/05/2024,21:30,[21:15-21:30[,S,F,F,C,C,5.50,5.50
31/05/2024,21:45,[21:30-21:45[,S,F,F,C,C,5.50,5.50
31/05/2024,22:00,[21:45-22:00[,S,F,F,C,C,5.50,5.50
31/05/2024,22:15,[22:00-22:15[,S,V,F,V,C,3.25,3.25
31/05/2024,22:30,[22:15-22:30[,S,V,F,V,C,3.25,3.25
31/05/2024,22:45,[22:30-22:45[,S,V,F,V,C,3.25,3.25
31/05/2024,23:00,[22:45-23:00[,S,V,F,V,C,3.25,3.25
31/05/2024,23:15,[23:00-23:15[,S,V,F,V,C,4.99,4.99
31/05/2024,23:30,[23:15-23:30[,S,V,F,V,C,4.99,4.99
31/05/2024,23:45,[23:30-23:45[,S,V,F,V,C,4.99,4.99
31/05/2024,23:59,[23:45-00:00[,S,V,F,V,C,4.99,4.99
01/06/2024,00:15,[00:00-00:15[,S,V,V,V,V,3.25,3.25
01/06/2024,00:30,[00:15-00:30[,S,V,V,V,V,3.25,3.25
01/06/2024,00:45,[00:30-00:45[,S,V,V,V,V,3.25,3.25
01/06/2024,01:00,[00:45-01:00[,S,V,V,V,V,3.25,3.25
01/06/2024,01:15,[01:00-01:15[,S,V,V,V,V,3.25,3.25
01/06/2024,01:30,[01:15-01:30[,S,V,V,V,V,3.25,3.25
01/06/2024,01:45,[01:30-01:45[,S,V,V,V,V,3.25,3.25
01/06/2024,02:00,[01:45-02:00[,S,V,V,V,V,3.25,3.25
01/06/2024,02:15,[02:00-02:15[,S,V,V,V,V,1.23,1.23
01/06/2024,02:30,[02:15-02:30[,S,V,V,V,V,1.23,1.23
01/06/2024,02:45,[02:30-02:45[,S,V,V,V,V,1.23,1.23
01/06/2024,03:00,[02:45-03:00[,S,V,V,V,V,1.23,1.23
01/06/2024,03:15,[03:00-03:15[,S,V,V,V,V,0.09,0.09
01/06/2024,03:30,[03:15-03:30[,S,V,V,V,V,0.09,0.09
01/06/2024,03:45,[03:30-03:45[,S,V,V,V,V,0.09,0.09
01/06/2024,04:00,[03:45-04:00[,S,V,V,V,V,0.09,0.09
01/06/2024,04:15,[04:00-04:15[,S,V,V,V,V,3.25,3.25
01/06/2024,04:30,[04:15-04:30[,S,V,V,V,V,3.25,3.25
01/06/2024,04:45,[04:30-04:45[,S,V,V,V,V,3.25,3.25
01/06/2024,05:00,[04:45-05:00[,S,V,V,V,V,3.25,3.25
01/06/2024,05:15,[05:00-05:15[,S,V,V,V,V,3.25,3.25
01/06/2024,05:30,[05:15-05:30[,S,V,V,V,V,3.25,3.25
01/06/2024,05:45,[05:30-05:45[,S,V,V,V,V,3.25,3.25
01/06/2024,06:00,[05:45-06:00[,S,V,V,V,V,3.25,3.25
01/06/2024,06:15,[06:00-06:15[,S,V,V,V,V,3.25,3.25
01/06/2024,06:30,[06:15-06:30[,S,V,V,V,V,3.25,3.25
01/06/2024,06:45,[06:30-06:45[,S,V,V,V,V,3.25,3.25
01/06/2024,07:00,[06:45-07:00[,S,V,V,V,V,3.25,3.25
01/06/2024,07:15,[07:00-07:15[,S,V,V,V,V,0.00,0.00
01/06/2024,07:30,[07:15-07:30[,S,V,V,V,V,0.00,0.00
01/06/2024,07:45,[07:30-07:45[,S,V,V,V,V,0.00,0.00
01/06/2024,08:00,[07:45-08:00[,S,V,V,V,V,0.00,0.00
01/06/2024,08:15,[08:00-08:15[,S,F,V,C,V,0.00,0.00
01/06/2024,08:30,[08:15-08:30[,S,F,V,C,V,0.00,0.00
01/06/2024,08:45,[08:30-08:45[,S,F,V,C,V,0.00,0.00
01/06/2024,09:00,[08:45-09:00[,S,F,V,C,V,0.00,0.00
01/06/2024,09:15,[09:00-09:15[,S,F,F,C,C,-0.01,-0.01
01/06/2024,09:30,[09:15-09:30[,S,F,F,C,C,-0.01,-0.01
01/06/2024,09:45,[09:30-09:45[,S,F,F,C,C,-0.01,-0.01
01/06/2024,10:00,[09:45-10:00[,S,F,F,C,C,-0.01,-0.01
01/06/2024,10:15,[10:00-10:15[,S,F,F,C,C,-0.36,-0.36
01/06/2024,10:30,[10:15-10:30[,S,F,F,C,C,-0.36,-0.36
01/06/2024,10:45,[10:30-10:45[,S,F,F,P,C,-0.36,-0.36
01/06/2024,11:00,[10:45-11:00[,S,F,F,P,C,-0.36,-0.36
01/06/2024,11:15,[11:00-11:15[,S,F,F,P,C,-0.50,-0.50
01/06/2024,11:30,[11:15-11:30[,S,F,F,P,C,-0.50,-0.50
01/06/2024,11:45,[11:30-11:45[,S,F,F,P,C,-0.50,-0.50
01/06/2024,12:00,[11:45-12:00[,S,F,F,P,C,-0.50,-0.50
01/06/2024,12:15,[12:00-12:15[,S,F,F,P,C,-0.36,-0.36
01/06/2024,12:30,[12:15-12:30[,S,F,F,P,C,-0.36,-0.36
01/06/2024,12:45,[12:30-12:45[,S,F,F,P,C,-0.36,-0.36
01/06/2024,13:00,[12:45-13:00[,S,F,F,P,C,-0.36,-0.36
01/06/2024,13:15,[13:00-13:15[,S,F,F,C,C,-0.58,-0.60
01/06/2024,13:30,[13:15-13:30[,S,F,F,C,C,-0.58,-0.60
01/06/2024,13:45,[13:30-13:45[,S,F,F,C,C,-0.58,-0.60
01/06/2024,14:00,[13:45-14:00[,S,F,F,C,C,-0.58,-0.60
01/06/2024,14:15,[14:00-14:15[,S,F,V,C,V,-0.60,-0.62
01/06/2024,14:30,[14:15-14:30[,S,F,V,C,V,-0.60,-0.62
01/06/2024,14:45,[14:30-14:45[,S,F,V,C,V,-0.60,-0.62
01/06/2024,15:00,[14:45-15:00[,S,F,V,C,V,-0.60,-0.62
01/06/2024,15:15,[15:00-15:15[,S,F,V,C,V,-0.66,-0.66
01/06/2024,15:30,[15:15-15:30[,S,F,V,C,V,-0.66,-0.66
01/06/2024,15:45,[15:30-15:45[,S,F,V,C,V,-0.66,-0.66
01/06/2024,16:00,[15:45-16:00[,S,F,V,C,V,-0.66,-0.66
01/06/2024,16:15,[16:00-16:15[,S,F,V,C,V,-0.28,-0.60
01/06/2024,16:30,[16:15-16:30[,S,F,V,C,V,-0.28,-0.60
01/06/2024,16:45,[16:30-16:45[,S,F,V,C,V,-0.28,-0.60
01/06/2024,17:00,[16:45-17:00[,S,F,V,C,V,-0.28,-0.60
01/06/2024,17:15,[17:00-17:15[,S,F,V,C,V,-0.01,-0.01
01/06/2024,17:30,[17:15-17:30[,S,F,V,C,V,-0.01,-0.01
01/06/2024,17:45,[17:30-17:45[,S,F,V,C,V,-0.01,-0.01
01/06/2024,18:00,[17:45-18:00[,S,F,V,C,V,-0.01,-0.01
01/06/2024,18:15,[18:00-18:15[,S,F,V,C,V,0.00,0.00
01/06/2024,18:30,[18:15-18:30[,S,F,V,C,V,0.00,0.00
01/06/2024,18:45,[18:30-18:45[,S,F,V,C,V,0.00,0.00
01/06/2024,19:00,[18:45-19:00[,S,F,V,C,V,0.00,0.00
01/06/2024,19:15,[19:00-19:15[,S,F,V,C,V,3.25,3.25
01/06/2024,19:30,[19:15-19:30[,S,F,V,C,V,3.25,3.25
01/06/2024,19:45,[19:30-19:45[,S,F,V,P,V,3.25,3.25
01/06/2024,20:00,[19:45-20:00[,S,F,V,P,V,3.25,3.25
01/06/2024,20:15,[20:00-20:15[,S,F,F,P,C,7.20,7.20
01/06/2024,20:30,[20:15-20:30[,S,F,F,P,C,7.20,7.20
01/06/2024,20:45,[20:30-20:45[,S,F,F,P,C,7.20,7.20
01/06/2024,21:00,[20:45-21:00[,S,F,F,P,C,7.20,7.20
01/06/2024,21:15,[21:00-21:15[,S,F,F,C,C,8.44,8.44
01/06/2024,21:30,[21:15-21:30[,S,F,F,C,C,8.44,8.44
01/06/2024,21:45,[21:30-21:45[,S,F,F,C,C,8.44,8.44
01/06/2024,22:00,[21:45-22:00[,S,F,F,C,C,8.44,8.44
01/06/2024,22:15,[22:00-22:15[,S,V,V,V,V,4.50,4.50
01/06/2024,22:30,[22:15-22:30[,S,V,V,V,V,4.50,4.50
01/06/2024,22:45,[22:30-22:45[,S,V,V,V,V,4.50,4.50
01/06/2024,23:00,[22:45-23:00[,S,V,V,V,V,4.50,4.50
01/06/2024,23:15,[23:00-23:15[,S,V,V,V,V,7.20,7.20
01/06/2024,23:30,[23:15-23:30[,S,V,V,V,V,7.20,7.20
01/06/2024,23:45,[23:30-23:45[,S,V,V,V,V,7.20,7.20
01/06/2024,23:59,[23:45-00:00[,S,V,V,V,V,7.20,7.20
02/06/2024,00:15,[00:00-00:15[,S,V,V,V,V,5.00,5.00
02/06/2024,00:30,[00:15-00:30[,S,V,V,V,V,5.00,5.00
02/06/2024,00:45,[00:30-00:45[,S,V,V,V,V,5.00,5.00
02/06/2024,01:00,[00:45-01:00[,S,V,V,V,V,5.00,5.00
02/06/2024,01:15,[01:00-01:15[,S,V,V,V,V,4.35,4.35
02/06/2024,01:30,[01:15-01:30[,S,V,V,V,V,4.35,4.35
02/06/2024,01:45,[01:30-01:45[,S,V,V,V,V,4.35,4.35
02/06/2024,02:00,[01:45-02:00[,S,V,V,V,V,4.35,4.35
02/06/2024,02:15,[02:00-02:15[,S,V,V,V,V,3.60,3.60
02/06/2024,02:30,[02:15-02:30[,S,V,V,V,V,3.60,3.60
02/06/2024,02:45,[02:30-02:45[,S,V,V,V,V,3.60,3.60
02/06/2024,03:00,[02:45-03:00[,S,V,V,V,V,3.60,3.60
02/06/2024,03:15,[03:00-03:15[,S,V,V,V,V,3.60,3.60
02/06/2024,03:30,[03:15-03:30[,S,V,V,V,V,3.60,3.60
02/06/2024,03:45,[03:30-03:45[,S,V,V,V,V,3.60,3.60
02/06/2024,04:00,[03:45-04:00[,S,V,V,V,V,3.60,3.60
02/06/2024,04:15,[04:00-04:15[,S,V,V,V,V,5.00,5.00
02/06/2024,04:30,[04:15-04:30[,S,V,V,V,V,5.00,5.00
02/06/2024,04:45,[04:30-04:45[,S,V,V,V,V,5.00,5.00
02/06/2024,05:00,[04:45-05:00[,S,V,V,V,V,5.00,5.00
02/06/2024,05:15,[05:00-05:15[,S,V,V,V,V,4.43,4.43
02/06/2024,05:30,[05:15-05:30[,S,V,V,V,V,4.43,4.43
02/06/2024,05:45,[05:30-05:45[,S,V,V,V,V,4.43,4.43
02/06/2024,06:00,[05:45-06:00[,S,V,V,V,V,4.43,4.43
02/06/2024,06:15,[06:00-06:15[,S,V,V,V,V,3.25,3.25
02/06/2024,06:30,[06:15-06:30[,S,V,V,V,V,3.25,3.25
02/06/2024,06:45,[06:30-06:45[,S,V,V,V,V,3.25,3.25
02/06/2024,07:00,[06:45-07:00[,S,V,V,V,V,3.25,3.25
02/06/2024,07:15,[07:00-07:15[,S,V,V,V,V,0.00,0.00
02/06/2024,07:30,[07:15-07:30[,S,V,V,V,V,0.00,0.00
02/06/2024,07:45,[07:30-07:45[,S,V,V,V,V,0.00,0.00
02/06/2024,08:00,[07:45-08:00[,S,V,V,V,V,0.00,0.00
02/06/2024,08:15,[08:00-08:15[,S,F,V,C,V,-0.03,-0.03
02/06/2024,08:30,[08:15-08:30[,S,F,V,C,V,-0.03,-0.03
02/06/2024,08:45,[08:30-08:45[,S,F,V,C,V,-0.03,-0.03
02/06/2024,09:00,[08:45-09:00[,S,F,V,C,V,-0.03,-0.03
02/06/2024,09:15,[09:00-09:15[,S,F,V,C,V,-1.05,-1.05
02/06/2024,09:30,[09:15-09:30[,S,F,V,C,V,-1.05,-1.05
02/06/2024,09:45,[09:30-09:45[,S,F,V,C,V,-1.05,-1.05
02/06/2024,10:00,[09:45-10:00[,S,F,V,C,V,-1.05,-1.05
02/06/2024,10:15,[10:00-10:15[,S,F,V,C,V,-0.58,-1.86
02/06/2024,10:30,[10:15-10:30[,S,F,V,C,V,-0.58,-1.86
02/06/2024,10:45,[10:30-10:45[,S,F,V,P,V,-0.58,-1.86
02/06/2024,11:00,[10:45-11:00[,S,F,V,P,V,-0.58,-1.86
02/06/2024,11:15,[11:00-11:15[,S,F,V,P,V,-0.53,-1.86
02/06/2024,11:30,[11:15-11:30[,S,F,V,P,V,-0.53,-1.86
02/06/2024,11:45,[11:30-11:45[,S,F,V,P,V,-0.53,-1.86
02/06/2024,12:00,[11:45-12:00[,S,F,V,P,V,-0.53,-1.86
02/06/2024,12:15,[12:00-12:15[,S,F,V,P,V,-0.47,-1.86
02/06/2024,12:30,[12:15-12:30[,S,F,V,P,V,-0.47,-1.86
02/06/2024,12:45,[12:30-12:45[,S,F,V,P,V,-0.47,-1.86
02/06/2024,13:00,[12:45-13:00[,S,F,V,P,V,-0.47,-1.86
02/06/2024,13:15,[13:00-13:15[,S,F,V,C,V,-0.58,-1.86
02/06/2024,13:30,[13:15-13:30[,S,F,V,C,V,-0.58,-1.86
02/06/2024,13:45,[13:30-13:45[,S,F,V,C,V,-0.58,-1.86
02/06/2024,14:00,[13:45-14:00[,S,F,V,C,V,-0.58,-1.86
02/06/2024,14:15,[14:00-14:15[,S,F,V,C,V,-0.60,-1.86
02/06/2024,14:30,[14:15-14:30[,S,F,V,C,V,-0.60,-1.86
02/06/2024,14:45,[14:30-14:45[,S,F,V,C,V,-0.60,-1.86
02/06/2024,15:00,[14:45-15:00[,S,F,V,C,V,-0.60,-1.86
02/06/2024,15:15,[15:00-15:15[,S,F,V,C,V,-0.66,-1.86
02/06/2024,15:30,[15:15-15:30[,S,F,V,C,V,-0.66,-1.86
02/06/2024,15:45,[15:30-15:45[,S,F,V,C,V,-0.66,-1.86
02/06/2024,16:00,[15:45-16:00[,S,F,V,C,V,-0.66,-1.86
02/06/2024,16:15,[16:00-16:15[,S,F,V,C,V,-0.28,-1.00
02/06/2024,16:30,[16:15-16:30[,S,F,V,C,V,-0.28,-1.00
02/06/2024,16:45,[16:30-16:45[,S,F,V,C,V,-0.28,-1.00
02/06/2024,17:00,[16:45-17:00[,S,F,V,C,V,-0.28,-1.00
02/06/2024,17:15,[17:00-17:15[,S,F,V,C,V,-0.01,-0.01
02/06/2024,17:30,[17:15-17:30[,S,F,V,C,V,-0.01,-0.01
02/06/2024,17:45,[17:30-17:45[,S,F,V,C,V,-0.01,-0.01
02/06/2024,18:00,[17:45-18:00[,S,F,V,C,V,-0.01,-0.01
02/06/2024,18:15,[18:00-18:15[,S,F,V,C,V,0.44,0.44
02/06/2024,18:30,[18:15-18:30[,S,F,V,C,V,0.44,0.44
02/06/2024,18:45,[18:30-18:45[,S,F,V,C,V,0.44,0.44
02/06/2024,19:00,[18:45-19:00[,S,F,V,C,V,0.44,0.44
02/06/2024,19:15,[19:00-19:15[,S,F,V,C,V,11.35,11.35
02/06/2024,19:30,[19:15-19:30[,S,F,V,C,V,11.35,11.35
02/06/2024,19:45,[19:30-19:45[,S,F,V,P,V,11.35,11.35
02/06/2024,20:00,[19:45-20:00[,S,F,V,P,V,11.35,11.35
02/06/2024,20:15,[20:00-20:15[,S,F,V,P,V,25.01,25.01
02/06/2024,20:30,[20:15-20:30[,S,F,V,P,V,25.01,25.01
02/06/2024,20:45,[20:30-20:45[,S,F,V,P,V,25.01,25.01
02/06/2024,21:00,[20:45-21:00[,S,F,V,P,V,25.01,25.01
02/06/2024,21:15,[21:00-21:15[,S,F,V,C,V,28.87,28.87
02/06/2024,21:30,[21:15-21:30[,S,F,V,C,V,28.87,28.87
02/06/2024,21:45,[21:30-21:45[,S,F,V,C,V,28.87,28.87
02/06/2024,22:00,[21:45-22:00[,S,F,V,C,V,28.87,28.87
02/06/2024,22:15,[22:00-22:15[,S,V,V,V,V,13.42,13.42
02/06/2024,22:30,[22:15-22:30[,S,V,V,V,V,13.42,13.42
02/06/2024,22:45,[22:30-22:45[,S,V,V,V,V,13.42,13.42
02/06/2024,23:00,[22:45-23:00[,S,V,V,V,V,13.42,13.42
02/06/2024,23:15,[23:00-23:15[,S,V,V,V,V,9.16,9.16
02/06/2024,23:30,[23:15-23:30[,S,V,V,V,V,9.16,9.16
02/06/2024,23:45,[23:30-23:45[,S,V,V,V,V,9.16,9.16
02/06/2024,23:59,[23:45-00:00[,S,V,V,V,V,9.16,9.16
03/06/2024,00:15,[00:00-00:15[,S,V,V,V,V,14.10,14.10
03/06/2024,00:30,[00:15-00:30[,S,V,V,V,V,14.10,14.10
03/06/2024,00:45,[00:30-00:45[,S,V,V,V,V,14.10,14.10
03/06/2024,01:00,[00:45-01:00[,S,V,V,V,V,14.10,14.10
03/06/2024,01:15,[01:00-01:15[,S,V,V,V,V,14.10,14.10
03/06/2024,01:30,[01:15-01:30[,S,V,V,V,V,14.10,14.10
03/06/2024,01:45,[01:30-01:45[,S,V,V,V,V,14.10,14.10
03/06/2024,02:00,[01:45-02:00[,S,V,V,V,V,14.10,14.10
03/06/2024,02:15,[02:00-02:15[,S,V,V,V,V,12.50,12.50
03/06/2024,02:30,[02:15-02:30[,S,V,V,V,V,12.50,12.50
03/06/2024,02:45,[02:30-02:45[,S,V,V,V,V,12.50,12.50
03/06/2024,03:00,[02:45-03:00[,S,V,V,V,V,12.50,12.50
03/06/2024,03:15,[03:00-03:15[,S,V,V,V,V,14.32,14.32
03/06/2024,03:30,[03:15-03:30[,S,V,V,V,V,14.32,14.32
03/06/2024,03:45,[03:30-03:45[,S,V,V,V,V,14.32,14.32
03/06/2024,04:00,[03:45-04:00[,S,V,V,V,V,14.32,14.32
03/06/2024,04:15,[04:00-04:15[,S,V,V,V,V,10.15,10.15
03/06/2024,04:30,[04:15-04:30[,S,V,V,V,V,10.15,10.15
03/06/2024,04:45,[04:30-04:45[,S,V,V,V,V,10.15,10.15
03/06/2024,05:00,[04:45-05:00[,S,V,V,V,V,10.15,10.15
03/06/2024,05:15,[05:00-05:15[,S,V,V,V,V,35.01,35.01
03/06/2024,05:30,[05:15-05:30[,S,V,V,V,V,35.01,35.01
03/06/2024,05:45,[05:30-05:45[,S,V,V,V,V,35.01,35.01
03/06/2024,06:00,[05:45-06:00[,S,V,V,V,V,35.01,35.01
03/06/2024,06:15,[06:00-06:15[,S,V,V,V,V,37.94,37.94
03/06/2024,06:30,[06:15-06:30[,S,V,V,V,V,37.94,37.94
03/06/2024,06:45,[06:30-06:45[,S,V,V,V,V,37.94,37.94
03/06/2024,07:00,[06:45-07:00[,S,V,V,V,V,37.94,37.94
03/06/2024,07:15,[07:00-07:15[,S,V,F,V,C,41.93,41.93
03/06/2024,07:30,[07:15-07:30[,S,V,F,V,C,41.93,41.93
03/06/2024,07:45,[07:30-07:45[,S,V,F,V,C,41.93,41.93
03/06/2024,08:00,[07:45-08:00[,S,V,F,V,C,41.93,41.93
03/06/2024,08:15,[08:00-08:15[,S,F,F,C,C,35.00,35.00
03/06/2024,08:30,[08:15-08:30[,S,F,F,C,C,35.00,35.00
03/06/2024,08:45,[08:30-08:45[,S,F,F,C,C,35.00,35.00
03/06/2024,09:00,[08:45-09:00[,S,F,F,C,C,35.00,35.00
03/06/2024,09:15,[09:00-09:15[,S,F,F,C,C,16.90,16.90
03/06/2024,09:30,[09:15-09:30[,S,F,F,C,P,16.90,16.90
03/06/2024,09:45,[09:30-09:45[,S,F,F,C,P,16.90,16.90
03/06/2024,10:00,[09:45-10:00[,S,F,F,C,P,16.90,16.90
03/06/2024,10:15,[10:00-10:15[,S,F,F,C,P,22.20,5.44
03/06/2024,10:30,[10:15-10:30[,S,F,F,C,P,22.20,5.44
03/06/2024,10:45,[10:30-10:45[,S,F,F,P,P,22.20,5.44
03/06/2024,11:00,[10:45-11:00[,S,F,F,P,P,22.20,5.44
03/06/2024,11:15,[11:00-11:15[,S,F,F,P,P,25.08,4.46
03/06/2024,11:30,[11:15-11:30[,S,F,F,P,P,25.08,4.46
03/06/2024,11:45,[11:30-11:45[,S,F,F,P,P,25.08,4.46
03/06/2024,12:00,[11:45-12:00[,S,F,F,P,P,25.08,4.46
03/06/2024,12:15,[12:00-12:15[,S,F,F,P,P,25.08,8.30
03/06/2024,12:30,[12:15-12:30[,S,F,F,P,C,25.08,8.30
03/06/2024,12:45,[12:30-12:45[,S,F,F,P,C,25.08,8.30
03/06/2024,13:00,[12:45-13:00[,S,F,F,P,C,25.08,8.30
03/06/2024,13:15,[13:00-13:15[,S,F,F,C,C,25.08,3.25
03/06/2024,13:30,[13:15-13:30[,S,F,F,C,C,25.08,3.25
03/06/2024,13:45,[13:30-13:45[,S,F,F,C,C,25.08,3.25
03/06/2024,14:00,[13:45-14:00[,S,F,F,C,C,25.08,3.25
03/06/2024,14:15,[14:00-14:15[,S,F,F,C,C,22.20,1.31
03/06/2024,14:30,[14:15-14:30[,S,F,F,C,C,22.20,1.31
03/06/2024,14:45,[14:30-14:45[,S,F,F,C,C,22.20,1.31
03/06/2024,15:00,[14:45-15:00[,S,F,F,C,C,22.20,1.31
03/06/2024,15:15,[15:00-15:15[,S,F,F,C,C,22.20,3.25
03/06/2024,15:30,[15:15-15:30[,S,F,F,C,C,22.20,3.25
03/06/2024,15:45,[15:30-15:45[,S,F,F,C,C,22.20,3.25
03/06/2024,16:00,[15:45-16:00[,S,F,F,C,C,22.20,3.25
03/06/2024,16:15,[16:00-16:15[,S,F,F,C,C,25.08,11.86
03/06/2024,16:30,[16:15-16:30[,S,F,F,C,C,25.08,11.86
03/06/2024,16:45,[16:30-16:45[,S,F,F,C,C,25.08,11.86
03/06/2024,17:00,[16:45-17:00[,S,F,F,C,C,25.08,11.86
03/06/2024,17:15,[17:00-17:15[,S,F,F,C,C,35.00,35.00
03/06/2024,17:30,[17:15-17:30[,S,F,F,C,C,35.00,35.00
03/06/2024,17:45,[17:30-17:45[,S,F,F,C,C,35.00,35.00
03/06/2024,18:00,[17:45-18:00[,S,F,F,C,C,35.00,35.00
03/06/2024,18:15,[18:00-18:15[,S,F,F,C,C,49.22,49.22
03/06/2024,18:30,[18:15-18:30[,S,F,F,C,C,49.22,49.22
03/06/2024,18:45,[18:30-18:45[,S,F,F,C,C,49.22,49.22
03/06/2024,19:00,[18:45-19:00[,S,F,F,C,C,49.22,49.22
03/06/2024,19:15,[19:00-19:15[,S,F,F,C,C,75.37,75.37
03/06/2024,19:30,[19:15-19:30[,S,F,F,C,C,75.37,75.37
03/06/2024,19:45,[19:30-19:45[,S,F,F,P,C,75.37,75.37
03/06/2024,20:00,[19:45-20:00[,S,F,F,P,C,75.37,75.37
03/06/2024,20:15,[20:00-20:15[,S,F,F,P,C,102.15,102.15
03/06/2024,20:30,[20:15-20:30[,S,F,F,P,C,102.15,102.15
03/06/2024,20:45,[20:30-20:45[,S,F,F,P,C,102.15,102.15
03/06/2024,21:00,[20:45-21:00[,S,F,F,P,C,102.15,102.15
03/06/2024,21:15,[21:00-21:15[,S,F,F,C,C,81.31,81.31
03/06/2024,21:30,[21:15-21:30[,S,F,F,C,C,81.31,81.31
03/06/2024,21:45,[21:30-21:45[,S,F,F,C,C,81.31,81.31
03/06/2024,22:00,[21:45-22:00[,S,F,F,C,C,81.31,81.31
03/06/2024,22:15,[22:00-22:15[,S,V,F,V,C,63.30,63.30
03/06/2024,22:30,[22:15-22:30[,S,V,F,V,C,63.30,63.30
03/06/2024,22:45,[22:30-22:45[,S,V,F,V,C,63.30,63.30
03/06/2024,23:00,[22:45-23:00[,S,V,F,V,C,63.30,63.30
03/06/2024,23:15,[23:00-23:15[,S,V,F,V,C,99.20,99.20
03/06/2024,23:30,[23:15-23:30[,S,V,F,V,C,99.20,99.20
03/06/2024,23:45,[23:30-23:45[,S,V,F,V,C,99.20,99.20
03/06/2024,23:59,[23:45-00:00[,S,V,F,V,C,99.20,99.20
04/06/2024,00:15,[00:00-00:15[,S,V,V,V,V,92.72,92.72
04/06/2024,00:30,[00:15-00:30[,S,V,V,V,V,92.72,92.72
04/06/2024,00:45,[00:30-00:45[,S,V,V,V,V,92.72,92.72
04/06/2024,01:00,[00:45-01:00[,S,V,V,V,V,92.72,92.72
04/06/2024,01:15,[01:00-01:15[,S,V,V,V,V,94.88,94.88
04/06/2024,01:30,[01:15-01:30[,S,V,V,V,V,94.88,94.88
04/06/2024,01:45,[01:30-01:45[,S,V,V,V,V,94.88,94.88
04/06/2024,02:00,[01:45-02:00[,S,V,V,V,V,94.88,94.88
04/06/2024,02:15,[02:00-02:15[,S,V,V,V,V,84.82,84.82
04/06/2024,02:30,[02:15-02:30[,S,V,V,V,V,84.82,84.82
04/06/2024,02:45,[02:30-02:45[,S,V,V,V,V,84.82,84.82
04/06/2024,03:00,[02:45-03:00[,S,V,V,V,V,84.82,84.82
04/06/2024,03:15,[03:00-03:15[,S,V,V,V,V,94.88,94.88
04/06/2024,03:30,[03:15-03:30[,S,V,V,V,V,94.88,94.88
04/06/2024,03:45,[03:30-03:45[,S,V,V,V,V,94.88,94.88
04/06/2024,04:00,[03:45-04:00[,S,V,V,V,V,94.88,94.88
04/06/2024,04:15,[04:00-04:15[,S,V,V,V,V,95.40,95.40
04/06/2024,04:30,[04:15-04:30[,S,V,V,V,V,95.40,95.40
04/06/2024,04:45,[04:30-04:45[,S,V,V,V,V,95.40,95.40
04/06/2024,05:00,[04:45-05:00[,S,V,V,V,V,95.40,95.40
04/06/2024,05:15,[05:00-05:15[,S,V,V,V,V,150.00,150.00
04/06/2024,05:30,[05:15-05:30[,S,V,V,V,V,150.00,150.00
04/06/2024,05:45,[05:30-05:45[,S,V,V,V,V,150.00,150.00
04/06/2024,06:00,[05:45-06:00[,S,V,V,V,V,150.00,150.00
04/06/2024,06:15,[06:00-06:15[,S,V,V,V,V,175.55,175.55
04/06/2024,06:30,[06:15-06:30[,S,V,V,V,V,175.55,175.55
04/06/2024,06:45,[06:30-06:45[,S,V,V,V,V,175.55,175.55
04/06/2024,07:00,[06:45-07:00[,S,V,V,V,V,175.55,175.55
04/06/2024,07:15,[07:00-07:15[,S,V,F,V,C,113.22,113.22
04/06/2024,07:30,[07:15-07:30[,S,V,F,V,C,113.22,113.22
04/06/2024,07:45,[07:30-07:45[,S,V,F,V,C,113.22,113.22
04/06/2024,08:00,[07:45-08:00[,S,V,F,V,C,113.22,113.22
04/06/2024,08:15,[08:00-08:15[,S,F,F,C,C,81.82,81.82
04/06/2024,08:30,[08:15-08:30[,S,F,F,C,C,81.82,81.82
04/06/2024,08:45,[08:30-08:45[,S,F,F,C,C,81.82,81.82
04/06/2024,09:00,[08:45-09:00[,S,F,F,C,C,81.82,81.82
04/06/2024,09:15,[09:00-09:15[,S,F,F,C,C,70.00,70.00
04/06/2024,09:30,[09:15-09:30[,S,F,F,C,P,70.00,70.00
04/06/2024,09:45,[09:30-09:45[,S,F,F,C,P,70.00,70.00
04/06/2024,10:00,[09:45-10:00[,S,F,F,C,P,70.00,70.00
04/06/2024,10:15,[10:00-10:15[,S,F,F,C,P,63.40,37.30
04/06/2024,10:30,[10:15-10:30[,S,F,F,C,P,63.40,37.30
04/06/2024,10:45,[10:30-10:45[,S,F,F,P,P,63.40,37.30
04/06/2024,11:00,[10:45-11:00[,S,F,F,P,P,63.40,37.30
04/06/2024,11:15,[11:00-11:15[,S,F,F,P,P,56.07,35.01
04/06/2024,11:30,[11:15-11:30[,S,F,F,P,P,56.07,35.01
04/06/2024,11:45,[11:30-11:45[,S,F,F,P,P,56.07,35.01
04/06/2024,12:00,[11:45-12:00[,S,F,F,P,P,56.07,35.01
04/06/2024,12:15,[12:00-12:15[,S,F,F,P,P,54.88,35.00
04/06/2024,12:30,[12:15-12:30[,S,F,F,P,C,54.88,35.00
04/06/2024,12:45,[12:30-12:45[,S,F,F,P,C,54.88,35.00
04/06/2024,13:00,[12:45-13:00[,S,F,F,P,C,54.88,35.00
04/06/2024,13:15,[13:00-13:15[,S,F,F,C,C,42.20,35.00
04/06/2024,13:30,[13:15-13:30[,S,F,F,C,C,42.20,35.00
04/06/2024,13:45,[13:30-13:45[,S,F,F,C,C,42.20,35.00
04/06/2024,14:00,[13:45-14:00[,S,F,F,C,C,42.20,35.00
04/06/2024,14:15,[14:00-14:15[,S,F,F,C,C,42.00,27.50
04/06/2024,14:30,[14:15-14:30[,S,F,F,C,C,42.00,27.50
04/06/2024,14:45,[14:30-14:45[,S,F,F,C,C,42.00,27.50
04/06/2024,15:00,[14:45-15:00[,S,F,F,C,C,42.00,27.50
04/06/2024,15:15,[15:00-15:15[,S,F,F,C,C,42.00,30.00
04/06/2024,15:30,[15:15-15:30[,S,F,F,C,C,42.00,30.00
04/06/2024,15:45,[15:30-15:45[,S,F,F,C,C,42.00,30.00
04/06/2024,16:00,[15:45-16:00[,S,F,F,C,C,42.00,30.00
04/06/2024,16:15,[16:00-16:15[,S,F,F,C,C,42.20,35.01
04/06/2024,16:30,[16:15-16:30[,S,F,F,C,C,42.20,35.01
04/06/2024,16:45,[16:30-16:45[,S,F,F,C,C,42.20,35.01
04/06/2024,17:00,[16:45-17:00[,S,F,F,C,C,42.20,35.01
04/06/2024,17:15,[17:00-17:15[,S,F,F,C,C,59.48,59.48
04/06/2024,17:30,[17:15-17:30[,S,F,F,C,C,59.48,59.48
04/06/2024,17:45,[17:30-17:45[,S,F,F,C,C,59.48,59.48
04/06/2024,18:00,[17:45-18:00[,S,F,F,C,C,59.48,59.48
04/06/2024,18:15,[18:00-18:15[,S,F,F,C,C,67.18,67.18
04/06/2024,18:30,[18:15-18:30[,S,F,F,C,C,67.18,67.18
04/06/2024,18:45,[18:30-18:45[,S,F,F,C,C,67.18,67.18
04/06/2024,19:00,[18:45-19:00[,S,F,F,C,C,67.18,67.18
04/06/2024,19:15,[19:00-19:15[,S,F,F,C,C,116.24,116.24
04/06/2024,19:30,[19:15-19:30[,S,F,F,C,C,116.24,116.24
04/06/2024,19:45,[19:30-19:45[,S,F,F,P,C,116.24,116.24
04/06/2024,20:00,[19:45-20:00[,S,F,F,P,C,116.24,116.24
04/06/2024,20:15,[20:00-20:15[,S,F,F,P,C,171.15,171.15
04/06/2024,20:30,[20:15-20:30[,S,F,F,P,C,171.15,171.15
04/06/2024,20:45,[20:30-20:45[,S,F,F,P,C,171.15,171.15
04/06/2024,21:00,[20:45-21:00[,S,F,F,P,C,171.15,171.15
04/06/2024,21:15,[21:00-21:15[,S,F,F,C,C,157.00,157.00
04/06/2024,21:30,[21:15-21:30[,S,F,F,C,C,157.00,157.00
04/06/2024,21:45,[21:30-21:45[,S,F,F,C,C,157.00,157.00
04/06/2024,22:00,[21:45-22:00[,S,F,F,C,C,157.00,157.00
04/06/2024,22:15,[22:00-22:15[,S,V,F,V,C,145.00,145.00
04/06/2024,22:30,[22:15-22:30[,S,V,F,V,C,145.00,145.00
04/06/2024,22:45,[22:30-22:45[,S,V,F,V,C,145.00,145.00
04/06/2024,23:00,[22:45-23:00[,S,V,F,V,C,145.00,145.00
04/06/2024,23:15,[23:00-23:15[,S,V,F,V,C,117.01,117.01
04/06/2024,23:30,[23:15-23:30[,S,V,F,V,C,117.01,117.01
04/06/2024,23:45,[23:30-23:45[,S,V,F,V,C,117.01,117.01
04/06/2024,23:59,[23:45-00:00[,S,V,F,V,C,117.01,117.01
05/06/2024,00:15,[00:00-00:15[,S,V,V,V,V,112.42,112.42
05/06/2024,00:30,[00:15-00:30[,S,V,V,V,V,112.42,112.42
05/06/2024,00:45,[00:30-00:45[,S,V,V,V,V,112.42,112.42
05/06/2024,01:00,[00:45-01:00[,S,V,V,V,V,112.42,112.42
05/06/2024,01:15,[01:00-01:15[,S,V,V,V,V,110.00,110.00
05/06/2024,01:30,[01:15-01:30[,S,V,V,V,V,110.00,110.00
05/06/2024,01:45,[01:30-01:45[,S,V,V,V,V,110.00,110.00
05/06/2024,02:00,[01:45-02:00[,S,V,V,V,V,110.00,110.00
05/06/2024,02:15,[02:00-02:15[,S,V,V,V,V,110.00,110.00
05/06/2024,02:30,[02:15-02:30[,S,V,V,V,V,110.00,110.00
05/06/2024,02:45,[02:30-02:45[,S,V,V,V,V,110.00,110.00
05/06/2024,03:00,[02:45-03:00[,S,V,V,V,V,110.00,110.00
05/06/2024,03:15,[03:00-03:15[,S,V,V,V,V,104.68,104.68
05/06/2024,03:30,[03:15-03:30[,S,V,V,V,V,104.68,104.68
05/06/2024,03:45,[03:30-03:45[,S,V,V,V,V,104.68,104.68
05/06/2024,04:00,[03:45-04:00[,S,V,V,V,V,104.68,104.68
05/06/2024,04:15,[04:00-04:15[,S,V,V,V,V,107.19,107.19
05/06/2024,04:30,[04:15-04:30[,S,V,V,V,V,107.19,107.19
05/06/2024,04:45,[04:30-04:45[,S,V,V,V,V,107.19,107.19
05/06/2024,05:00,[04:45-05:00[,S,V,V,V,V,107.19,107.19
05/06/2024,05:15,[05:00-05:15[,S,V,V,V,V,110.00,110.00
05/06/2024,05:30,[05:15-05:30[,S,V,V,V,V,110.00,110.00
05/06/2024,05:45,[05:30-05:45[,S,V,V,V,V,110.00,110.00
05/06/2024,06:00,[05:45-06:00[,S,V,V,V,V,110.00,110.00
05/06/2024,06:15,[06:00-06:15[,S,V,V,V,V,123.08,123.08
05/06/2024,06:30,[06:15-06:30[,S,V,V,V,V,123.08,123.08
05/06/2024,06:45,[06:30-06:45[,S,V,V,V,V,123.08,123.08
05/06/2024,07:00,[06:45-07:00[,S,V,V,V,V,123.08,123.08
05/06/2024,07:15,[07:00-07:15[,S,V,F,V,C,120.22,120.22
05/06/2024,07:30,[07:15-07:30[,S,V,F,V,C,120.22,120.22
05/06/2024,07:45,[07:30-07:45[,S,V,F,V,C,120.22,120.22
05/06/2024,08:00,[07:45-08:00[,S,V,F,V,C,120.22,120.22
05/06/2024,08:15,[08:00-08:15[,S,F,F,C,C,110.91,110.91
05/06/2024,08:30,[08:15-08:30[,S,F,F,C,C,110.91,110.91
05/06/2024,08:45,[08:30-08:45[,S,F,F,C,C,110.91,110.91
05/06/2024,09:00,[08:45-09:00[,S,F,F,C,C,110.91,110.91
05/06/2024,09:15,[09:00-09:15[,S,F,F,C,C,81.56,81.56
05/06/2024,09:30,[09:15-09:30[,S,F,F,C,P,81.56,81.56
05/06/2024,09:45,[09:30-09:45[,S,F,F,C,P,81.56,81.56
05/06/2024,10:00,[09:45-10:00[,S,F,F,C,P,81.56,81.56
05/06/2024,10:15,[10:00-10:15[,S,F,F,C,P,67.80,55.00
05/06/2024,10:30,[10:15-10:30[,S,F,F,C,P,67.80,55.00
05/06/2024,10:45,[10:30-10:45[,S,F,F,P,P,67.80,55.00
05/06/2024,11:00,[10:45-11:00[,S,F,F,P,P,67.80,55.00
05/06/2024,11:15,[11:00-11:15[,S,F,F,P,P,63.50,50.21
05/06/2024,11:30,[11:15-11:30[,S,F,F,P,P,63.50,50.21
05/06/2024,11:45,[11:30-11:45[,S,F,F,P,P,63.50,50.21
05/06/2024,12:00,[11:45-12:00[,S,F,F,P,P,63.50,50.21
05/06/2024,12:15,[12:00-12:15[,S,F,F,P,P,62.70,47.25
05/06/2024,12:30,[12:15-12:30[,S,F,F,P,C,62.70,47.25
05/06/2024,12:45,[12:30-12:45[,S,F,F,P,C,62.70,47.25
05/06/2024,13:00,[12:45-13:00[,S,F,F,P,C,62.70,47.25
05/06/2024,13:15,[13:00-13:15[,S,F,F,C,C,62.70,35.01
05/06/2024,13:30,[13:15-13:30[,S,F,F,C,C,62.70,35.01
05/06/2024,13:45,[13:30-13:45[,S,F,F,C,C,62.70,35.01
05/06/2024,14:00,[13:45-14:00[,S,F,F,C,C,62.70,35.01
05/06/2024,14:15,[14:00-14:15[,S,F,F,C,C,45.01,35.01
05/06/2024,14:30,[14:15-14:30[,S,F,F,C,C,45.01,35.01
05/06/2024,14:45,[14:30-14:45[,S,F,F,C,C,45.01,35.01
05/06/2024,15:00,[14:45-15:00[,S,F,F,C,C,45.01,35.01
05/06/2024,15:15,[15:00-15:15[,S,F,F,C,C,45.01,35.01
05/06/2024,15:30,[15:15-15:30[,S,F,F,C,C,45.01,35.01
05/06/2024,15:45,[15:30-15:45[,S,F,F,C,C,45.01,35.01
05/06/2024,16:00,[15:45-16:00[,S,F,F,C,C,45.01,35.01
05/06/2024,16:15,[16:00-16:15[,S,F,F,C,C,54.88,54.88
05/06/2024,16:30,[16:15-16:30[,S,F,F,C,C,54.88,54.88
05/06/2024,16:45,[16:30-16:45[,S,F,F,C,C,54.88,54.88
05/06/2024,17:00,[16:45-17:00[,S,F,F,C,C,54.88,54.88
05/06/2024,17:15,[17:00-17:15[,S,F,F,C,C,79.00,79.00
05/06/2024,17:30,[17:15-17:30[,S,F,F,C,C,79.00,79.00
05/06/2024,17:45,[17:30-17:45[,S,F,F,C,C,79.00,79.00
05/06/2024,18:00,[17:45-18:00[,S,F,F,C,C,79.00,79.00
05/06/2024,18:15,[18:00-18:15[,S,F,F,C,C,108.41,108.41
05/06/2024,18:30,[18:15-18:30[,S,F,F,C,C,108.41,108.41
05/06/2024,18:45,[18:30-18:45[,S,F,F,C,C,108.41,108.41
05/06/2024,19:00,[18:45-19:00[,S,F,F,C,C,108.41,108.41
05/06/2024,19:15,[19:00-19:15[,S,F,F,C,C,124.12,124.12
05/06/2024,19:30,[19:15-19:30[,S,F,F,C,C,124.12,124.12
05/06/2024,19:45,[19:30-19:45[,S,F,F,P,C,124.12,124.12
05/06/2024,20:00,[19:45-20:00[,S,F,F,P,C,124.12,124.12
05/06/2024,20:15,[20:00-20:15[,S,F,F,P,C,170.01,170.01
05/06/2024,20:30,[20:15-20:30[,S,F,F,P,C,170.01,170.01
05/06/2024,20:45,[20:30-20:45[,S,F,F,P,C,170.01,170.01
05/06/2024,21:00,[20:45-21:00[,S,F,F,P,C,170.01,170.01
05/06/2024,21:15,[21:00-21:15[,S,F,F,C,C,124.07,124.07
05/06/2024,21:30,[21:15-21:30[,S,F,F,C,C,124.07,124.07
05/06/2024,21:45,[21:30-21:45[,S,F,F,C,C,124.07,124.07
05/06/2024,22:00,[21:45-22:00[,S,F,F,C,C,124.07,124.07
05/06/2024,22:15,[22:00-22:15[,S,V,F,V,C,113.20,113.20
05/06/2024,22:30,[22:15-22:30[,S,V,F,V,C,113.20,113.20
05/06/2024,22:45,[22:30-22:45[,S,V,F,V,C,113.20,113.20
05/06/2024,23:00,[22:45-23:00[,S,V,F,V,C,113.20,113.20
05/06/2024,23:15,[23:00-23:15[,S,V,F,V,C,103.72,103.72
05/06/2024,23:30,[23:15-23:30[,S,V,F,V,C,103.72,103.72
05/06/2024,23:45,[23:30-23:45[,S,V,F,V,C,103.72,103.72
05/06/2024,23:59,[23:45-00:00[,S,V,F,V,C,103.72,103.72
06/06/2024,00:15,[00:00-00:15[,S,V,V,V,V,107.63,107.63
06/06/2024,00:30,[00:15-00:30[,S,V,V,V,V,107.63,107.63
06/06/2024,00:45,[00:30-00:45[,S,V,V,V,V,107.63,107.63
06/06/2024,01:00,[00:45-01:00[,S,V,V,V,V,107.63,107.63
06/06/2024,01:15,[01:00-01:15[,S,V,V,V,V,110.30,110.30
06/06/2024,01:30,[01:15-01:30[,S,V,V,V,V,110.30,110.30
06/06/2024,01:45,[01:30-01:45[,S,V,V,V,V,110.30,110.30
06/06/2024,02:00,[01:45-02:00[,S,V,V,V,V,110.30,110.30
06/06/2024,02:15,[02:00-02:15[,S,V,V,V,V,109.53,109.53
06/06/2024,02:30,[02:15-02:30[,S,V,V,V,V,109.53,109.53
06/06/2024,02:45,[02:30-02:45[,S,V,V,V,V,109.53,109.53
06/06/2024,03:00,[02:45-03:00[,S,V,V,V,V,109.53,109.53
06/06/2024,03:15,[03:00-03:15[,S,V,V,V,V,110.00,110.00
06/06/2024,03:30,[03:15-03:30[,S,V,V,V,V,110.00,110.00
06/06/2024,03:45,[03:30-03:45[,S,V,V,V,V,110.00,110.00
06/06/2024,04:00,[03:45-04:00[,S,V,V,V,V,110.00,110.00
06/06/2024,04:15,[04:00-04:15[,S,V,V,V,V,110.30,110.30
06/06/2024,04:30,[04:15-04:30[,S,V,V,V,V,110.30,110.30
06/06/2024,04:45,[04:30-04:45[,S,V,V,V,V,110.30,110.30
06/06/2024,05:00,[04:45-05:00[,S,V,V,V,V,110.30,110.30
06/06/2024,05:15,[05:00-05:15[,S,V,V,V,V,112.88,112.88
06/06/2024,05:30,[05:15-05:30[,S,V,V,V,V,112.88,112.88
06/06/2024,05:45,[05:30-05:45[,S,V,V,V,V,112.88,112.88
06/06/2024,06:00,[05:45-06:00[,S,V,V,V,V,112.88,112.88
06/06/2024,06:15,[06:00-06:15[,S,V,V,V,V,114.47,114.47
06/06/2024,06:30,[06:15-06:30[,S,V,V,V,V,114.47,114.47
06/06/2024,06:45,[06:30-06:45[,S,V,V,V,V,114.47,114.47
06/06/2024,07:00,[06:45-07:00[,S,V,V,V,V,114.47,114.47
06/06/2024,07:15,[07:00-07:15[,S,V,F,V,C,101.44,101.44
06/06/2024,07:30,[07:15-07:30[,S,V,F,V,C,101.44,101.44
06/06/2024,07:45,[07:30-07:45[,S,V,F,V,C,101.44,101.44
06/06/2024,08:00,[07:45-08:00[,S,V,F,V,C,101.44,101.44
06/06/2024,08:15,[08:00-08:15[,S,F,F,C,C,84.16,84.16
06/06/2024,08:30,[08:15-08:30[,S,F,F,C,C,84.16,84.16
06/06/2024,08:45,[08:30-08:45[,S,F,F,C,C,84.16,84.16
06/06/2024,09:00,[08:45-09:00[,S,F,F,C,C,84.16,84.16
06/06/2024,09:15,[09:00-09:15[,S,F,F,C,C,81.15,81.15
06/06/2024,09:30,[09:15-09:30[,S,F,F,C,P,81.15,81.15
06/06/2024,09:45,[09:30-09:45[,S,F,F,C,P,81.15,81.15
06/06/2024,10:00,[09:45-10:00[,S,F,F,C,P,81.15,81.15
06/06/2024,10:15,[10:00-10:15[,S,F,F,C,P,69.00,69.00
06/06/2024,10:30,[10:15-10:30[,S,F,F,C,P,69.00,69.00
06/06/2024,10:45,[10:30-10:45[,S,F,F,P,P,69.00,69.00
06/06/2024,11:00,[10:45-11:00[,S,F,F,P,P,69.00,69.00
06/06/2024,11:15,[11:00-11:15[,S,F,F,P,P,62.00,62.00
06/06/2024,11:30,[11:15-11:30[,S,F,F,P,P,62.00,62.00
06/06/2024,11:45,[11:30-11:45[,S,F,F,P,P,62.00,62.00
06/06/2024,12:00,[11:45-12:00[,S,F,F,P,P,62.00,62.00
06/06/2024,12:15,[12:00-12:15[,S,F,F,P,P,56.30,56.30
06/06/2024,12:30,[12:15-12:30[,S,F,F,P,C,56.30,56.30
06/06/2024,12:45,[12:30-12:45[,S,F,F,P,C,56.30,56.30
06/06/2024,13:00,[12:45-13:00[,S,F,F,P,C,56.30,56.30
06/06/2024,13:15,[13:00-13:15[,S,F,F,C,C,56.20,56.20
06/06/2024,13:30,[13:15-13:30[,S,F,F,C,C,56.20,56.20
06/06/2024,13:45,[13:30-13:45[,S,F,F,C,C,56.20,56.20
06/06/2024,14:00,[13:45-14:00[,S,F,F,C,C,56.20,56.20
06/06/2024,14:15,[14:00-14:15[,S,F,F,C,C,55.90,55.90
06/06/2024,14:30,[14:15-14:30[,S,F,F,C,C,55.90,55.90
06/06/2024,14:45,[14:30-14:45[,S,F,F,C,C,55.90,55.90
06/06/2024,15:00,[14:45-15:00[,S,F,F,C,C,55.90,55.90
06/06/2024,15:15,[15:00-15:15[,S,F,F,C,C,62.00,62.00
06/06/2024,15:30,[15:15-15:30[,S,F,F,C,C,62.00,62.00
06/06/2024,15:45,[15:30-15:45[,S,F,F,C,C,62.00,62.00
06/06/2024,16:00,[15:45-16:00[,S,F,F,C,C,62.00,62.00
06/06/2024,16:15,[16:00-16:15[,S,F,F,C,C,80.00,80.00
06/06/2024,16:30,[16:15-16:30[,S,F,F,C,C,80.00,80.00
06/06/2024,16:45,[16:30-16:45[,S,F,F,C,C,80.00,80.00
06/06/2024,17:00,[16:45-17:00[,S,F,F,C,C,80.00,80.00
06/06/2024,17:15,[17:00-17:15[,S,F,F,C,C,90.00,90.00
06/06/2024,17:30,[17:15-17:30[,S,F,F,C,C,90.00,90.00
06/06/2024,17:45,[17:30-17:45[,S,F,F,C,C,90.00,90.00
06/06/2024,18:00,[17:45-18:00[,S,F,F,C,C,90.00,90.00
06/06/2024,18:15,[18:00-18:15[,S,F,F,C,C,100.30,100.30
06/06/2024,18:30,[18:15-18:30[,S,F,F,C,C,100.30,100.30
06/06/2024,18:45,[18:30-18:45[,S,F,F,C,C,100.30,100.30
06/06/2024,19:00,[18:45-19:00[,S,F,F,C,C,100.30,100.30
06/06/2024,19:15,[19:00-19:15[,S,F,F,C,C,115.23,115.23
06/06/2024,19:30,[19:15-19:30[,S,F,F,C,C,115.23,115.23
06/06/2024,19:45,[19:30-19:45[,S,F,F,P,C,115.23,115.23
06/06/2024,20:00,[19:45-20:00[,S,F,F,P,C,115.23,115.23
06/06/2024,20:15,[20:00-20:15[,S,F,F,P,C,122.37,122.37
06/06/2024,20:30,[20:15-20:30[,S,F,F,P,C,122.37,122.37
06/06/2024,20:45,[20:30-20:45[,S,F,F,P,C,122.37,122.37
06/06/2024,21:00,[20:45-21:00[,S,F,F,P,C,122.37,122.37
06/06/2024,21:15,[21:00-21:15[,S,F,F,C,C,116.87,116.87
06/06/2024,21:30,[21:15-21:30[,S,F,F,C,C,116.87,116.87
06/06/2024,21:45,[21:30-21:45[,S,F,F,C,C,116.87,116.87
06/06/2024,22:00,[21:45-22:00[,S,F,F,C,C,116.87,116.87
06/06/2024,22:15,[22:00-22:15[,S,V,F,V,C,110.41,110.41
06/06/2024,22:30,[22:15-22:30[,S,V,F,V,C,110.41,110.41
06/06/2024,22:45,[22:30-22:45[,S,V,F,V,C,110.41,110.41
06/06/2024,23:00,[22:45-23:00[,S,V,F,V,C,110.41,110.41
06/06/2024,23:15,[23:00-23:15[,S,V,F,V,C,98.98,98.98
06/06/2024,23:30,[23:15-23:30[,S,V,F,V,C,98.98,98.98
06/06/2024,23:45,[23:30-23:45[,S,V,F,V,C,98.98,98.98
06/06/2024,23:59,[23:45-00:00[,S,V,F,V,C,98.98,98.98
07/06/2024,00:15,[00:00-00:15[,S,V,V,V,V,98.00,98.00
07/06/2024,00:30,[00:15-00:30[,S,V,V,V,V,98.00,98.00
07/06/2024,00:45,[00:30-00:45[,S,V,V,V,V,98.00,98.00
07/06/2024,01:00,[00:45-01:00[,S,V,V,V,V,98.00,98.00
07/06/2024,01:15,[01:00-01:15[,S,V,V,V,V,95.00,95.00
07/06/2024,01:30,[01:15-01:30[,S,V,V,V,V,95.00,95.00
07/06/2024,01:45,[01:30-01:45[,S,V,V,V,V,95.00,95.00
07/06/2024,02:00,[01:45-02:00[,S,V,V,V,V,95.00,95.00
07/06/2024,02:15,[02:00-02:15[,S,V,V,V,V,97.79,97.79
07/06/2024,02:30,[02:15-02:30[,S,V,V,V,V,97.79,97.79
07/06/2024,02:45,[02:30-02:45[,S,V,V,V,V,97.79,97.79
07/06/2024,03:00,[02:45-03:00[,S,V,V,V,V,97.79,97.79
07/06/2024,03:15,[03:00-03:15[,S,V,V,V,V,97.79,97.79
07/06/2024,03:30,[03:15-03:30[,S,V,V,V,V,97.79,97.79
07/06/2024,03:45,[03:30-03:45[,S,V,V,V,V,97.79,97.79
07/06/2024,04:00,[03:45-04:00[,S,V,V,V,V,97.79,97.79
07/06/2024,04:15,[04:00-04:15[,S,V,V,V,V,98.00,98.00
07/06/2024,04:30,[04:15-04:30[,S,V,V,V,V,98.00,98.00
07/06/2024,04:45,[04:30-04:45[,S,V,V,V,V,98.00,98.00
07/06/2024,05:00,[04:45-05:00[,S,V,V,V,V,98.00,98.00
07/06/2024,05:15,[05:00-05:15[,S,V,V,V,V,98.00,98.00
07/06/2024,05:30,[05:15-05:30[,S,V,V,V,V,98.00,98.00
07/06/2024,05:45,[05:30-05:45[,S,V,V,V,V,98.00,98.00
07/06/2024,06:00,[05:45-06:00[,S,V,V,V,V,98.00,98.00
07/06/2024,06:15,[06:00-06:15[,S,V,V,V,V,99.82,99.82
07/06/2024,06:30,[06:15-06:30[,S,V,V,V,V,99.82,99.82
07/06/2024,06:45,[06:30-06:45[,S,V,V,V,V,99.82,99.82
07/06/2024,07:00,[06:45-07:00[,S,V,V,V,V,99.82,99.82
07/06/2024,07:15,[07:00-07:15[,S,V,F,V,C,103.49,103.49
07/06/2024,07:30,[07:15-07:30[,S,V,F,V,C,103.49,103.49
07/06/2024,07:45,[07:30-07:45[,S,V,F,V,C,103.49,103.49
07/06/2024,08:00,[07:45-08:00[,S,V,F,V,C,103.49,103.49
07/06/2024,08:15,[08:00-08:15[,S,F,F,C,C,97.65,97.65
07/06/2024,08:30,[08:15-08:30[,S,F,F,C,C,97.65,97.65
07/06/2024,08:45,[08:30-08:45[,S,F,F,C,C,97.65,97.65
07/06/2024,09:00,[08:45-09:00[,S,F,F,C,C,97.65,97.65
07/06/2024,09:15,[09:00-09:15[,S,F,F,C,C,78.20,78.20
07/06/2024,09:30,[09:15-09:30[,S,F,F,C,P,78.20,78.20
07/06/2024,09:45,[09:30-09:45[,S,F,F,C,P,78.20,78.20
07/06/2024,10:00,[09:45-10:00[,S,F,F,C,P,78.20,78.20
07/06/2024,10:15,[10:00-10:15[,S,F,F,C,P,52.40,52.40
07/06/2024,10:30,[10:15-10:30[,S,F,F,C,P,52.40,52.40
07/06/2024,10:45,[10:30-10:45[,S,F,F,P,P,52.40,52.40
07/06/2024,11:00,[10:45-11:00[,S,F,F,P,P,52.40,52.40
07/06/2024,11:15,[11:00-11:15[,S,F,F,P,P,50.69,50.69
07/06/2024,11:30,[11:15-11:30[,S,F,F,P,P,50.69,50.69
07/06/2024,11:45,[11:30-11:45[,S,F,F,P,P,50.69,50.69
07/06/2024,12:00,[11:45-12:00[,S,F,F,P,P,50.69,50.69
07/06/2024,12:15,[12:00-12:15[,S,F,F,P,P,45.10,45.10
07/06/2024,12:30,[12:15-12:30[,S,F,F,P,C,45.10,45.10
07/06/2024,12:45,[12:30-12:45[,S,F,F,P,C,45.10,45.10
07/06/2024,13:00,[12:45-13:00[,S,F,F,P,C,45.10,45.10
07/06/2024,13:15,[13:00-13:15[,S,F,F,C,C,42.45,39.50
07/06/2024,13:30,[13:15-13:30[,S,F,F,C,C,42.45,39.50
07/06/2024,13:45,[13:30-13:45[,S,F,F,C,C,42.45,39.50
07/06/2024,14:00,[13:45-14:00[,S,F,F,C,C,42.45,39.50
07/06/2024,14:15,[14:00-14:15[,S,F,F,C,C,53.90,38.10
07/06/2024,14:30,[14:15-14:30[,S,F,F,C,C,53.90,38.10
07/06/2024,14:45,[14:30-14:45[,S,F,F,C,C,53.90,38.10
07/06/2024,15:00,[14:45-15:00[,S,F,F,C,C,53.90,38.10
07/06/2024,15:15,[15:00-15:15[,S,F,F,C,C,55.80,38.10
07/06/2024,15:30,[15:15-15:30[,S,F,F,C,C,55.80,38.10
07/06/2024,15:45,[15:30-15:45[,S,F,F,C,C,55.80,38.10
07/06/2024,16:00,[15:45-16:00[,S,F,F,C,C,55.80,38.10
07/06/2024,16:15,[16:00-16:15[,S,F,F,C,C,55.80,40.00
07/06/2024,16:30,[16:15-16:30[,S,F,F,C,C,55.80,40.00
07/06/2024,16:45,[16:30-16:45[,S,F,F,C,C,55.80,40.00
07/06/2024,17:00,[16:45-17:00[,S,F,F,C,C,55.80,40.00
07/06/2024,17:15,[17:00-17:15[,S,F,F,C,C,56.20,56.20
07/06/2024,17:30,[17:15-17:30[,S,F,F,C,C,56.20,56.20
07/06/2024,17:45,[17:30-17:45[,S,F,F,C,C,56.20,56.20
07/06/2024,18:00,[17:45-18:00[,S,F,F,C,C,56.20,56.20
07/06/2024,18:15,[18:00-18:15[,S,F,F,C,C,82.84,82.84
07/06/2024,18:30,[18:15-18:30[,S,F,F,C,C,82.84,82.84
07/06/2024,18:45,[18:30-18:45[,S,F,F,C,C,82.84,82.84
07/06/2024,19:00,[18:45-19:00[,S,F,F,C,C,82.84,82.84
07/06/2024,19:15,[19:00-19:15[,S,F,F,C,C,94.20,94.20
07/06/2024,19:30,[19:15-19:30[,S,F,F,C,C,94.20,94.20
07/06/2024,19:45,[19:30-19:45[,S,F,F,P,C,94.20,94.20
07/06/2024,20:00,[19:45-20:00[,S,F,F,P,C,94.20,94.20
07/06/2024,20:15,[20:00-20:15[,S,F,F,P,C,100.00,100.00
07/06/2024,20:30,[20:15-20:30[,S,F,F,P,C,100.00,100.00
07/06/2024,20:45,[20:30-20:45[,S,F,F,P,C,100.00,100.00
07/06/2024,21:00,[20:45-21:00[,S,F,F,P,C,100.00,100.00
07/06/2024,21:15,[21:00-21:15[,S,F,F,C,C,99.94,99.94
07/06/2024,21:30,[21:15-21:30[,S,F,F,C,C,99.94,99.94
07/06/2024,21:45,[21:30-21:45[,S,F,F,C,C,99.94,99.94
07/06/2024,22:00,[21:45-22:00[,S,F,F,C,C,99.94,99.94
07/06/2024,22:15,[22:00-22:15[,S,V,F,V,C,99.40,99.40
07/06/2024,22:30,[22:15-22:30[,S,V,F,V,C,99.40,99.40
07/06/2024,22:45,[22:30-22:45[,S,V,F,V,C,99.40,99.40
07/06/2024,23:00,[22:45-23:00[,S,V,F,V,C,99.40,99.40
07/06/2024,23:15,[23:00-23:15[,S,V,F,V,C,95.09,95.09
07/06/2024,23:30,[23:15-23:30[,S,V,F,V,C,95.09,95.09
07/06/2024,23:45,[23:30-23:45[,S,V,F,V,C,95.09,95.09
07/06/2024,23:59,[23:45-00:00[,S,V,F,V,C,95.09,95.09
08/06/2024,00:15,[00:00-00:15[,S,V,V,V,V,90.00,90.00
08/06/2024,00:30,[00:15-00:30[,S,V,V,V,V,90.00,90.00
08/06/2024,00:45,[00:30-00:45[,S,V,V,V,V,90.00,90.00
08/06/2024,01:00,[00:45-01:00[,S,V,V,V,V,90.00,90.00
08/06/2024,01:15,[01:00-01:15[,S,V,V,V,V,85.86,85.86
08/06/2024,01:30,[01:15-01:30[,S,V,V,V,V,85.86,85.86
08/06/2024,01:45,[01:30-01:45[,S,V,V,V,V,85.86,85.86
08/06/2024,02:00,[01:45-02:00[,S,V,V,V,V,85.86,85.86
08/06/2024,02:15,[02:00-02:15[,S,V,V,V,V,85.64,85.64
08/06/2024,02:30,[02:15-02:30[,S,V,V,V,V,85.64,85.64
08/06/2024,02:45,[02:30-02:45[,S,V,V,V,V,85.64,85.64
08/06/2024,03:00,[02:45-03:00[,S,V,V,V,V,85.64,85.64
08/06/2024,03:15,[03:00-03:15[,S,V,V,V,V,85.64,85.64
08/06/2024,03:30,[03:15-03:30[,S,V,V,V,V,85.64,85.64
08/06/2024,03:45,[03:30-03:45[,S,V,V,V,V,85.64,85.64
08/06/2024,04:00,[03:45-04:00[,S,V,V,V,V,85.64,85.64
08/06/2024,04:15,[04:00-04:15[,S,V,V,V,V,85.88,85.88
08/06/2024,04:30,[04:15-04:30[,S,V,V,V,V,85.88,85.88
08/06/2024,04:45,[04:30-04:45[,S,V,V,V,V,85.88,85.88
08/06/2024,05:00,[04:45-05:00[,S,V,V,V,V,85.88,85.88
08/06/2024,05:15,[05:00-05:15[,S,V,V,V,V,99.35,99.35
08/06/2024,05:30,[05:15-05:30[,S,V,V,V,V,99.35,99.35
08/06/2024,05:45,[05:30-05:45[,S,V,V,V,V,99.35,99.35
08/06/2024,06:00,[05:45-06:00[,S,V,V,V,V,99.35,99.35
08/06/2024,06:15,[06:00-06:15[,S,V,V,V,V,101.44,101.44
08/06/2024,06:30,[06:15-06:30[,S,V,V,V,V,101.44,101.44
08/06/2024,06:45,[06:30-06:45[,S,V,V,V,V,101.44,101.44
08/06/2024,07:00,[06:45-07:00[,S,V,V,V,V,101.44,101.44
08/06/2024,07:15,[07:00-07:15[,S,V,V,V,V,100.30,100.30
08/06/2024,07:30,[07:15-07:30[,S,V,V,V,V,100.30,100.30
08/06/2024,07:45,[07:30-07:45[,S,V,V,V,V,100.30,100.30
08/06/2024,08:00,[07:45-08:00[,S,V,V,V,V,100.30,100.30
08/06/2024,08:15,[08:00-08:15[,S,F,V,C,V,94.01,94.01
08/06/2024,08:30,[08:15-08:30[,S,F,V,C,V,94.01,94.01
08/06/2024,08:45,[08:30-08:45[,S,F,V,C,V,94.01,94.01
08/06/2024,09:00,[08:45-09:00[,S,F,V,C,V,94.01,94.01
08/06/2024,09:15,[09:00-09:15[,S,F,F,C,C,70.20,70.20
08/06/2024,09:30,[09:15-09:30[,S,F,F,C,C,70.20,70.20
08/06/2024,09:45,[09:30-09:45[,S,F,F,C,C,70.20,70.20
08/06/2024,10:00,[09:45-10:00[,S,F,F,C,C,70.20,70.20
08/06/2024,10:15,[10:00-10:15[,S,F,F,C,C,51.44,51.44
08/06/2024,10:30,[10:15-10:30[,S,F,F,C,C,51.44,51.44
08/06/2024,10:45,[10:30-10:45[,S,F,F,P,C,51.44,51.44
08/06/2024,11:00,[10:45-11:00[,S,F,F,P,C,51.44,51.44
08/06/2024,11:15,[11:00-11:15[,S,F,F,P,C,42.10,42.10
08/06/2024,11:30,[11:15-11:30[,S,F,F,P,C,42.10,42.10
08/06/2024,11:45,[11:30-11:45[,S,F,F,P,C,42.10,42.10
08/06/2024,12:00,[11:45-12:00[,S,F,F,P,C,42.10,42.10
08/06/2024,12:15,[12:00-12:15[,S,F,F,P,C,41.60,41.60
08/06/2024,12:30,[12:15-12:30[,S,F,F,P,C,41.60,41.60
08/06/2024,12:45,[12:30-12:45[,S,F,F,P,C,41.60,41.60
08/06/2024,13:00,[12:45-13:00[,S,F,F,P,C,41.60,41.60
08/06/2024,13:15,[13:00-13:15[,S,F,F,C,C,35.13,35.13
08/06/2024,13:30,[13:15-13:30[,S,F,F,C,C,35.13,35.13
08/06/2024,13:45,[13:30-13:45[,S,F,F,C,C,35.13,35.13
08/06/2024,14:00,[13:45-14:00[,S,F,F,C,C,35.13,35.13
08/06/2024,14:15,[14:00-14:15[,S,F,V,C,V,35.00,35.00
08/06/2024,14:30,[14:15-14:30[,S,F,V,C,V,35.00,35.00
08/06/2024,14:45,[14:30-14:45[,S,F,V,C,V,35.00,35.00
08/06/2024,15:00,[14:45-15:00[,S,F,V,C,V,35.00,35.00
08/06/2024,15:15,[15:00-15:15[,S,F,V,C,V,30.49,30.49
08/06/2024,15:30,[15:15-15:30[,S,F,V,C,V,30.49,30.49
08/06/2024,15:45,[15:30-15:45[,S,F,V,C,V,30.49,30.49
08/06/2024,16:00,[15:45-16:00[,S,F,V,C,V,30.49,30.49
08/06/2024,16:15,[16:00-16:15[,S,F,V,C,V,25.30,25.30
08/06/2024,16:30,[16:15-16:30[,S,F,V,C,V,25.30,25.30
08/06/2024,16:45,[16:30-16:45[,S,F,V,C,V,25.30,25.30
08/06/2024,17:00,[16:45-17:00[,S,F,V,C,V,25.30,25.30
08/06/2024,17:15,[17:00-17:15[,S,F,V,C,V,35.01,35.01
08/06/2024,17:30,[17:15-17:30[,S,F,V,C,V,35.01,35.01
08/06/2024,17:45,[17:30-17:45[,S,F,V,C,V,35.01,35.01
08/06/2024,18:00,[17:45-18:00[,S,F,V,C,V,35.01,35.01
08/06/2024,18:15,[18:00-18:15[,S,F,V,C,V,47.70,47.70
08/06/2024,18:30,[18:15-18:30[,S,F,V,C,V,47.70,47.70
08/06/2024,18:45,[18:30-18:45[,S,F,V,C,V,47.70,47.70
08/06/2024,19:00,[18:45-19:00[,S,F,V,C,V,47.70,47.70
08/06/2024,19:15,[19:00-19:15[,S,F,V,C,V,85.03,85.03
08/06/2024,19:30,[19:15-19:30[,S,F,V,C,V,85.03,85.03
08/06/2024,19:45,[19:30-19:45[,S,F,V,P,V,85.03,85.03
08/06/2024,20:00,[19:45-20:00[,S,F,V,P,V,85.03,85.03
08/06/2024,20:15,[20:00-20:15[,S,F,F,P,C,101.12,101.12
08/06/2024,20:30,[20:15-20:30[,S,F,F,P,C,101.12,101.12
08/06/2024,20:45,[20:30-20:45[,S,F,F,P,C,101.12,101.12
08/06/2024,21:00,[20:45-21:00[,S,F,F,P,C,101.12,101.12
08/06/2024,21:15,[21:00-21:15[,S,F,F,C,C,100.76,100.76
08/06/2024,21:30,[21:15-21:30[,S,F,F,C,C,100.76,100.76
08/06/2024,21:45,[21:30-21:45[,S,F,F,C,C,100.76,100.76
08/06/2024,22:00,[21:45-22:00[,S,F,F,C,C,100.76,100.76
08/06/2024,22:15,[22:00-22:15[,S,V,V,V,V,90.00,90.00
08/06/2024,22:30,[22:15-22:30[,S,V,V,V,V,90.00,90.00
08/06/2024,22:45,[22:30-22:45[,S,V,V,V,V,90.00,90.00
08/06/2024,23:00,[22:45-23:00[,S,V,V,V,V,90.00,90.00
08/06/2024,23:15,[23:00-23:15[,S,V,V,V,V,46.00,35.13
08/06/2024,23:30,[23:15-23:30[,S,V,V,V,V,46.00,35.13
08/06/2024,23:45,[23:30-23:45[,S,V,V,V,V,46.00,35.13
08/06/2024,23:59,[23:45-00:00[,S,V,V,V,V,46.00,35.13
09/06/2024,00:15,[00:00-00:15[,S,V,V,V,V,42.00,22.41
09/06/2024,00:30,[00:15-00:30[,S,V,V,V,V,42.00,22.41
09/06/2024,00:45,[00:30-00:45[,S,V,V,V,V,42.00,22.41
09/06/2024,01:00,[00:45-01:00[,S,V,V,V,V,42.00,22.41
09/06/2024,01:15,[01:00-01:15[,S,V,V,V,V,42.00,12.76
09/06/2024,01:30,[01:15-01:30[,S,V,V,V,V,42.00,12.76
09/06/2024,01:45,[01:30-01:45[,S,V,V,V,V,42.00,12.76
09/06/2024,02:00,[01:45-02:00[,S,V,V,V,V,42.00,12.76
09/06/2024,02:15,[02:00-02:15[,S,V,V,V,V,41.80,8.46
09/06/2024,02:30,[02:15-02:30[,S,V,V,V,V,41.80,8.46
09/06/2024,02:45,[02:30-02:45[,S,V,V,V,V,41.80,8.46
09/06/2024,03:00,[02:45-03:00[,S,V,V,V,V,41.80,8.46
09/06/2024,03:15,[03:00-03:15[,S,V,V,V,V,41.80,8.94
09/06/2024,03:30,[03:15-03:30[,S,V,V,V,V,41.80,8.94
09/06/2024,03:45,[03:30-03:45[,S,V,V,V,V,41.80,8.94
09/06/2024,04:00,[03:45-04:00[,S,V,V,V,V,41.80,8.94
09/06/2024,04:15,[04:00-04:15[,S,V,V,V,V,41.80,22.99
09/06/2024,04:30,[04:15-04:30[,S,V,V,V,V,41.80,22.99
09/06/2024,04:45,[04:30-04:45[,S,V,V,V,V,41.80,22.99
09/06/2024,05:00,[04:45-05:00[,S,V,V,V,V,41.80,22.99
09/06/2024,05:15,[05:00-05:15[,S,V,V,V,V,41.80,10.00
09/06/2024,05:30,[05:15-05:30[,S,V,V,V,V,41.80,10.00
09/06/2024,05:45,[05:30-05:45[,S,V,V,V,V,41.80,10.00
09/06/2024,06:00,[05:45-06:00[,S,V,V,V,V,41.80,10.00
09/06/2024,06:15,[06:00-06:15[,S,V,V,V,V,5.00,5.00
09/06/2024,06:30,[06:15-06:30[,S,V,V,V,V,5.00,5.00
09/06/2024,06:45,[06:30-06:45[,S,V,V,V,V,5.00,5.00
09/06/2024,07:00,[06:45-07:00[,S,V,V,V,V,5.00,5.00
09/06/2024,07:15,[07:00-07:15[,S,V,V,V,V,3.25,3.25
09/06/2024,07:30,[07:15-07:30[,S,V,V,V,V,3.25,3.25
09/06/2024,07:45,[07:30-07:45[,S,V,V,V,V,3.25,3.25
09/06/2024,08:00,[07:45-08:00[,S,V,V,V,V,3.25,3.25
09/06/2024,08:15,[08:00-08:15[,S,F,V,C,V,0.00,0.00
09/06/2024,08:30,[08:15-08:30[,S,F,V,C,V,0.00,0.00
09/06/2024,08:45,[08:30-08:45[,S,F,V,C,V,0.00,0.00
09/06/2024,09:00,[08:45-09:00[,S,F,V,C,V,0.00,0.00
09/06/2024,09:15,[09:00-09:15[,S,F,V,C,V,0.00,0.00
09/06/2024,09:30,[09:15-09:30[,S,F,V,C,V,0.00,0.00
09/06/2024,09:45,[09:30-09:45[,S,F,V,C,V,0.00,0.00
09/06/2024,10:00,[09:45-10:00[,S,F,V,C,V,0.00,0.00
09/06/2024,10:15,[10:00-10:15[,S,F,V,C,V,0.00,0.00
09/06/2024,10:30,[10:15-10:30[,S,F,V,C,V,0.00,0.00
09/06/2024,10:45,[10:30-10:45[,S,F,V,P,V,0.00,0.00
09/06/2024,11:00,[10:45-11:00[,S,F,V,P,V,0.00,0.00
09/06/2024,11:15,[11:00-11:15[,S,F,V,P,V,0.00,0.00
09/06/2024,11:30,[11:15-11:30[,S,F,V,P,V,0.00,0.00
09/06/2024,11:45,[11:30-11:45[,S,F,V,P,V,0.00,0.00
09/06/2024,12:00,[11:45-12:00[,S,F,V,P,V,0.00,0.00
09/06/2024,12:15,[12:00-12:15[,S,F,V,P,V,0.00,0.00
09/06/2024,12:30,[12:15-12:30[,S,F,V,P,V,0.00,0.00
09/06/2024,12:45,[12:30-12:45[,S,F,V,P,V,0.00,0.00
09/06/2024,13:00,[12:45-13:00[,S,F,V,P,V,0.00,0.00
09/06/2024,13:15,[13:00-13:15[,S,F,V,C,V,0.00,0.00
09/06/2024,13:30,[13:15-13:30[,S,F,V,C,V,0.00,0.00
09/06/2024,13:45,[13:30-13:45[,S,F,V,C,V,0.00,0.00
09/06/2024,14:00,[13:45-14:00[,S,F,V,C,V,0.00,0.00
09/06/2024,14:15,[14:00-14:15[,S,F,V,C,V,-0.01,-0.01
09/06/2024,14:30,[14:15-14:30[,S,F,V,C,V,-0.01,-0.01
09/06/2024,14:45,[14:30-14:45[,S,F,V,C,V,-0.01,-0.01
09/06/2024,15:00,[14:45-15:00[,S,F,V,C,V,-0.01,-0.01
09/06/2024,15:15,[15:00-15:15[,S,F,V,C,V,-0.01,-0.01
09/06/2024,15:30,[15:15-15:30[,S,F,V,C,V,-0.01,-0.01
09/06/2024,15:45,[15:30-15:45[,S,F,V,C,V,-0.01,-0.01
09/06/2024,16:00,[15:45-16:00[,S,F,V,C,V,-0.01,-0.01
09/06/2024,16:15,[16:00-16:15[,S,F,V,C,V,0.00,0.00
09/06/2024,16:30,[16:15-16:30[,S,F,V,C,V,0.00,0.00
09/06/2024,16:45,[16:30-16:45[,S,F,V,C,V,0.00,0.00
09/06/2024,17:00,[16:45-17:00[,S,F,V,C,V,0.00,0.00
09/06/2024,17:15,[17:00-17:15[,S,F,V,C,V,3.25,3.25
09/06/2024,17:30,[17:15-17:30[,S,F,V,C,V,3.25,3.25
09/06/2024,17:45,[17:30-17:45[,S,F,V,C,V,3.25,3.25
09/06/2024,18:00,[17:45-18:00[,S,F,V,C,V,3.25,3.25
09/06/2024,18:15,[18:00-18:15[,S,F,V,C,V,35.00,35.00
09/06/2024,18:30,[18:15-18:30[,S,F,V,C,V,35.00,35.00
09/06/2024,18:45,[18:30-18:45[,S,F,V,C,V,35.00,35.00
09/06/2024,19:00,[18:45-19:00[,S,F,V,C,V,35.00,35.00
09/06/2024,19:15,[19:00-19:15[,S,F,V,C,V,41.80,41.80
09/06/2024,19:30,[19:15-19:30[,S,F,V,C,V,41.80,41.80
09/06/2024,19:45,[19:30-19:45[,S,F,V,P,V,41.80,41.80
09/06/2024,20:00,[19:45-20:00[,S,F,V,P,V,41.80,41.80
09/06/2024,20:15,[20:00-20:15[,S,F,V,P,V,58.76,58.76
09/06/2024,20:30,[20:15-20:30[,S,F,V,P,V,58.76,58.76
09/06/2024,20:45,[20:30-20:45[,S,F,V,P,V,58.76,58.76
09/06/2024,21:00,[20:45-21:00[,S,F,V,P,V,58.76,58.76
09/06/2024,21:15,[21:00-21:15[,S,F,V,C,V,69.64,69.64
09/06/2024,21:30,[21:15-21:30[,S,F,V,C,V,69.64,69.64
09/06/2024,21:45,[21:30-21:45[,S,F,V,C,V,69.64,69.64
09/06/2024,22:00,[21:45-22:00[,S,F,V,C,V,69.64,69.64
09/06/2024,22:15,[22:00-22:15[,S,V,V,V,V,56.90,56.90
09/06/2024,22:30,[22:15-22:30[,S,V,V,V,V,56.90,56.90
09/06/2024,22:45,[22:30-22:45[,S,V,V,V,V,56.90,56.90
09/06/2024,23:00,[22:45-23:00[,S,V,V,V,V,56.90,56.90
09/06/2024,23:15,[23:00-23:15[,S,V,V,V,V,69.41,69.41
09/06/2024,23:30,[23:15-23:30[,S,V,V,V,V,69.41,69.41
09/06/2024,23:45,[23:30-23:45[,S,V,V,V,V,69.41,69.41
09/06/2024,23:59,[23:45-00:00[,S,V,V,V,V,69.41,69.41
10/06/2024,00:15,[00:00-00:15[,S,V,V,V,V,58.76,35.50
10/06/2024,00:30,[00:15-00:30[,S,V,V,V,V,58.76,35.50
10/06/2024,00:45,[00:30-00:45[,S,V,V,V,V,58.76,35.50
10/06/2024,01:00,[00:45-01:00[,S,V,V,V,V,58.76,35.50
10/06/2024,01:15,[01:00-01:15[,S,V,V,V,V,40.00,38.20
10/06/2024,01:30,[01:15-01:30[,S,V,V,V,V,40.00,38.20
10/06/2024,01:45,[01:30-01:45[,S,V,V,V,V,40.00,38.20
10/06/2024,02:00,[01:45-02:00[,S,V,V,V,V,40.00,38.20
10/06/2024,02:15,[02:00-02:15[,S,V,V,V,V,35.01,35.01
10/06/2024,02:30,[02:15-02:30[,S,V,V,V,V,35.01,35.01
10/06/2024,02:45,[02:30-02:45[,S,V,V,V,V,35.01,35.01
10/06/2024,03:00,[02:45-03:00[,S,V,V,V,V,35.01,35.01
10/06/2024,03:15,[03:00-03:15[,S,V,V,V,V,35.00,35.00
10/06/2024,03:30,[03:15-03:30[,S,V,V,V,V,35.00,35.00
10/06/2024,03:45,[03:30-03:45[,S,V,V,V,V,35.00,35.00
10/06/2024,04:00,[03:45-04:00[,S,V,V,V,V,35.00,35.00
10/06/2024,04:15,[04:00-04:15[,S,V,V,V,V,35.01,35.01
10/06/2024,04:30,[04:15-04:30[,S,V,V,V,V,35.01,35.01
10/06/2024,04:45,[04:30-04:45[,S,V,V,V,V,35.01,35.01
10/06/2024,05:00,[04:45-05:00[,S,V,V,V,V,35.01,35.01
10/06/2024,05:15,[05:00-05:15[,S,V,V,V,V,38.50,38.50
10/06/2024,05:30,[05:15-05:30[,S,V,V,V,V,38.50,38.50
10/06/2024,05:45,[05:30-05:45[,S,V,V,V,V,38.50,38.50
10/06/2024,06:00,[05:45-06:00[,S,V,V,V,V,38.50,38.50
10/06/2024,06:15,[06:00-06:15[,S,V,V,V,V,55.05,55.05
10/06/2024,06:30,[06:15-06:30[,S,V,V,V,V,55.05,55.05
10/06/2024,06:45,[06:30-06:45[,S,V,V,V,V,55.05,55.05
10/06/2024,07:00,[06:45-07:00[,S,V,V,V,V,55.05,55.05
10/06/2024,07:15,[07:00-07:15[,S,V,F,V,C,35.50,35.50
10/06/2024,07:30,[07:15-07:30[,S,V,F,V,C,35.50,35.50
10/06/2024,07:45,[07:30-07:45[,S,V,F,V,C,35.50,35.50
10/06/2024,08:00,[07:45-08:00[,S,V,F,V,C,35.50,35.50
10/06/2024,08:15,[08:00-08:15[,S,F,F,C,C,38.30,38.30
10/06/2024,08:30,[08:15-08:30[,S,F,F,C,C,38.30,38.30
10/06/2024,08:45,[08:30-08:45[,S,F,F,C,C,38.30,38.30
10/06/2024,09:00,[08:45-09:00[,S,F,F,C,C,38.30,38.30
10/06/2024,09:15,[09:00-09:15[,S,F,F,C,C,35.13,35.13
10/06/2024,09:30,[09:15-09:30[,S,F,F,C,P,35.13,35.13
10/06/2024,09:45,[09:30-09:45[,S,F,F,C,P,35.13,35.13
10/06/2024,10:00,[09:45-10:00[,S,F,F,C,P,35.13,35.13
10/06/2024,10:15,[10:00-10:15[,S,F,F,C,P,35.10,35.10
10/06/2024,10:30,[10:15-10:30[,S,F,F,C,P,35.10,35.10
10/06/2024,10:45,[10:30-10:45[,S,F,F,P,P,35.10,35.10
10/06/2024,11:00,[10:45-11:00[,S,F,F,P,P,35.10,35.10
10/06/2024,11:15,[11:00-11:15[,S,F,F,P,P,35.01,35.01
10/06/2024,11:30,[11:15-11:30[,S,F,F,P,P,35.01,35.01
10/06/2024,11:45,[11:30-11:45[,S,F,F,P,P,35.01,35.01
10/06/2024,12:00,[11:45-12:00[,S,F,F,P,P,35.01,35.01
10/06/2024,12:15,[12:00-12:15[,S,F,F,P,P,35.01,35.01
10/06/2024,12:30,[12:15-12:30[,S,F,F,P,C,35.01,35.01
10/06/2024,12:45,[12:30-12:45[,S,F,F,P,C,35.01,35.01
10/06/2024,13:00,[12:45-13:00[,S,F,F,P,C,35.01,35.01
10/06/2024,13:15,[13:00-13:15[,S,F,F,C,C,35.00,35.00
10/06/2024,13:30,[13:15-13:30[,S,F,F,C,C,35.00,35.00
10/06/2024,13:45,[13:30-13:45[,S,F,F,C,C,35.00,35.00
10/06/2024,14:00,[13:45-14:00[,S,F,F,C,C,35.00,35.00
10/06/2024,14:15,[14:00-14:15[,S,F,F,C,C,34.80,34.80
10/06/2024,14:30,[14:15-14:30[,S,F,F,C,C,34.80,34.80
10/06/2024,14:45,[14:30-14:45[,S,F,F,C,C,34.80,34.80
10/06/2024,15:00,[14:45-15:00[,S,F,F,C,C,34.80,34.80
10/06/2024,15:15,[15:00-15:15[,S,F,F,C,C,34.80,34.80
10/06/2024,15:30,[15:15-15:30[,S,F,F,C,C,34.80,34.80
10/06/2024,15:45,[15:30-15:45[,S,F,F,C,C,34.80,34.80
10/06/2024,16:00,[15:45-16:00[,S,F,F,C,C,34.80,34.80
10/06/2024,16:15,[16:00-16:15[,S,F,F,C,C,35.00,35.00
10/06/2024,16:30,[16:15-16:30[,S,F,F,C,C,35.00,35.00
10/06/2024,16:45,[16:30-16:45[,S,F,F,C,C,35.00,35.00
10/06/2024,17:00,[16:45-17:00[,S,F,F,C,C,35.00,35.00
10/06/2024,17:15,[17:00-17:15[,S,F,F,C,C,35.00,35.00
10/06/2024,17:30,[17:15-17:30[,S,F,F,C,C,35.00,35.00
10/06/2024,17:45,[17:30-17:45[,S,F,F,C,C,35.00,35.00
10/06/2024,18:00,[17:45-18:00[,S,F,F,C,C,35.00,35.00
10/06/2024,18:15,[18:00-18:15[,S,F,F,C,C,40.56,40.56
10/06/2024,18:30,[18:15-18:30[,S,F,F,C,C,40.56,40.56
10/06/2024,18:45,[18:30-18:45[,S,F,F,C,C,40.56,40.56
10/06/2024,19:00,[18:45-19:00[,S,F,F,C,C,40.56,40.56
10/06/2024,19:15,[19:00-19:15[,S,F,F,C,C,71.36,71.36
10/06/2024,19:30,[19:15-19:30[,S,F,F,C,C,71.36,71.36
10/06/2024,19:45,[19:30-19:45[,S,F,F,P,C,71.36,71.36
10/06/2024,20:00,[19:45-20:00[,S,F,F,P,C,71.36,71.36
10/06/2024,20:15,[20:00-20:15[,S,F,F,P,C,86.75,86.75
10/06/2024,20:30,[20:15-20:30[,S,F,F,P,C,86.75,86.75
10/06/2024,20:45,[20:30-20:45[,S,F,F,P,C,86.75,86.75
10/06/2024,21:00,[20:45-21:00[,S,F,F,P,C,86.75,86.75
10/06/2024,21:15,[21:00-21:15[,S,F,F,C,C,71.48,71.48
10/06/2024,21:30,[21:15-21:30[,S,F,F,C,C,71.48,71.48
10/06/2024,21:45,[21:30-21:45[,S,F,F,C,C,71.48,71.48
10/06/2024,22:00,[21:45-22:00[,S,F,F,C,C,71.48,71.48
10/06/2024,22:15,[22:00-22:15[,S,V,F,V,C,70.06,70.06
10/06/2024,22:30,[22:15-22:30[,S,V,F,V,C,70.06,70.06
10/06/2024,22:45,[22:30-22:45[,S,V,F,V,C,70.06,70.06
10/06/2024,23:00,[22:45-23:00[,S,V,F,V,C,70.06,70.06
10/06/2024,23:15,[23:00-23:15[,S,V,F,V,C,98.30,98.30
10/06/2024,23:30,[23:15-23:30[,S,V,F,V,C,98.30,98.30
10/06/2024,23:45,[23:30-23:45[,S,V,F,V,C,98.30,98.30
10/06/2024,23:59,[23:45-00:00[,S,V,F,V,C,98.30,98.30
11/06/2024,00:15,[00:00-00:15[,S,V,V,V,V,95.09,95.09
11/06/2024,00:30,[00:15-00:30[,S,V,V,V,V,95.09,95.09
11/06/2024,00:45,[00:30-00:45[,S,V,V,V,V,95.09,95.09
11/06/2024,01:00,[00:45-01:00[,S,V,V,V,V,95.09,95.09
11/06/2024,01:15,[01:00-01:15[,S,V,V,V,V,84.83,84.83
11/06/2024,01:30,[01:15-01:30[,S,V,V,V,V,84.83,84.83
11/06/2024,01:45,[01:30-01:45[,S,V,V,V,V,84.83,84.83
11/06/2024,02:00,[01:45-02:00[,S,V,V,V,V,84.83,84.83
11/06/2024,02:15,[02:00-02:15[,S,V,V,V,V,78.20,78.20
11/06/2024,02:30,[02:15-02:30[,S,V,V,V,V,78.20,78.20
11/06/2024,02:45,[02:30-02:45[,S,V,V,V,V,78.20,78.20
11/06/2024,03:00,[02:45-03:00[,S,V,V,V,V,78.20,78.20
11/06/2024,03:15,[03:00-03:15[,S,V,V,V,V,78.20,78.20
11/06/2024,03:30,[03:15-03:30[,S,V,V,V,V,78.20,78.20
11/06/2024,03:45,[03:30-03:45[,S,V,V,V,V,78.20,78.20
11/06/2024,04:00,[03:45-04:00[,S,V,V,V,V,78.20,78.20
11/06/2024,04:15,[04:00-04:15[,S,V,V,V,V,85.41,85.41
11/06/2024,04:30,[04:15-04:30[,S,V,V,V,V,85.41,85.41
11/06/2024,04:45,[04:30-04:45[,S,V,V,V,V,85.41,85.41
11/06/2024,05:00,[04:45-05:00[,S,V,V,V,V,85.41,85.41
11/06/2024,05:15,[05:00-05:15[,S,V,V,V,V,71.48,71.48
11/06/2024,05:30,[05:15-05:30[,S,V,V,V,V,71.48,71.48
11/06/2024,05:45,[05:30-05:45[,S,V,V,V,V,71.48,71.48
11/06/2024,06:00,[05:45-06:00[,S,V,V,V,V,71.48,71.48
11/06/2024,06:15,[06:00-06:15[,S,V,V,V,V,90.34,90.34
11/06/2024,06:30,[06:15-06:30[,S,V,V,V,V,90.34,90.34
11/06/2024,06:45,[06:30-06:45[,S,V,V,V,V,90.34,90.34
11/06/2024,07:00,[06:45-07:00[,S,V,V,V,V,90.34,90.34
11/06/2024,07:15,[07:00-07:15[,S,V,F,V,C,98.13,98.13
11/06/2024,07:30,[07:15-07:30[,S,V,F,V,C,98.13,98.13
11/06/2024,07:45,[07:30-07:45[,S,V,F,V,C,98.13,98.13
11/06/2024,08:00,[07:45-08:00[,S,V,F,V,C,98.13,98.13
11/06/2024,08:15,[08:00-08:15[,S,F,F,C,C,70.00,70.00
11/06/2024,08:30,[08:15-08:30[,S,F,F,C,C,70.00,70.00
11/06/2024,08:45,[08:30-08:45[,S,F,F,C,C,70.00,70.00
11/06/2024,09:00,[08:45-09:00[,S,F,F,C,C,70.00,70.00
11/06/2024,09:15,[09:00-09:15[,S,F,F,C,C,44.80,44.80
11/06/2024,09:30,[09:15-09:30[,S,F,F,C,P,44.80,44.80
11/06/2024,09:45,[09:30-09:45[,S,F,F,C,P,44.80,44.80
11/06/2024,10:00,[09:45-10:00[,S,F,F,C,P,44.80,44.80
11/06/2024,10:15,[10:00-10:15[,S,F,F,C,P,42.30,42.30
11/06/2024,10:30,[10:15-10:30[,S,F,F,C,P,42.30,42.30
11/06/2024,10:45,[10:30-10:45[,S,F,F,P,P,42.30,42.30
11/06/2024,11:00,[10:45-11:00[,S,F,F,P,P,42.30,42.30
11/06/2024,11:15,[11:00-11:15[,S,F,F,P,P,41.20,41.20
11/06/2024,11:30,[11:15-11:30[,S,F,F,P,P,41.20,41.20
11/06/2024,11:45,[11:30-11:45[,S,F,F,P,P,41.20,41.20
11/06/2024,12:00,[11:45-12:00[,S,F,F,P,P,41.20,41.20
11/06/2024,12:15,[12:00-12:15[,S,F,F,P,P,40.00,40.00
11/06/2024,12:30,[12:15-12:30[,S,F,F,P,C,40.00,40.00
11/06/2024,12:45,[12:30-12:45[,S,F,F,P,C,40.00,40.00
11/06/2024,13:00,[12:45-13:00[,S,F,F,P,C,40.00,40.00
11/06/2024,13:15,[13:00-13:15[,S,F,F,C,C,35.02,35.02
11/06/2024,13:30,[13:15-13:30[,S,F,F,C,C,35.02,35.02
11/06/2024,13:45,[13:30-13:45[,S,F,F,C,C,35.02,35.02
11/06/2024,14:00,[13:45-14:00[,S,F,F,C,C,35.02,35.02
11/06/2024,14:15,[14:00-14:15[,S,F,F,C,C,35.01,35.01
11/06/2024,14:30,[14:15-14:30[,S,F,F,C,C,35.01,35.01
11/06/2024,14:45,[14:30-14:45[,S,F,F,C,C,35.01,35.01
11/06/2024,15:00,[14:45-15:00[,S,F,F,C,C,35.01,35.01
11/06/2024,15:15,[15:00-15:15[,S,F,F,C,C,35.01,35.01
11/06/2024,15:30,[15:15-15:30[,S,F,F,C,C,35.01,35.01
11/06/2024,15:45,[15:30-15:45[,S,F,F,C,C,35.01,35.01
11/06/2024,16:00,[15:45-16:00[,S,F,F,C,C,35.01,35.01
11/06/2024,16:15,[16:00-16:15[,S,F,F,C,C,35.13,35.13
11/06/2024,16:30,[16:15-16:30[,S,F,F,C,C,35.13,35.13
11/06/2024,16:45,[16:30-16:45[,S,F,F,C,C,35.13,35.13
11/06/2024,17:00,[16:45-17:00[,S,F,F,C,C,35.13,35.13
11/06/2024,17:15,[17:00-17:15[,S,F,F,C,C,43.00,43.00
11/06/2024,17:30,[17:15-17:30[,S,F,F,C,C,43.00,43.00
11/06/2024,17:45,[17:30-17:45[,S,F,F,C,C,43.00,43.00
11/06/2024,18:00,[17:45-18:00[,S,F,F,C,C,43.00,43.00
11/06/2024,18:15,[18:00-18:15[,S,F,F,C,C,66.05,66.05
11/06/2024,18:30,[18:15-18:30[,S,F,F,C,C,66.05,66.05
11/06/2024,18:45,[18:30-18:45[,S,F,F,C,C,66.05,66.05
11/06/2024,19:00,[18:45-19:00[,S,F,F,C,C,66.05,66.05
11/06/2024,19:15,[19:00-19:15[,S,F,F,C,C,71.12,71.12
11/06/2024,19:30,[19:15-19:30[,S,F,F,C,C,71.12,71.12
11/06/2024,19:45,[19:30-19:45[,S,F,F,P,C,71.12,71.12
11/06/2024,20:00,[19:45-20:00[,S,F,F,P,C,71.12,71.12
11/06/2024,20:15,[20:00-20:15[,S,F,F,P,C,85.41,85.41
11/06/2024,20:30,[20:15-20:30[,S,F,F,P,C,85.41,85.41
11/06/2024,20:45,[20:30-20:45[,S,F,F,P,C,85.41,85.41
11/06/2024,21:00,[20:45-21:00[,S,F,F,P,C,85.41,85.41
11/06/2024,21:15,[21:00-21:15[,S,F,F,C,C,77.29,77.29
11/06/2024,21:30,[21:15-21:30[,S,F,F,C,C,77.29,77.29
11/06/2024,21:45,[21:30-21:45[,S,F,F,C,C,77.29,77.29
11/06/2024,22:00,[21:45-22:00[,S,F,F,C,C,77.29,77.29
11/06/2024,22:15,[22:00-22:15[,S,V,F,V,C,70.13,70.13
11/06/2024,22:30,[22:15-22:30[,S,V,F,V,C,70.13,70.13
11/06/2024,22:45,[22:30-22:45[,S,V,F,V,C,70.13,70.13
11/06/2024,23:00,[22:45-23:00[,S,V,F,V,C,70.13,70.13
11/06/2024,23:15,[23:00-23:15[,S,V,F,V,C,83.13,83.13
11/06/2024,23:30,[23:15-23:30[,S,V,F,V,C,83.13,83.13
11/06/2024,23:45,[23:30-23:45[,S,V,F,V,C,83.13,83.13
11/06/2024,23:59,[23:45-00:00[,S,V,F,V,C,83.13,83.13
12/06/2024,00:15,[00:00-00:15[,S,V,V,V,V,61.40,61.40
12/06/2024,00:30,[00:15-00:30[,S,V,V,V,V,61.40,61.40
12/06/2024,00:45,[00:30-00:45[,S,V,V,V,V,61.40,61.40
12/06/2024,01:00,[00:45-01:00[,S,V,V,V,V,61.40,61.40
12/06/2024,01:15,[01:00-01:15[,S,V,V,V,V,61.58,61.58
12/06/2024,01:30,[01:15-01:30[,S,V,V,V,V,61.58,61.58
12/06/2024,01:45,[01:30-01:45[,S,V,V,V,V,61.58,61.58
12/06/2024,02:00,[01:45-02:00[,S,V,V,V,V,61.58,61.58
12/06/2024,02:15,[02:00-02:15[,S,V,V,V,V,60.10,60.10
12/06/2024,02:30,[02:15-02:30[,S,V,V,V,V,60.10,60.10
12/06/2024,02:45,[02:30-02:45[,S,V,V,V,V,60.10,60.10
12/06/2024,03:00,[02:45-03:00[,S,V,V,V,V,60.10,60.10
12/06/2024,03:15,[03:00-03:15[,S,V,V,V,V,55.20,55.20
12/06/2024,03:30,[03:15-03:30[,S,V,V,V,V,55.20,55.20
12/06/2024,03:45,[03:30-03:45[,S,V,V,V,V,55.20,55.20
12/06/2024,04:00,[03:45-04:00[,S,V,V,V,V,55.20,55.20
12/06/2024,04:15,[04:00-04:15[,S,V,V,V,V,55.20,55.20
12/06/2024,04:30,[04:15-04:30[,S,V,V,V,V,55.20,55.20
12/06/2024,04:45,[04:30-04:45[,S,V,V,V,V,55.20,55.20
12/06/2024,05:00,[04:45-05:00[,S,V,V,V,V,55.20,55.20
12/06/2024,05:15,[05:00-05:15[,S,V,V,V,V,60.00,60.00
12/06/2024,05:30,[05:15-05:30[,S,V,V,V,V,60.00,60.00
12/06/2024,05:45,[05:30-05:45[,S,V,V,V,V,60.00,60.00
12/06/2024,06:00,[05:45-06:00[,S,V,V,V,V,60.00,60.00
12/06/2024,06:15,[06:00-06:15[,S,V,V,V,V,90.34,90.34
12/06/2024,06:30,[06:15-06:30[,S,V,V,V,V,90.34,90.34
12/06/2024,06:45,[06:30-06:45[,S,V,V,V,V,90.34,90.34
12/06/2024,07:00,[06:45-07:00[,S,V,V,V,V,90.34,90.34
12/06/2024,07:15,[07:00-07:15[,S,V,F,V,C,75.00,75.00
12/06/2024,07:30,[07:15-07:30[,S,V,F,V,C,75.00,75.00
12/06/2024,07:45,[07:30-07:45[,S,V,F,V,C,75.00,75.00
12/06/2024,08:00,[07:45-08:00[,S,V,F,V,C,75.00,75.00
12/06/2024,08:15,[08:00-08:15[,S,F,F,C,C,51.80,42.50
12/06/2024,08:30,[08:15-08:30[,S,F,F,C,C,51.80,42.50
12/06/2024,08:45,[08:30-08:45[,S,F,F,C,C,51.80,42.50
12/06/2024,09:00,[08:45-09:00[,S,F,F,C,C,51.80,42.50
12/06/2024,09:15,[09:00-09:15[,S,F,F,C,C,51.60,35.02
12/06/2024,09:30,[09:15-09:30[,S,F,F,C,P,51.60,35.02
12/06/2024,09:45,[09:30-09:45[,S,F,F,C,P,51.60,35.02
12/06/2024,10:00,[09:45-10:00[,S,F,F,C,P,51.60,35.02
12/06/2024,10:15,[10:00-10:15[,S,F,F,C,P,35.01,35.01
12/06/2024,10:30,[10:15-10:30[,S,F,F,C,P,35.01,35.01
12/06/2024,10:45,[10:30-10:45[,S,F,F,P,P,35.01,35.01
12/06/2024,11:00,[10:45-11:00[,S,F,F,P,P,35.01,35.01
12/06/2024,11:15,[11:00-11:15[,S,F,F,P,P,35.01,35.01
12/06/2024,11:30,[11:15-11:30[,S,F,F,P,P,35.01,35.01
12/06/2024,11:45,[11:30-11:45[,S,F,F,P,P,35.01,35.01
12/06/2024,12:00,[11:45-12:00[,S,F,F,P,P,35.01,35.01
12/06/2024,12:15,[12:00-12:15[,S,F,F,P,P,35.01,35.01
12/06/2024,12:30,[12:15-12:30[,S,F,F,P,C,35.01,35.01
12/06/2024,12:45,[12:30-12:45[,S,F,F,P,C,35.01,35.01
12/06/2024,13:00,[12:45-13:00[,S,F,F,P,C,35.01,35.01
12/06/2024,13:15,[13:00-13:15[,S,F,F,C,C,33.00,33.00
12/06/2024,13:30,[13:15-13:30[,S,F,F,C,C,33.00,33.00
12/06/2024,13:45,[13:30-13:45[,S,F,F,C,C,33.00,33.00
12/06/2024,14:00,[13:45-14:00[,S,F,F,C,C,33.00,33.00
12/06/2024,14:15,[14:00-14:15[,S,F,F,C,C,30.60,12.25
12/06/2024,14:30,[14:15-14:30[,S,F,F,C,C,30.60,12.25
12/06/2024,14:45,[14:30-14:45[,S,F,F,C,C,30.60,12.25
12/06/2024,15:00,[14:45-15:00[,S,F,F,C,C,30.60,12.25
12/06/2024,15:15,[15:00-15:15[,S,F,F,C,C,30.60,10.43
12/06/2024,15:30,[15:15-15:30[,S,F,F,C,C,30.60,10.43
12/06/2024,15:45,[15:30-15:45[,S,F,F,C,C,30.60,10.43
12/06/2024,16:00,[15:45-16:00[,S,F,F,C,C,30.60,10.43
12/06/2024,16:15,[16:00-16:15[,S,F,F,C,C,27.00,25.73
12/06/2024,16:30,[16:15-16:30[,S,F,F,C,C,27.00,25.73
12/06/2024,16:45,[16:30-16:45[,S,F,F,C,C,27.00,25.73
12/06/2024,17:00,[16:45-17:00[,S,F,F,C,C,27.00,25.73
12/06/2024,17:15,[17:00-17:15[,S,F,F,C,C,40.00,40.00
12/06/2024,17:30,[17:15-17:30[,S,F,F,C,C,40.00,40.00
12/06/2024,17:45,[17:30-17:45[,S,F,F,C,C,40.00,40.00
12/06/2024,18:00,[17:45-18:00[,S,F,F,C,C,40.00,40.00
12/06/2024,18:15,[18:00-18:15[,S,F,F,C,C,55.10,55.10
12/06/2024,18:30,[18:15-18:30[,S,F,F,C,C,55.10,55.10
12/06/2024,18:45,[18:30-18:45[,S,F,F,C,C,55.10,55.10
12/06/2024,19:00,[18:45-19:00[,S,F,F,C,C,55.10,55.10
12/06/2024,19:15,[19:00-19:15[,S,F,F,C,C,75.00,75.00
12/06/2024,19:30,[19:15-19:30[,S,F,F,C,C,75.00,75.00
12/06/2024,19:45,[19:30-19:45[,S,F,F,P,C,75.00,75.00
12/06/2024,20:00,[19:45-20:00[,S,F,F,P,C,75.00,75.00
12/06/2024,20:15,[20:00-20:15[,S,F,F,P,C,101.34,101.34
12/06/2024,20:30,[20:15-20:30[,S,F,F,P,C,101.34,101.34
12/06/2024,20:45,[20:30-20:45[,S,F,F,P,C,101.34,101.34
12/06/2024,21:00,[20:45-21:00[,S,F,F,P,C,101.34,101.34
12/06/2024,21:15,[21:00-21:15[,S,F,F,C,C,100.98,100.98
12/06/2024,21:30,[21:15-21:30[,S,F,F,C,C,100.98,100.98
12/06/2024,21:45,[21:30-21:45[,S,F,F,C,C,100.98,100.98
12/06/2024,22:00,[21:45-22:00[,S,F,F,C,C,100.98,100.98
12/06/2024,22:15,[22:00-22:15[,S,V,F,V,C,85.17,85.17
12/06/2024,22:30,[22:15-22:30[,S,V,F,V,C,85.17,85.17
12/06/2024,22:45,[22:30-22:45[,S,V,F,V,C,85.17,85.17
12/06/2024,23:00,[22:45-23:00[,S,V,F,V,C,85.17,85.17
12/06/2024,23:15,[23:00-23:15[,S,V,F,V,C,97.86,97.86
12/06/2024,23:30,[23:15-23:30[,S,V,F,V,C,97.86,97.86
12/06/2024,23:45,[23:30-23:45[,S,V,F,V,C,97.86,97.86
12/06/2024,23:59,[23:45-00:00[,S,V,F,V,C,97.86,97.86
13/06/2024,00:15,[00:00-00:15[,S,V,V,V,V,93.10,93.10
13/06/2024,00:30,[00:15-00:30[,S,V,V,V,V,93.10,93.10
13/06/2024,00:45,[00:30-00:45[,S,V,V,V,V,93.10,93.10
13/06/2024,01:00,[00:45-01:00[,S,V,V,V,V,93.10,93.10
13/06/2024,01:15,[01:00-01:15[,S,V,V,V,V,90.34,90.34
13/06/2024,01:30,[01:15-01:30[,S,V,V,V,V,90.34,90.34
13/06/2024,01:45,[01:30-01:45[,S,V,V,V,V,90.34,90.34
13/06/2024,02:00,[01:45-02:00[,S,V,V,V,V,90.34,90.34
13/06/2024,02:15,[02:00-02:15[,S,V,V,V,V,95.26,95.26
13/06/2024,02:30,[02:15-02:30[,S,V,V,V,V,95.26,95.26
13/06/2024,02:45,[02:30-02:45[,S,V,V,V,V,95.26,95.26
13/06/2024,03:00,[02:45-03:00[,S,V,V,V,V,95.26,95.26
13/06/2024,03:15,[03:00-03:15[,S,V,V,V,V,101.76,101.76
13/06/2024,03:30,[03:15-03:30[,S,V,V,V,V,101.76,101.76
13/06/2024,03:45,[03:30-03:45[,S,V,V,V,V,101.76,101.76
13/06/2024,04:00,[03:45-04:00[,S,V,V,V,V,101.76,101.76
13/06/2024,04:15,[04:00-04:15[,S,V,V,V,V,105.36,105.36
13/06/2024,04:30,[04:15-04:30[,S,V,V,V,V,105.36,105.36
13/06/2024,04:45,[04:30-04:45[,S,V,V,V,V,105.36,105.36
13/06/2024,05:00,[04:45-05:00[,S,V,V,V,V,105.36,105.36
13/06/2024,05:15,[05:00-05:15[,S,V,V,V,V,120.00,120.00
13/06/2024,05:30,[05:15-05:30[,S,V,V,V,V,120.00,120.00
13/06/2024,05:45,[05:30-05:45[,S,V,V,V,V,120.00,120.00
13/06/2024,06:00,[05:45-06:00[,S,V,V,V,V,120.00,120.00
13/06/2024,06:15,[06:00-06:15[,S,V,V,V,V,130.00,130.00
13/06/2024,06:30,[06:15-06:30[,S,V,V,V,V,130.00,130.00
13/06/2024,06:45,[06:30-06:45[,S,V,V,V,V,130.00,130.00
13/06/2024,07:00,[06:45-07:00[,S,V,V,V,V,130.00,130.00
13/06/2024,07:15,[07:00-07:15[,S,V,F,V,C,90.00,90.00
13/06/2024,07:30,[07:15-07:30[,S,V,F,V,C,90.00,90.00
13/06/2024,07:45,[07:30-07:45[,S,V,F,V,C,90.00,90.00
13/06/2024,08:00,[07:45-08:00[,S,V,F,V,C,90.00,90.00
13/06/2024,08:15,[08:00-08:15[,S,F,F,C,C,72.94,72.94
13/06/2024,08:30,[08:15-08:30[,S,F,F,C,C,72.94,72.94
13/06/2024,08:45,[08:30-08:45[,S,F,F,C,C,72.94,72.94
13/06/2024,09:00,[08:45-09:00[,S,F,F,C,C,72.94,72.94
13/06/2024,09:15,[09:00-09:15[,S,F,F,C,C,37.52,35.02
13/06/2024,09:30,[09:15-09:30[,S,F,F,C,P,37.52,35.02
13/06/2024,09:45,[09:30-09:45[,S,F,F,C,P,37.52,35.02
13/06/2024,10:00,[09:45-10:00[,S,F,F,C,P,37.52,35.02
13/06/2024,10:15,[10:00-10:15[,S,F,F,C,P,35.00,35.00
13/06/2024,10:30,[10:15-10:30[,S,F,F,C,P,35.00,35.00
13/06/2024,10:45,[10:30-10:45[,S,F,F,P,P,35.00,35.00
13/06/2024,11:00,[10:45-11:00[,S,F,F,P,P,35.00,35.00
13/06/2024,11:15,[11:00-11:15[,S,F,F,P,P,33.90,33.90
13/06/2024,11:30,[11:15-11:30[,S,F,F,P,P,33.90,33.90
13/06/2024,11:45,[11:30-11:45[,S,F,F,P,P,33.90,33.90
13/06/2024,12:00,[11:45-12:00[,S,F,F,P,P,33.90,33.90
13/06/2024,12:15,[12:00-12:15[,S,F,F,P,P,33.90,10.00
13/06/2024,12:30,[12:15-12:30[,S,F,F,P,C,33.90,10.00
13/06/2024,12:45,[12:30-12:45[,S,F,F,P,C,33.90,10.00
13/06/2024,13:00,[12:45-13:00[,S,F,F,P,C,33.90,10.00
13/06/2024,13:15,[13:00-13:15[,S,F,F,C,C,33.70,0.00
13/06/2024,13:30,[13:15-13:30[,S,F,F,C,C,33.70,0.00
13/06/2024,13:45,[13:30-13:45[,S,F,F,C,C,33.70,0.00
13/06/2024,14:00,[13:45-14:00[,S,F,F,C,C,33.70,0.00
13/06/2024,14:15,[14:00-14:15[,S,F,F,C,C,33.70,0.00
13/06/2024,14:30,[14:15-14:30[,S,F,F,C,C,33.70,0.00
13/06/2024,14:45,[14:30-14:45[,S,F,F,C,C,33.70,0.00
13/06/2024,15:00,[14:45-15:00[,S,F,F,C,C,33.70,0.00
13/06/2024,15:15,[15:00-15:15[,S,F,F,C,C,5.34,0.00
13/06/2024,15:30,[15:15-15:30[,S,F,F,C,C,5.34,0.00
13/06/2024,15:45,[15:30-15:45[,S,F,F,C,C,5.34,0.00
13/06/2024,16:00,[15:45-16:00[,S,F,F,C,C,5.34,0.00
13/06/2024,16:15,[16:00-16:15[,S,F,F,C,C,33.70,5.49
13/06/2024,16:30,[16:15-16:30[,S,F,F,C,C,33.70,5.49
13/06/2024,16:45,[16:30-16:45[,S,F,F,C,C,33.70,5.49
13/06/2024,17:00,[16:45-17:00[,S,F,F,C,C,33.70,5.49
13/06/2024,17:15,[17:00-17:15[,S,F,F,C,C,14.74,14.74
13/06/2024,17:30,[17:15-17:30[,S,F,F,C,C,14.74,14.74
13/06/2024,17:45,[17:30-17:45[,S,F,F,C,C,14.74,14.74
13/06/2024,18:00,[17:45-18:00[,S,F,F,C,C,14.74,14.74
13/06/2024,18:15,[18:00-18:15[,S,F,F,C,C,35.45,35.45
13/06/2024,18:30,[18:15-18:30[,S,F,F,C,C,35.45,35.45
13/06/2024,18:45,[18:30-18:45[,S,F,F,C,C,35.45,35.45
13/06/2024,19:00,[18:45-19:00[,S,F,F,C,C,35.45,35.45
13/06/2024,19:15,[19:00-19:15[,S,F,F,C,C,82.10,82.10
13/06/2024,19:30,[19:15-19:30[,S,F,F,C,C,82.10,82.10
13/06/2024,19:45,[19:30-19:45[,S,F,F,P,C,82.10,82.10
13/06/2024,20:00,[19:45-20:00[,S,F,F,P,C,82.10,82.10
13/06/2024,20:15,[20:00-20:15[,S,F,F,P,C,111.81,111.81
13/06/2024,20:30,[20:15-20:30[,S,F,F,P,C,111.81,111.81
13/06/2024,20:45,[20:30-20:45[,S,F,F,P,C,111.81,111.81
13/06/2024,21:00,[20:45-21:00[,S,F,F,P,C,111.81,111.81
13/06/2024,21:15,[21:00-21:15[,S,F,F,C,C,109.81,109.81
13/06/2024,21:30,[21:15-21:30[,S,F,F,C,C,109.81,109.81
13/06/2024,21:45,[21:30-21:45[,S,F,F,C,C,109.81,109.81
13/06/2024,22:00,[21:45-22:00[,S,F,F,C,C,109.81,109.81
13/06/2024,22:15,[22:00-22:15[,S,V,F,V,C,95.26,95.26
13/06/2024,22:30,[22:15-22:30[,S,V,F,V,C,95.26,95.26
13/06/2024,22:45,[22:30-22:45[,S,V,F,V,C,95.26,95.26
13/06/2024,23:00,[22:45-23:00[,S,V,F,V,C,95.26,95.26
13/06/2024,23:15,[23:00-23:15[,S,V,F,V,C,78.86,78.86
13/06/2024,23:30,[23:15-23:30[,S,V,F,V,C,78.86,78.86
13/06/2024,23:45,[23:30-23:45[,S,V,F,V,C,78.86,78.86
13/06/2024,23:59,[23:45-00:00[,S,V,F,V,C,78.86,78.86
14/06/2024,00:15,[00:00-00:15[,S,V,V,V,V,76.44,76.44
14/06/2024,00:30,[00:15-00:30[,S,V,V,V,V,76.44,76.44
14/06/2024,00:45,[00:30-00:45[,S,V,V,V,V,76.44,76.44
14/06/2024,01:00,[00:45-01:00[,S,V,V,V,V,76.44,76.44
14/06/2024,01:15,[01:00-01:15[,S,V,V,V,V,75.72,75.72
14/06/2024,01:30,[01:15-01:30[,S,V,V,V,V,75.72,75.72
14/06/2024,01:45,[01:30-01:45[,S,V,V,V,V,75.72,75.72
14/06/2024,02:00,[01:45-02:00[,S,V,V,V,V,75.72,75.72
14/06/2024,02:15,[02:00-02:15[,S,V,V,V,V,75.30,75.30
14/06/2024,02:30,[02:15-02:30[,S,V,V,V,V,75.30,75.30
14/06/2024,02:45,[02:30-02:45[,S,V,V,V,V,75.30,75.30
14/06/2024,03:00,[02:45-03:00[,S,V,V,V,V,75.30,75.30
14/06/2024,03:15,[03:00-03:15[,S,V,V,V,V,75.72,75.72
14/06/2024,03:30,[03:15-03:30[,S,V,V,V,V,75.72,75.72
14/06/2024,03:45,[03:30-03:45[,S,V,V,V,V,75.72,75.72
14/06/2024,04:00,[03:45-04:00[,S,V,V,V,V,75.72,75.72
14/06/2024,04:15,[04:00-04:15[,S,V,V,V,V,78.02,78.02
14/06/2024,04:30,[04:15-04:30[,S,V,V,V,V,78.02,78.02
14/06/2024,04:45,[04:30-04:45[,S,V,V,V,V,78.02,78.02
14/06/2024,05:00,[04:45-05:00[,S,V,V,V,V,78.02,78.02
14/06/2024,05:15,[05:00-05:15[,S,V,V,V,V,79.10,79.10
14/06/2024,05:30,[05:15-05:30[,S,V,V,V,V,79.10,79.10
14/06/2024,05:45,[05:30-05:45[,S,V,V,V,V,79.10,79.10
14/06/2024,06:00,[05:45-06:00[,S,V,V,V,V,79.10,79.10
14/06/2024,06:15,[06:00-06:15[,S,V,V,V,V,90.00,90.00
14/06/2024,06:30,[06:15-06:30[,S,V,V,V,V,90.00,90.00
14/06/2024,06:45,[06:30-06:45[,S,V,V,V,V,90.00,90.00
14/06/2024,07:00,[06:45-07:00[,S,V,V,V,V,90.00,90.00
14/06/2024,07:15,[07:00-07:15[,S,V,F,V,C,79.34,79.34
14/06/2024,07:30,[07:15-07:30[,S,V,F,V,C,79.34,79.34
14/06/2024,07:45,[07:30-07:45[,S,V,F,V,C,79.34,79.34
14/06/2024,08:00,[07:45-08:00[,S,V,F,V,C,79.34,79.34
14/06/2024,08:15,[08:00-08:15[,S,F,F,C,C,45.91,45.91
14/06/2024,08:30,[08:15-08:30[,S,F,F,C,C,45.91,45.91
14/06/2024,08:45,[08:30-08:45[,S,F,F,C,C,45.91,45.91
14/06/2024,09:00,[08:45-09:00[,S,F,F,C,C,45.91,45.91
14/06/2024,09:15,[09:00-09:15[,S,F,F,C,C,35.01,35.01
14/06/2024,09:30,[09:15-09:30[,S,F,F,C,P,35.01,35.01
14/06/2024,09:45,[09:30-09:45[,S,F,F,C,P,35.01,35.01
14/06/2024,10:00,[09:45-10:00[,S,F,F,C,P,35.01,35.01
14/06/2024,10:15,[10:00-10:15[,S,F,F,C,P,12.21,12.21
14/06/2024,10:30,[10:15-10:30[,S,F,F,C,P,12.21,12.21
14/06/2024,10:45,[10:30-10:45[,S,F,F,P,P,12.21,12.21
14/06/2024,11:00,[10:45-11:00[,S,F,F,P,P,12.21,12.21
14/06/2024,11:15,[11:00-11:15[,S,F,F,P,P,3.25,3.25
14/06/2024,11:30,[11:15-11:30[,S,F,F,P,P,3.25,3.25
14/06/2024,11:45,[11:30-11:45[,S,F,F,P,P,3.25,3.25
14/06/2024,12:00,[11:45-12:00[,S,F,F,P,P,3.25,3.25
14/06/2024,12:15,[12:00-12:15[,S,F,F,P,P,0.44,0.44
14/06/2024,12:30,[12:15-12:30[,S,F,F,P,C,0.44,0.44
14/06/2024,12:45,[12:30-12:45[,S,F,F,P,C,0.44,0.44
14/06/2024,13:00,[12:45-13:00[,S,F,F,P,C,0.44,0.44
14/06/2024,13:15,[13:00-13:15[,S,F,F,C,C,0.02,0.02
14/06/2024,13:30,[13:15-13:30[,S,F,F,C,C,0.02,0.02
14/06/2024,13:45,[13:30-13:45[,S,F,F,C,C,0.02,0.02
14/06/2024,14:00,[13:45-14:00[,S,F,F,C,C,0.02,0.02
14/06/2024,14:15,[14:00-14:15[,S,F,F,C,C,0.00,0.00
14/06/2024,14:30,[14:15-14:30[,S,F,F,C,C,0.00,0.00
14/06/2024,14:45,[14:30-14:45[,S,F,F,C,C,0.00,0.00
14/06/2024,15:00,[14:45-15:00[,S,F,F,C,C,0.00,0.00
14/06/2024,15:15,[15:00-15:15[,S,F,F,C,C,0.00,0.00
14/06/2024,15:30,[15:15-15:30[,S,F,F,C,C,0.00,0.00
14/06/2024,15:45,[15:30-15:45[,S,F,F,C,C,0.00,0.00
14/06/2024,16:00,[15:45-16:00[,S,F,F,C,C,0.00,0.00
14/06/2024,16:15,[16:00-16:15[,S,F,F,C,C,0.00,0.00
14/06/2024,16:30,[16:15-16:30[,S,F,F,C,C,0.00,0.00
14/06/2024,16:45,[16:30-16:45[,S,F,F,C,C,0.00,0.00
14/06/2024,17:00,[16:45-17:00[,S,F,F,C,C,0.00,0.00
14/06/2024,17:15,[17:00-17:15[,S,F,F,C,C,0.96,0.96
14/06/2024,17:30,[17:15-17:30[,S,F,F,C,C,0.96,0.96
14/06/2024,17:45,[17:30-17:45[,S,F,F,C,C,0.96,0.96
14/06/2024,18:00,[17:45-18:00[,S,F,F,C,C,0.96,0.96
14/06/2024,18:15,[18:00-18:15[,S,F,F,C,C,7.00,7.00
14/06/2024,18:30,[18:15-18:30[,S,F,F,C,C,7.00,7.00
14/06/2024,18:45,[18:30-18:45[,S,F,F,C,C,7.00,7.00
14/06/2024,19:00,[18:45-19:00[,S,F,F,C,C,7.00,7.00
14/06/2024,19:15,[19:00-19:15[,S,F,F,C,C,35.02,35.02
14/06/2024,19:30,[19:15-19:30[,S,F,F,C,C,35.02,35.02
14/06/2024,19:45,[19:30-19:45[,S,F,F,P,C,35.02,35.02
14/06/2024,20:00,[19:45-20:00[,S,F,F,P,C,35.02,35.02
14/06/2024,20:15,[20:00-20:15[,S,F,F,P,C,75.72,75.72
14/06/2024,20:30,[20:15-20:30[,S,F,F,P,C,75.72,75.72
14/06/2024,20:45,[20:30-20:45[,S,F,F,P,C,75.72,75.72
14/06/2024,21:00,[20:45-21:00[,S,F,F,P,C,75.72,75.72
14/06/2024,21:15,[21:00-21:15[,S,F,F,C,C,76.44,76.44
14/06/2024,21:30,[21:15-21:30[,S,F,F,C,C,76.44,76.44
14/06/2024,21:45,[21:30-21:45[,S,F,F,C,C,76.44,76.44
14/06/2024,22:00,[21:45-22:00[,S,F,F,C,C,76.44,76.44
14/06/2024,22:15,[22:00-22:15[,S,V,F,V,C,49.36,49.36
14/06/2024,22:30,[22:15-22:30[,S,V,F,V,C,49.36,49.36
14/06/2024,22:45,[22:30-22:45[,S,V,F,V,C,49.36,49.36
14/06/2024,23:00,[22:45-23:00[,S,V,F,V,C,49.36,49.36
14/06/2024,23:15,[23:00-23:15[,S,V,F,V,C,38.10,38.10
14/06/2024,23:30,[23:15-23:30[,S,V,F,V,C,38.10,38.10
14/06/2024,23:45,[23:30-23:45[,S,V,F,V,C,38.10,38.10
14/06/2024,23:59,[23:45-00:00[,S,V,F,V,C,38.10,38.10
15/06/2024,00:15,[00:00-00:15[,S,V,V,V,V,35.02,35.02
15/06/2024,00:30,[00:15-00:30[,S,V,V,V,V,35.02,35.02
15/06/2024,00:45,[00:30-00:45[,S,V,V,V,V,35.02,35.02
15/06/2024,01:00,[00:45-01:00[,S,V,V,V,V,35.02,35.02
15/06/2024,01:15,[01:00-01:15[,S,V,V,V,V,35.02,35.02
15/06/2024,01:30,[01:15-01:30[,S,V,V,V,V,35.02,35.02
15/06/2024,01:45,[01:30-01:45[,S,V,V,V,V,35.02,35.02
15/06/2024,02:00,[01:45-02:00[,S,V,V,V,V,35.02,35.02
15/06/2024,02:15,[02:00-02:15[,S,V,V,V,V,35.02,35.02
15/06/2024,02:30,[02:15-02:30[,S,V,V,V,V,35.02,35.02
15/06/2024,02:45,[02:30-02:45[,S,V,V,V,V,35.02,35.02
15/06/2024,03:00,[02:45-03:00[,S,V,V,V,V,35.02,35.02
15/06/2024,03:15,[03:00-03:15[,S,V,V,V,V,35.02,35.02
15/06/2024,03:30,[03:15-03:30[,S,V,V,V,V,35.02,35.02
15/06/2024,03:45,[03:30-03:45[,S,V,V,V,V,35.02,35.02
15/06/2024,04:00,[03:45-04:00[,S,V,V,V,V,35.02,35.02
15/06/2024,04:15,[04:00-04:15[,S,V,V,V,V,35.02,35.02
15/06/2024,04:30,[04:15-04:30[,S,V,V,V,V,35.02,35.02
15/06/2024,04:45,[04:30-04:45[,S,V,V,V,V,35.02,35.02
15/06/2024,05:00,[04:45-05:00[,S,V,V,V,V,35.02,35.02
15/06/2024,05:15,[05:00-05:15[,S,V,V,V,V,35.02,35.02
15/06/2024,05:30,[05:15-05:30[,S,V,V,V,V,35.02,35.02
15/06/2024,05:45,[05:30-05:45[,S,V,V,V,V,35.02,35.02
15/06/2024,06:00,[05:45-06:00[,S,V,V,V,V,35.02,35.02
15/06/2024,06:15,[06:00-06:15[,S,V,V,V,V,35.01,35.01
15/06/2024,06:30,[06:15-06:30[,S,V,V,V,V,35.01,35.01
15/06/2024,06:45,[06:30-06:45[,S,V,V,V,V,35.01,35.01
15/06/2024,07:00,[06:45-07:00[,S,V,V,V,V,35.01,35.01
15/06/2024,07:15,[07:00-07:15[,S,V,V,V,V,17.80,17.80
15/06/2024,07:30,[07:15-07:30[,S,V,V,V,V,17.80,17.80
15/06/2024,07:45,[07:30-07:45[,S,V,V,V,V,17.80,17.80
15/06/2024,08:00,[07:45-08:00[,S,V,V,V,V,17.80,17.80
15/06/2024,08:15,[08:00-08:15[,S,F,V,C,V,0.00,0.00
15/06/2024,08:30,[08:15-08:30[,S,F,V,C,V,0.00,0.00
15/06/2024,08:45,[08:30-08:45[,S,F,V,C,V,0.00,0.00
15/06/2024,09:00,[08:45-09:00[,S,F,V,C,V,0.00,0.00
15/06/2024,09:15,[09:00-09:15[,S,F,F,C,C,-0.01,-0.01
15/06/2024,09:30,[09:15-09:30[,S,F,F,C,C,-0.01,-0.01
15/06/2024,09:45,[09:30-09:45[,S,F,F,C,C,-0.01,-0.01
15/06/2024,10:00,[09:45-10:00[,S,F,F,C,C,-0.01,-0.01
15/06/2024,10:15,[10:00-10:15[,S,F,F,C,C,-0.60,-0.60
15/06/2024,10:30,[10:15-10:30[,S,F,F,C,C,-0.60,-0.60
15/06/2024,10:45,[10:30-10:45[,S,F,F,P,C,-0.60,-0.60
15/06/2024,11:00,[10:45-11:00[,S,F,F,P,C,-0.60,-0.60
15/06/2024,11:15,[11:00-11:15[,S,F,F,P,C,-0.25,-0.25
15/06/2024,11:30,[11:15-11:30[,S,F,F,P,C,-0.25,-0.25
15/06/2024,11:45,[11:30-11:45[,S,F,F,P,C,-0.25,-0.25
15/06/2024,12:00,[11:45-12:00[,S,F,F,P,C,-0.25,-0.25
15/06/2024,12:15,[12:00-12:15[,S,F,F,P,C,-0.50,-0.50
15/06/2024,12:30,[12:15-12:30[,S,F,F,P,C,-0.50,-0.50
15/06/2024,12:45,[12:30-12:45[,S,F,F,P,C,-0.50,-0.50
15/06/2024,13:00,[12:45-13:00[,S,F,F,P,C,-0.50,-0.50
15/06/2024,13:15,[13:00-13:15[,S,F,F,C,C,-0.60,-0.60
15/06/2024,13:30,[13:15-13:30[,S,F,F,C,C,-0.60,-0.60
15/06/2024,13:45,[13:30-13:45[,S,F,F,C,C,-0.60,-0.60
15/06/2024,14:00,[13:45-14:00[,S,F,F,C,C,-0.60,-0.60
15/06/2024,14:15,[14:00-14:15[,S,F,V,C,V,-0.72,-0.72
15/06/2024,14:30,[14:15-14:30[,S,F,V,C,V,-0.72,-0.72
15/06/2024,14:45,[14:30-14:45[,S,F,V,C,V,-0.72,-0.72
15/06/2024,15:00,[14:45-15:00[,S,F,V,C,V,-0.72,-0.72
15/06/2024,15:15,[15:00-15:15[,S,F,V,C,V,-0.79,-0.79
15/06/2024,15:30,[15:15-15:30[,S,F,V,C,V,-0.79,-0.79
15/06/2024,15:45,[15:30-15:45[,S,F,V,C,V,-0.79,-0.79
15/06/2024,16:00,[15:45-16:00[,S,F,V,C,V,-0.79,-0.79
15/06/2024,16:15,[16:00-16:15[,S,F,V,C,V,-0.62,-0.62
15/06/2024,16:30,[16:15-16:30[,S,F,V,C,V,-0.62,-0.62
15/06/2024,16:45,[16:30-16:45[,S,F,V,C,V,-0.62,-0.62
15/06/2024,17:00,[16:45-17:00[,S,F,V,C,V,-0.62,-0.62
15/06/2024,17:15,[17:00-17:15[,S,F,V,C,V,0.00,0.00
15/06/2024,17:30,[17:15-17:30[,S,F,V,C,V,0.00,0.00
15/06/2024,17:45,[17:30-17:45[,S,F,V,C,V,0.00,0.00
15/06/2024,18:00,[17:45-18:00[,S,F,V,C,V,0.00,0.00
15/06/2024,18:15,[18:00-18:15[,S,F,V,C,V,9.59,9.59
15/06/2024,18:30,[18:15-18:30[,S,F,V,C,V,9.59,9.59
15/06/2024,18:45,[18:30-18:45[,S,F,V,C,V,9.59,9.59
15/06/2024,19:00,[18:45-19:00[,S,F,V,C,V,9.59,9.59
15/06/2024,19:15,[19:00-19:15[,S,F,V,C,V,35.01,35.01
15/06/2024,19:30,[19:15-19:30[,S,F,V,C,V,35.01,35.01
15/06/2024,19:45,[19:30-19:45[,S,F,V,P,V,35.01,35.01
15/06/2024,20:00,[19:45-20:00[,S,F,V,P,V,35.01,35.01
15/06/2024,20:15,[20:00-20:15[,S,F,F,P,C,41.64,41.64
15/06/2024,20:30,[20:15-20:30[,S,F,F,P,C,41.64,41.64
15/06/2024,20:45,[20:30-20:45[,S,F,F,P,C,41.64,41.64
15/06/2024,21:00,[20:45-21:00[,S,F,F,P,C,41.64,41.64
15/06/2024,21:15,[21:00-21:15[,S,F,F,C,C,47.70,47.70
15/06/2024,21:30,[21:15-21:30[,S,F,F,C,C,47.70,47.70
15/06/2024,21:45,[21:30-21:45[,S,F,F,C,C,47.70,47.70
15/06/2024,22:00,[21:45-22:00[,S,F,F,C,C,47.70,47.70
15/06/2024,22:15,[22:00-22:15[,S,V,V,V,V,41.76,41.76
15/06/2024,22:30,[22:15-22:30[,S,V,V,V,V,41.76,41.76
15/06/2024,22:45,[22:30-22:45[,S,V,V,V,V,41.76,41.76
15/06/2024,23:00,[22:45-23:00[,S,V,V,V,V,41.76,41.76
15/06/2024,23:15,[23:00-23:15[,S,V,V,V,V,35.01,35.01
15/06/2024,23:30,[23:15-23:30[,S,V,V,V,V,35.01,35.01
15/06/2024,23:45,[23:30-23:45[,S,V,V,V,V,35.01,35.01
15/06/2024,23:59,[23:45-00:00[,S,V,V,V,V,35.01,35.01
16/06/2024,00:15,[00:00-00:15[,S,V,V,V,V,35.00,35.00
16/06/2024,00:30,[00:15-00:30[,S,V,V,V,V,35.00,35.00
16/06/2024,00:45,[00:30-00:45[,S,V,V,V,V,35.00,35.00
16/06/2024,01:00,[00:45-01:00[,S,V,V,V,V,35.00,35.00
16/06/2024,01:15,[01:00-01:15[,S,V,V,V,V,35.00,35.00
16/06/2024,01:30,[01:15-01:30[,S,V,V,V,V,35.00,35.00
16/06/2024,01:45,[01:30-01:45[,S,V,V,V,V,35.00,35.00
16/06/2024,02:00,[01:45-02:00[,S,V,V,V,V,35.00,35.00
16/06/2024,02:15,[02:00-02:15[,S,V,V,V,V,35.00,35.00
16/06/2024,02:30,[02:15-02:30[,S,V,V,V,V,35.00,35.00
16/06/2024,02:45,[02:30-02:45[,S,V,V,V,V,35.00,35.00
16/06/2024,03:00,[02:45-03:00[,S,V,V,V,V,35.00,35.00
16/06/2024,03:15,[03:00-03:15[,S,V,V,V,V,35.00,35.00
16/06/2024,03:30,[03:15-03:30[,S,V,V,V,V,35.00,35.00
16/06/2024,03:45,[03:30-03:45[,S,V,V,V,V,35.00,35.00
16/06/2024,04:00,[03:45-04:00[,S,V,V,V,V,35.00,35.00
16/06/2024,04:15,[04:00-04:15[,S,V,V,V,V,35.00,35.00
16/06/2024,04:30,[04:15-04:30[,S,V,V,V,V,35.00,35.00
16/06/2024,04:45,[04:30-04:45[,S,V,V,V,V,35.00,35.00
16/06/2024,05:00,[04:45-05:00[,S,V,V,V,V,35.00,35.00
16/06/2024,05:15,[05:00-05:15[,S,V,V,V,V,35.01,35.01
16/06/2024,05:30,[05:15-05:30[,S,V,V,V,V,35.01,35.01
16/06/2024,05:45,[05:30-05:45[,S,V,V,V,V,35.01,35.01
16/06/2024,06:00,[05:45-06:00[,S,V,V,V,V,35.01,35.01
16/06/2024,06:15,[06:00-06:15[,S,V,V,V,V,18.50,18.50
16/06/2024,06:30,[06:15-06:30[,S,V,V,V,V,18.50,18.50
16/06/2024,06:45,[06:30-06:45[,S,V,V,V,V,18.50,18.50
16/06/2024,07:00,[06:45-07:00[,S,V,V,V,V,18.50,18.50
16/06/2024,07:15,[07:00-07:15[,S,V,V,V,V,0.00,0.00
16/06/2024,07:30,[07:15-07:30[,S,V,V,V,V,0.00,0.00
16/06/2024,07:45,[07:30-07:45[,S,V,V,V,V,0.00,0.00
16/06/2024,08:00,[07:45-08:00[,S,V,V,V,V,0.00,0.00
16/06/2024,08:15,[08:00-08:15[,S,F,V,C,V,-0.62,-0.62
16/06/2024,08:30,[08:15-08:30[,S,F,V,C,V,-0.62,-0.62
16/06/2024,08:45,[08:30-08:45[,S,F,V,C,V,-0.62,-0.62
16/06/2024,09:00,[08:45-09:00[,S,F,V,C,V,-0.62,-0.62
16/06/2024,09:15,[09:00-09:15[,S,F,V,C,V,-1.01,-1.01
16/06/2024,09:30,[09:15-09:30[,S,F,V,C,V,-1.01,-1.01
16/06/2024,09:45,[09:30-09:45[,S,F,V,C,V,-1.01,-1.01
16/06/2024,10:00,[09:45-10:00[,S,F,V,C,V,-1.01,-1.01
16/06/2024,10:15,[10:00-10:15[,S,F,V,C,V,3.17,-2.00
16/06/2024,10:30,[10:15-10:30[,S,F,V,C,V,3.17,-2.00
16/06/2024,10:45,[10:30-10:45[,S,F,V,P,V,3.17,-2.00
16/06/2024,11:00,[10:45-11:00[,S,F,V,P,V,3.17,-2.00
16/06/2024,11:15,[11:00-11:15[,S,F,V,P,V,2.43,-2.00
16/06/2024,11:30,[11:15-11:30[,S,F,V,P,V,2.43,-2.00
16/06/2024,11:45,[11:30-11:45[,S,F,V,P,V,2.43,-2.00
16/06/2024,12:00,[11:45-12:00[,S,F,V,P,V,2.43,-2.00
16/06/2024,12:15,[12:00-12:15[,S,F,V,P,V,0.00,-2.00
16/06/2024,12:30,[12:15-12:30[,S,F,V,P,V,0.00,-2.00
16/06/2024,12:45,[12:30-12:45[,S,F,V,P,V,0.00,-2.00
16/06/2024,13:00,[12:45-13:00[,S,F,V,P,V,0.00,-2.00
16/06/2024,13:15,[13:00-13:15[,S,F,V,C,V,-1.00,-2.00
16/06/2024,13:30,[13:15-13:30[,S,F,V,C,V,-1.00,-2.00
16/06/2024,13:45,[13:30-13:45[,S,F,V,C,V,-1.00,-2.00
16/06/2024,14:00,[13:45-14:00[,S,F,V,C,V,-1.00,-2.00
16/06/2024,14:15,[14:00-14:15[,S,F,V,C,V,-2.00,-2.00
16/06/2024,14:30,[14:15-14:30[,S,F,V,C,V,-2.00,-2.00
16/06/2024,14:45,[14:30-14:45[,S,F,V,C,V,-2.00,-2.00
16/06/2024,15:00,[14:45-15:00[,S,F,V,C,V,-2.00,-2.00
16/06/2024,15:15,[15:00-15:15[,S,F,V,C,V,-2.00,-2.00
16/06/2024,15:30,[15:15-15:30[,S,F,V,C,V,-2.00,-2.00
16/06/2024,15:45,[15:30-15:45[,S,F,V,C,V,-2.00,-2.00
16/06/2024,16:00,[15:45-16:00[,S,F,V,C,V,-2.00,-2.00
16/06/2024,16:15,[16:00-16:15[,S,F,V,C,V,-0.85,-0.85
16/06/2024,16:30,[16:15-16:30[,S,F,V,C,V,-0.85,-0.85
16/06/2024,16:45,[16:30-16:45[,S,F,V,C,V,-0.85,-0.85
16/06/2024,17:00,[16:45-17:00[,S,F,V,C,V,-0.85,-0.85
16/06/2024,17:15,[17:00-17:15[,S,F,V,C,V,-0.01,-0.01
16/06/2024,17:30,[17:15-17:30[,S,F,V,C,V,-0.01,-0.01
16/06/2024,17:45,[17:30-17:45[,S,F,V,C,V,-0.01,-0.01
16/06/2024,18:00,[17:45-18:00[,S,F,V,C,V,-0.01,-0.01
16/06/2024,18:15,[18:00-18:15[,S,F,V,C,V,3.25,3.25
16/06/2024,18:30,[18:15-18:30[,S,F,V,C,V,3.25,3.25
16/06/2024,18:45,[18:30-18:45[,S,F,V,C,V,3.25,3.25
16/06/2024,19:00,[18:45-19:00[,S,F,V,C,V,3.25,3.25
16/06/2024,19:15,[19:00-19:15[,S,F,V,C,V,16.80,16.80
16/06/2024,19:30,[19:15-19:30[,S,F,V,C,V,16.80,16.80
16/06/2024,19:45,[19:30-19:45[,S,F,V,P,V,16.80,16.80
16/06/2024,20:00,[19:45-20:00[,S,F,V,P,V,16.80,16.80
16/06/2024,20:15,[20:00-20:15[,S,F,V,P,V,35.02,35.02
16/06/2024,20:30,[20:15-20:30[,S,F,V,P,V,35.02,35.02
16/06/2024,20:45,[20:30-20:45[,S,F,V,P,V,35.02,35.02
16/06/2024,21:00,[20:45-21:00[,S,F,V,P,V,35.02,35.02
16/06/2024,21:15,[21:00-21:15[,S,F,V,C,V,41.26,41.26
16/06/2024,21:30,[21:15-21:30[,S,F,V,C,V,41.26,41.26
16/06/2024,21:45,[21:30-21:45[,S,F,V,C,V,41.26,41.26
16/06/2024,22:00,[21:45-22:00[,S,F,V,C,V,41.26,41.26
16/06/2024,22:15,[22:00-22:15[,S,V,V,V,V,41.62,41.62
16/06/2024,22:30,[22:15-22:30[,S,V,V,V,V,41.62,41.62
16/06/2024,22:45,[22:30-22:45[,S,V,V,V,V,41.62,41.62
16/06/2024,23:00,[22:45-23:00[,S,V,V,V,V,41.62,41.62
16/06/2024,23:15,[23:00-23:15[,S,V,V,V,V,41.49,41.49
16/06/2024,23:30,[23:15-23:30[,S,V,V,V,V,41.49,41.49
16/06/2024,23:45,[23:30-23:45[,S,V,V,V,V,41.49,41.49
16/06/2024,23:59,[23:45-00:00[,S,V,V,V,V,41.49,41.49
17/06/2024,00:15,[00:00-00:15[,S,V,V,V,V,35.01,35.01
17/06/2024,00:30,[00:15-00:30[,S,V,V,V,V,35.01,35.01
17/06/2024,00:45,[00:30-00:45[,S,V,V,V,V,35.01,35.01
17/06/2024,01:00,[00:45-01:00[,S,V,V,V,V,35.01,35.01
17/06/2024,01:15,[01:00-01:15[,S,V,V,V,V,35.00,35.00
17/06/2024,01:30,[01:15-01:30[,S,V,V,V,V,35.00,35.00
17/06/2024,01:45,[01:30-01:45[,S,V,V,V,V,35.00,35.00
17/06/2024,02:00,[01:45-02:00[,S,V,V,V,V,35.00,35.00
17/06/2024,02:15,[02:00-02:15[,S,V,V,V,V,35.00,35.00
17/06/2024,02:30,[02:15-02:30[,S,V,V,V,V,35.00,35.00
17/06/2024,02:45,[02:30-02:45[,S,V,V,V,V,35.00,35.00
17/06/2024,03:00,[02:45-03:00[,S,V,V,V,V,35.00,35.00
17/06/2024,03:15,[03:00-03:15[,S,V,V,V,V,32.00,32.00
17/06/2024,03:30,[03:15-03:30[,S,V,V,V,V,32.00,32.00
17/06/2024,03:45,[03:30-03:45[,S,V,V,V,V,32.00,32.00
17/06/2024,04:00,[03:45-04:00[,S,V,V,V,V,32.00,32.00
17/06/2024,04:15,[04:00-04:15[,S,V,V,V,V,35.00,35.00
17/06/2024,04:30,[04:15-04:30[,S,V,V,V,V,35.00,35.00
17/06/2024,04:45,[04:30-04:45[,S,V,V,V,V,35.00,35.00
17/06/2024,05:00,[04:45-05:00[,S,V,V,V,V,35.00,35.00
17/06/2024,05:15,[05:00-05:15[,S,V,V,V,V,35.01,35.01
17/06/2024,05:30,[05:15-05:30[,S,V,V,V,V,35.01,35.01
17/06/2024,05:45,[05:30-05:45[,S,V,V,V,V,35.01,35.01
17/06/2024,06:00,[05:45-06:00[,S,V,V,V,V,35.01,35.01
17/06/2024,06:15,[06:00-06:15[,S,V,V,V,V,46.50,46.50
17/06/2024,06:30,[06:15-06:30[,S,V,V,V,V,46.50,46.50
17/06/2024,06:45,[06:30-06:45[,S,V,V,V,V,46.50,46.50
17/06/2024,07:00,[06:45-07:00[,S,V,V,V,V,46.50,46.50
17/06/2024,07:15,[07:00-07:15[,S,V,F,V,C,46.50,46.50
17/06/2024,07:30,[07:15-07:30[,S,V,F,V,C,46.50,46.50
17/06/2024,07:45,[07:30-07:45[,S,V,F,V,C,46.50,46.50
17/06/2024,08:00,[07:45-08:00[,S,V,F,V,C,46.50,46.50
17/06/2024,08:15,[08:00-08:15[,S,F,F,C,C,35.01,35.01
17/06/2024,08:30,[08:15-08:30[,S,F,F,C,C,35.01,35.01
17/06/2024,08:45,[08:30-08:45[,S,F,F,C,C,35.01,35.01
17/06/2024,09:00,[08:45-09:00[,S,F,F,C,C,35.01,35.01
17/06/2024,09:15,[09:00-09:15[,S,F,F,C,C,22.28,22.28
17/06/2024,09:30,[09:15-09:30[,S,F,F,C,P,22.28,22.28
17/06/2024,09:45,[09:30-09:45[,S,F,F,C,P,22.28,22.28
17/06/2024,10:00,[09:45-10:00[,S,F,F,C,P,22.28,22.28
17/06/2024,10:15,[10:00-10:15[,S,F,F,C,P,21.30,3.25
17/06/2024,10:30,[10:15-10:30[,S,F,F,C,P,21.30,3.25
17/06/2024,10:45,[10:30-10:45[,S,F,F,P,P,21.30,3.25
17/06/2024,11:00,[10:45-11:00[,S,F,F,P,P,21.30,3.25
17/06/2024,11:15,[11:00-11:15[,S,F,F,P,P,21.30,1.50
17/06/2024,11:30,[11:15-11:30[,S,F,F,P,P,21.30,1.50
17/06/2024,11:45,[11:30-11:45[,S,F,F,P,P,21.30,1.50
17/06/2024,12:00,[11:45-12:00[,S,F,F,P,P,21.30,1.50
17/06/2024,12:15,[12:00-12:15[,S,F,F,P,P,20.90,0.44
17/06/2024,12:30,[12:15-12:30[,S,F,F,P,C,20.90,0.44
17/06/2024,12:45,[12:30-12:45[,S,F,F,P,C,20.90,0.44
17/06/2024,13:00,[12:45-13:00[,S,F,F,P,C,20.90,0.44
17/06/2024,13:15,[13:00-13:15[,S,F,F,C,C,10.00,0.00
17/06/2024,13:30,[13:15-13:30[,S,F,F,C,C,10.00,0.00
17/06/2024,13:45,[13:30-13:45[,S,F,F,C,C,10.00,0.00
17/06/2024,14:00,[13:45-14:00[,S,F,F,C,C,10.00,0.00
17/06/2024,14:15,[14:00-14:15[,S,F,F,C,C,0.00,0.00
17/06/2024,14:30,[14:15-14:30[,S,F,F,C,C,0.00,0.00
17/06/2024,14:45,[14:30-14:45[,S,F,F,C,C,0.00,0.00
17/06/2024,15:00,[14:45-15:00[,S,F,F,C,C,0.00,0.00
17/06/2024,15:15,[15:00-15:15[,S,F,F,C,C,0.00,0.00
17/06/2024,15:30,[15:15-15:30[,S,F,F,C,C,0.00,0.00
17/06/2024,15:45,[15:30-15:45[,S,F,F,C,C,0.00,0.00
17/06/2024,16:00,[15:45-16:00[,S,F,F,C,C,0.00,0.00
17/06/2024,16:15,[16:00-16:15[,S,F,F,C,C,0.44,0.44
17/06/2024,16:30,[16:15-16:30[,S,F,F,C,C,0.44,0.44
17/06/2024,16:45,[16:30-16:45[,S,F,F,C,C,0.44,0.44
17/06/2024,17:00,[16:45-17:00[,S,F,F,C,C,0.44,0.44
17/06/2024,17:15,[17:00-17:15[,S,F,F,C,C,3.25,3.25
17/06/2024,17:30,[17:15-17:30[,S,F,F,C,C,3.25,3.25
17/06/2024,17:45,[17:30-17:45[,S,F,F,C,C,3.25,3.25
17/06/2024,18:00,[17:45-18:00[,S,F,F,C,C,3.25,3.25
17/06/2024,18:15,[18:00-18:15[,S,F,F,C,C,21.72,21.72
17/06/2024,18:30,[18:15-18:30[,S,F,F,C,C,21.72,21.72
17/06/2024,18:45,[18:30-18:45[,S,F,F,C,C,21.72,21.72
17/06/2024,19:00,[18:45-19:00[,S,F,F,C,C,21.72,21.72
17/06/2024,19:15,[19:00-19:15[,S,F,F,C,C,46.38,46.38
17/06/2024,19:30,[19:15-19:30[,S,F,F,C,C,46.38,46.38
17/06/2024,19:45,[19:30-19:45[,S,F,F,P,C,46.38,46.38
17/06/2024,20:00,[19:45-20:00[,S,F,F,P,C,46.38,46.38
17/06/2024,20:15,[20:00-20:15[,S,F,F,P,C,72.75,72.75
17/06/2024,20:30,[20:15-20:30[,S,F,F,P,C,72.75,72.75
17/06/2024,20:45,[20:30-20:45[,S,F,F,P,C,72.75,72.75
17/06/2024,21:00,[20:45-21:00[,S,F,F,P,C,72.75,72.75
17/06/2024,21:15,[21:00-21:15[,S,F,F,C,C,91.27,91.27
17/06/2024,21:30,[21:15-21:30[,S,F,F,C,C,91.27,91.27
17/06/2024,21:45,[21:30-21:45[,S,F,F,C,C,91.27,91.27
17/06/2024,22:00,[21:45-22:00[,S,F,F,C,C,91.27,91.27
17/06/2024,22:15,[22:00-22:15[,S,V,F,V,C,62.78,62.78
17/06/2024,22:30,[22:15-22:30[,S,V,F,V,C,62.78,62.78
17/06/2024,22:45,[22:30-22:45[,S,V,F,V,C,62.78,62.78
17/06/2024,23:00,[22:45-23:00[,S,V,F,V,C,62.78,62.78
17/06/2024,23:15,[23:00-23:15[,S,V,F,V,C,51.76,51.76
17/06/2024,23:30,[23:15-23:30[,S,V,F,V,C,51.76,51.76
17/06/2024,23:45,[23:30-23:45[,S,V,F,V,C,51.76,51.76
17/06/2024,23:59,[23:45-00:00[,S,V,F,V,C,51.76,51.76
18/06/2024,00:15,[00:00-00:15[,S,V,V,V,V,37.00,37.00
18/06/2024,00:30,[00:15-00:30[,S,V,V,V,V,37.00,37.00
18/06/2024,00:45,[00:30-00:45[,S,V,V,V,V,37.00,37.00
18/06/2024,01:00,[00:45-01:00[,S,V,V,V,V,37.00,37.00
18/06/2024,01:15,[01:00-01:15[,S,V,V,V,V,51.01,51.01
18/06/2024,01:30,[01:15-01:30[,S,V,V,V,V,51.01,51.01
18/06/2024,01:45,[01:30-01:45[,S,V,V,V,V,51.01,51.01
18/06/2024,02:00,[01:45-02:00[,S,V,V,V,V,51.01,51.01
18/06/2024,02:15,[02:00-02:15[,S,V,V,V,V,52.59,52.59
18/06/2024,02:30,[02:15-02:30[,S,V,V,V,V,52.59,52.59
18/06/2024,02:45,[02:30-02:45[,S,V,V,V,V,52.59,52.59
18/06/2024,03:00,[02:45-03:00[,S,V,V,V,V,52.59,52.59
18/06/2024,03:15,[03:00-03:15[,S,V,V,V,V,53.99,53.99
18/06/2024,03:30,[03:15-03:30[,S,V,V,V,V,53.99,53.99
18/06/2024,03:45,[03:30-03:45[,S,V,V,V,V,53.99,53.99
18/06/2024,04:00,[03:45-04:00[,S,V,V,V,V,53.99,53.99
18/06/2024,04:15,[04:00-04:15[,S,V,V,V,V,66.75,66.75
18/06/2024,04:30,[04:15-04:30[,S,V,V,V,V,66.75,66.75
18/06/2024,04:45,[04:30-04:45[,S,V,V,V,V,66.75,66.75
18/06/2024,05:00,[04:45-05:00[,S,V,V,V,V,66.75,66.75
18/06/2024,05:15,[05:00-05:15[,S,V,V,V,V,96.13,96.13
18/06/2024,05:30,[05:15-05:30[,S,V,V,V,V,96.13,96.13
18/06/2024,05:45,[05:30-05:45[,S,V,V,V,V,96.13,96.13
18/06/2024,06:00,[05:45-06:00[,S,V,V,V,V,96.13,96.13
18/06/2024,06:15,[06:00-06:15[,S,V,V,V,V,101.00,101.00
18/06/2024,06:30,[06:15-06:30[,S,V,V,V,V,101.00,101.00
18/06/2024,06:45,[06:30-06:45[,S,V,V,V,V,101.00,101.00
18/06/2024,07:00,[06:45-07:00[,S,V,V,V,V,101.00,101.00
18/06/2024,07:15,[07:00-07:15[,S,V,F,V,C,96.13,96.13
18/06/2024,07:30,[07:15-07:30[,S,V,F,V,C,96.13,96.13
18/06/2024,07:45,[07:30-07:45[,S,V,F,V,C,96.13,96.13
18/06/2024,08:00,[07:45-08:00[,S,V,F,V,C,96.13,96.13
18/06/2024,08:15,[08:00-08:15[,S,F,F,C,C,53.39,53.39
18/06/2024,08:30,[08:15-08:30[,S,F,F,C,C,53.39,53.39
18/06/2024,08:45,[08:30-08:45[,S,F,F,C,C,53.39,53.39
18/06/2024,09:00,[08:45-09:00[,S,F,F,C,C,53.39,53.39
18/06/2024,09:15,[09:00-09:15[,S,F,F,C,C,39.00,39.00
18/06/2024,09:30,[09:15-09:30[,S,F,F,C,P,39.00,39.00
18/06/2024,09:45,[09:30-09:45[,S,F,F,C,P,39.00,39.00
18/06/2024,10:00,[09:45-10:00[,S,F,F,C,P,39.00,39.00
18/06/2024,10:15,[10:00-10:15[,S,F,F,C,P,35.00,35.00
18/06/2024,10:30,[10:15-10:30[,S,F,F,C,P,35.00,35.00
18/06/2024,10:45,[10:30-10:45[,S,F,F,P,P,35.00,35.00
18/06/2024,11:00,[10:45-11:00[,S,F,F,P,P,35.00,35.00
18/06/2024,11:15,[11:00-11:15[,S,F,F,P,P,28.37,28.37
18/06/2024,11:30,[11:15-11:30[,S,F,F,P,P,28.37,28.37
18/06/2024,11:45,[11:30-11:45[,S,F,F,P,P,28.37,28.37
18/06/2024,12:00,[11:45-12:00[,S,F,F,P,P,28.37,28.37
18/06/2024,12:15,[12:00-12:15[,S,F,F,P,P,20.97,20.97
18/06/2024,12:30,[12:15-12:30[,S,F,F,P,C,20.97,20.97
18/06/2024,12:45,[12:30-12:45[,S,F,F,P,C,20.97,20.97
18/06/2024,13:00,[12:45-13:00[,S,F,F,P,C,20.97,20.97
18/06/2024,13:15,[13:00-13:15[,S,F,F,C,C,13.46,11.21
18/06/2024,13:30,[13:15-13:30[,S,F,F,C,C,13.46,11.21
18/06/2024,13:45,[13:30-13:45[,S,F,F,C,C,13.46,11.21
18/06/2024,14:00,[13:45-14:00[,S,F,F,C,C,13.46,11.21
18/06/2024,14:15,[14:00-14:15[,S,F,F,C,C,13.46,10.60
18/06/2024,14:30,[14:15-14:30[,S,F,F,C,C,13.46,10.60
18/06/2024,14:45,[14:30-14:45[,S,F,F,C,C,13.46,10.60
18/06/2024,15:00,[14:45-15:00[,S,F,F,C,C,13.46,10.60
18/06/2024,15:15,[15:00-15:15[,S,F,F,C,C,13.46,9.99
18/06/2024,15:30,[15:15-15:30[,S,F,F,C,C,13.46,9.99
18/06/2024,15:45,[15:30-15:45[,S,F,F,C,C,13.46,9.99
18/06/2024,16:00,[15:45-16:00[,S,F,F,C,C,13.46,9.99
18/06/2024,16:15,[16:00-16:15[,S,F,F,C,C,20.27,20.27
18/06/2024,16:30,[16:15-16:30[,S,F,F,C,C,20.27,20.27
18/06/2024,16:45,[16:30-16:45[,S,F,F,C,C,20.27,20.27
18/06/2024,17:00,[16:45-17:00[,S,F,F,C,C,20.27,20.27
18/06/2024,17:15,[17:00-17:15[,S,F,F,C,C,35.00,35.00
18/06/2024,17:30,[17:15-17:30[,S,F,F,C,C,35.00,35.00
18/06/2024,17:45,[17:30-17:45[,S,F,F,C,C,35.00,35.00
18/06/2024,18:00,[17:45-18:00[,S,F,F,C,C,35.00,35.00
18/06/2024,18:15,[18:00-18:15[,S,F,F,C,C,45.28,45.28
18/06/2024,18:30,[18:15-18:30[,S,F,F,C,C,45.28,45.28
18/06/2024,18:45,[18:30-18:45[,S,F,F,C,C,45.28,45.28
18/06/2024,19:00,[18:45-19:00[,S,F,F,C,C,45.28,45.28
18/06/2024,19:15,[19:00-19:15[,S,F,F,C,C,80.23,80.23
18/06/2024,19:30,[19:15-19:30[,S,F,F,C,C,80.23,80.23
18/06/2024,19:45,[19:30-19:45[,S,F,F,P,C,80.23,80.23
18/06/2024,20:00,[19:45-20:00[,S,F,F,P,C,80.23,80.23
18/06/2024,20:15,[20:00-20:15[,S,F,F,P,C,124.12,124.12
18/06/2024,20:30,[20:15-20:30[,S,F,F,P,C,124.12,124.12
18/06/2024,20:45,[20:30-20:45[,S,F,F,P,C,124.12,124.12
18/06/2024,21:00,[20:45-21:00[,S,F,F,P,C,124.12,124.12
18/06/2024,21:15,[21:00-21:15[,S,F,F,C,C,130.90,130.90
18/06/2024,21:30,[21:15-21:30[,S,F,F,C,C,130.90,130.90
18/06/2024,21:45,[21:30-21:45[,S,F,F,C,C,130.90,130.90
18/06/2024,22:00,[21:45-22:00[,S,F,F,C,C,130.90,130.90
18/06/2024,22:15,[22:00-22:15[,S,V,F,V,C,110.41,110.41
18/06/2024,22:30,[22:15-22:30[,S,V,F,V,C,110.41,110.41
18/06/2024,22:45,[22:30-22:45[,S,V,F,V,C,110.41,110.41
18/06/2024,23:00,[22:45-23:00[,S,V,F,V,C,110.41,110.41
18/06/2024,23:15,[23:00-23:15[,S,V,F,V,C,105.16,105.16
18/06/2024,23:30,[23:15-23:30[,S,V,F,V,C,105.16,105.16
18/06/2024,23:45,[23:30-23:45[,S,V,F,V,C,105.16,105.16
18/06/2024,23:59,[23:45-00:00[,S,V,F,V,C,105.16,105.16
19/06/2024,00:15,[00:00-00:15[,S,V,V,V,V,99.96,99.96
19/06/2024,00:30,[00:15-00:30[,S,V,V,V,V,99.96,99.96
19/06/2024,00:45,[00:30-00:45[,S,V,V,V,V,99.96,99.96
19/06/2024,01:00,[00:45-01:00[,S,V,V,V,V,99.96,99.96
19/06/2024,01:15,[01:00-01:15[,S,V,V,V,V,94.76,94.76
19/06/2024,01:30,[01:15-01:30[,S,V,V,V,V,94.76,94.76
19/06/2024,01:45,[01:30-01:45[,S,V,V,V,V,94.76,94.76
19/06/2024,02:00,[01:45-02:00[,S,V,V,V,V,94.76,94.76
19/06/2024,02:15,[02:00-02:15[,S,V,V,V,V,90.56,90.56
19/06/2024,02:30,[02:15-02:30[,S,V,V,V,V,90.56,90.56
19/06/2024,02:45,[02:30-02:45[,S,V,V,V,V,90.56,90.56
19/06/2024,03:00,[02:45-03:00[,S,V,V,V,V,90.56,90.56
19/06/2024,03:15,[03:00-03:15[,S,V,V,V,V,90.56,90.56
19/06/2024,03:30,[03:15-03:30[,S,V,V,V,V,90.56,90.56
19/06/2024,03:45,[03:30-03:45[,S,V,V,V,V,90.56,90.56
19/06/2024,04:00,[03:45-04:00[,S,V,V,V,V,90.56,90.56
19/06/2024,04:15,[04:00-04:15[,S,V,V,V,V,94.76,94.76
19/06/2024,04:30,[04:15-04:30[,S,V,V,V,V,94.76,94.76
19/06/2024,04:45,[04:30-04:45[,S,V,V,V,V,94.76,94.76
19/06/2024,05:00,[04:45-05:00[,S,V,V,V,V,94.76,94.76
19/06/2024,05:15,[05:00-05:15[,S,V,V,V,V,100.00,100.00
19/06/2024,05:30,[05:15-05:30[,S,V,V,V,V,100.00,100.00
19/06/2024,05:45,[05:30-05:45[,S,V,V,V,V,100.00,100.00
19/06/2024,06:00,[05:45-06:00[,S,V,V,V,V,100.00,100.00
19/06/2024,06:15,[06:00-06:15[,S,V,V,V,V,114.32,114.32
19/06/2024,06:30,[06:15-06:30[,S,V,V,V,V,114.32,114.32
19/06/2024,06:45,[06:30-06:45[,S,V,V,V,V,114.32,114.32
19/06/2024,07:00,[06:45-07:00[,S,V,V,V,V,114.32,114.32
19/06/2024,07:15,[07:00-07:15[,S,V,F,V,C,100.00,100.00
19/06/2024,07:30,[07:15-07:30[,S,V,F,V,C,100.00,100.00
19/06/2024,07:45,[07:30-07:45[,S,V,F,V,C,100.00,100.00
19/06/2024,08:00,[07:45-08:00[,S,V,F,V,C,100.00,100.00
19/06/2024,08:15,[08:00-08:15[,S,F,F,C,C,84.69,84.69
19/06/2024,08:30,[08:15-08:30[,S,F,F,C,C,84.69,84.69
19/06/2024,08:45,[08:30-08:45[,S,F,F,C,C,84.69,84.69
19/06/2024,09:00,[08:45-09:00[,S,F,F,C,C,84.69,84.69
19/06/2024,09:15,[09:00-09:15[,S,F,F,C,C,74.71,74.71
19/06/2024,09:30,[09:15-09:30[,S,F,F,C,P,74.71,74.71
19/06/2024,09:45,[09:30-09:45[,S,F,F,C,P,74.71,74.71
19/06/2024,10:00,[09:45-10:00[,S,F,F,C,P,74.71,74.71
19/06/2024,10:15,[10:00-10:15[,S,F,F,C,P,46.41,46.41
19/06/2024,10:30,[10:15-10:30[,S,F,F,C,P,46.41,46.41
19/06/2024,10:45,[10:30-10:45[,S,F,F,P,P,46.41,46.41
19/06/2024,11:00,[10:45-11:00[,S,F,F,P,P,46.41,46.41
19/06/2024,11:15,[11:00-11:15[,S,F,F,P,P,43.54,43.54
19/06/2024,11:30,[11:15-11:30[,S,F,F,P,P,43.54,43.54
19/06/2024,11:45,[11:30-11:45[,S,F,F,P,P,43.54,43.54
19/06/2024,12:00,[11:45-12:00[,S,F,F,P,P,43.54,43.54
19/06/2024,12:15,[12:00-12:15[,S,F,F,P,P,37.00,37.00
19/06/2024,12:30,[12:15-12:30[,S,F,F,P,C,37.00,37.00
19/06/2024,12:45,[12:30-12:45[,S,F,F,P,C,37.00,37.00
19/06/2024,13:00,[12:45-13:00[,S,F,F,P,C,37.00,37.00
19/06/2024,13:15,[13:00-13:15[,S,F,F,C,C,36.40,36.40
19/06/2024,13:30,[13:15-13:30[,S,F,F,C,C,36.40,36.40
19/06/2024,13:45,[13:30-13:45[,S,F,F,C,C,36.40,36.40
19/06/2024,14:00,[13:45-14:00[,S,F,F,C,C,36.40,36.40
19/06/2024,14:15,[14:00-14:15[,S,F,F,C,C,36.40,35.02
19/06/2024,14:30,[14:15-14:30[,S,F,F,C,C,36.40,35.02
19/06/2024,14:45,[14:30-14:45[,S,F,F,C,C,36.40,35.02
19/06/2024,15:00,[14:45-15:00[,S,F,F,C,C,36.40,35.02
19/06/2024,15:15,[15:00-15:15[,S,F,F,C,C,36.28,35.01
19/06/2024,15:30,[15:15-15:30[,S,F,F,C,C,36.28,35.01
19/06/2024,15:45,[15:30-15:45[,S,F,F,C,C,36.28,35.01
19/06/2024,16:00,[15:45-16:00[,S,F,F,C,C,36.28,35.01
19/06/2024,16:15,[16:00-16:15[,S,F,F,C,C,36.28,35.02
19/06/2024,16:30,[16:15-16:30[,S,F,F,C,C,36.28,35.02
19/06/2024,16:45,[16:30-16:45[,S,F,F,C,C,36.28,35.02
19/06/2024,17:00,[16:45-17:00[,S,F,F,C,C,36.28,35.02
19/06/2024,17:15,[17:00-17:15[,S,F,F,C,C,38.47,38.47
19/06/2024,17:30,[17:15-17:30[,S,F,F,C,C,38.47,38.47
19/06/2024,17:45,[17:30-17:45[,S,F,F,C,C,38.47,38.47
19/06/2024,18:00,[17:45-18:00[,S,F,F,C,C,38.47,38.47
19/06/2024,18:15,[18:00-18:15[,S,F,F,C,C,79.83,79.83
19/06/2024,18:30,[18:15-18:30[,S,F,F,C,C,79.83,79.83
19/06/2024,18:45,[18:30-18:45[,S,F,F,C,C,79.83,79.83
19/06/2024,19:00,[18:45-19:00[,S,F,F,C,C,79.83,79.83
19/06/2024,19:15,[19:00-19:15[,S,F,F,C,C,87.41,87.41
19/06/2024,19:30,[19:15-19:30[,S,F,F,C,C,87.41,87.41
19/06/2024,19:45,[19:30-19:45[,S,F,F,P,C,87.41,87.41
19/06/2024,20:00,[19:45-20:00[,S,F,F,P,C,87.41,87.41
19/06/2024,20:15,[20:00-20:15[,S,F,F,P,C,109.81,109.81
19/06/2024,20:30,[20:15-20:30[,S,F,F,P,C,109.81,109.81
19/06/2024,20:45,[20:30-20:45[,S,F,F,P,C,109.81,109.81
19/06/2024,21:00,[20:45-21:00[,S,F,F,P,C,109.81,109.81
19/06/2024,21:15,[21:00-21:15[,S,F,F,C,C,109.00,109.00
19/06/2024,21:30,[21:15-21:30[,S,F,F,C,C,109.00,109.00
19/06/2024,21:45,[21:30-21:45[,S,F,F,C,C,109.00,109.00
19/06/2024,22:00,[21:45-22:00[,S,F,F,C,C,109.00,109.00
19/06/2024,22:15,[22:00-22:15[,S,V,F,V,C,89.59,89.59
19/06/2024,22:30,[22:15-22:30[,S,V,F,V,C,89.59,89.59
19/06/2024,22:45,[22:30-22:45[,S,V,F,V,C,89.59,89.59
19/06/2024,23:00,[22:45-23:00[,S,V,F,V,C,89.59,89.59
19/06/2024,23:15,[23:00-23:15[,S,V,F,V,C,109.26,109.26
19/06/2024,23:30,[23:15-23:30[,S,V,F,V,C,109.26,109.26
19/06/2024,23:45,[23:30-23:45[,S,V,F,V,C,109.26,109.26
19/06/2024,23:59,[23:45-00:00[,S,V,F,V,C,109.26,109.26
20/06/2024,00:15,[00:00-00:15[,S,V,V,V,V,105.00,105.00
20/06/2024,00:30,[00:15-00:30[,S,V,V,V,V,105.00,105.00
20/06/2024,00:45,[00:30-00:45[,S,V,V,V,V,105.00,105.00
20/06/2024,01:00,[00:45-01:00[,S,V,V,V,V,105.00,105.00
20/06/2024,01:15,[01:00-01:15[,S,V,V,V,V,103.00,103.00
20/06/2024,01:30,[01:15-01:30[,S,V,V,V,V,103.00,103.00
20/06/2024,01:45,[01:30-01:45[,S,V,V,V,V,103.00,103.00
20/06/2024,02:00,[01:45-02:00[,S,V,V,V,V,103.00,103.00
20/06/2024,02:15,[02:00-02:15[,S,V,V,V,V,102.10,102.10
20/06/2024,02:30,[02:15-02:30[,S,V,V,V,V,102.10,102.10
20/06/2024,02:45,[02:30-02:45[,S,V,V,V,V,102.10,102.10
20/06/2024,03:00,[02:45-03:00[,S,V,V,V,V,102.10,102.10
20/06/2024,03:15,[03:00-03:15[,S,V,V,V,V,96.90,96.90
20/06/2024,03:30,[03:15-03:30[,S,V,V,V,V,96.90,96.90
20/06/2024,03:45,[03:30-03:45[,S,V,V,V,V,96.90,96.90
20/06/2024,04:00,[03:45-04:00[,S,V,V,V,V,96.90,96.90
20/06/2024,04:15,[04:00-04:15[,S,V,V,V,V,94.30,94.30
20/06/2024,04:30,[04:15-04:30[,S,V,V,V,V,94.30,94.30
20/06/2024,04:45,[04:30-04:45[,S,V,V,V,V,94.30,94.30
20/06/2024,05:00,[04:45-05:00[,S,V,V,V,V,94.30,94.30
20/06/2024,05:15,[05:00-05:15[,S,V,V,V,V,99.00,99.00
20/06/2024,05:30,[05:15-05:30[,S,V,V,V,V,99.00,99.00
20/06/2024,05:45,[05:30-05:45[,S,V,V,V,V,99.00,99.00
20/06/2024,06:00,[05:45-06:00[,S,V,V,V,V,99.00,99.00
20/06/2024,06:15,[06:00-06:15[,S,V,V,V,V,111.72,111.72
20/06/2024,06:30,[06:15-06:30[,S,V,V,V,V,111.72,111.72
20/06/2024,06:45,[06:30-06:45[,S,V,V,V,V,111.72,111.72
20/06/2024,07:00,[06:45-07:00[,S,V,V,V,V,111.72,111.72
20/06/2024,07:15,[07:00-07:15[,S,V,F,V,C,103.00,103.00
20/06/2024,07:30,[07:15-07:30[,S,V,F,V,C,103.00,103.00
20/06/2024,07:45,[07:30-07:45[,S,V,F,V,C,103.00,103.00
20/06/2024,08:00,[07:45-08:00[,S,V,F,V,C,103.00,103.00
20/06/2024,08:15,[08:00-08:15[,S,F,F,C,C,95.00,95.00
20/06/2024,08:30,[08:15-08:30[,S,F,F,C,C,95.00,95.00
20/06/2024,08:45,[08:30-08:45[,S,F,F,C,C,95.00,95.00
20/06/2024,09:00,[08:45-09:00[,S,F,F,C,C,95.00,95.00
20/06/2024,09:15,[09:00-09:15[,S,F,F,C,C,71.87,71.87
20/06/2024,09:30,[09:15-09:30[,S,F,F,C,P,71.87,71.87
20/06/2024,09:45,[09:30-09:45[,S,F,F,C,P,71.87,71.87
20/06/2024,10:00,[09:45-10:00[,S,F,F,C,P,71.87,71.87
20/06/2024,10:15,[10:00-10:15[,S,F,F,C,P,63.04,63.04
20/06/2024,10:30,[10:15-10:30[,S,F,F,C,P,63.04,63.04
20/06/2024,10:45,[10:30-10:45[,S,F,F,P,P,63.04,63.04
20/06/2024,11:00,[10:45-11:00[,S,F,F,P,P,63.04,63.04
20/06/2024,11:15,[11:00-11:15[,S,F,F,P,P,62.53,59.94
20/06/2024,11:30,[11:15-11:30[,S,F,F,P,P,62.53,59.94
20/06/2024,11:45,[11:30-11:45[,S,F,F,P,P,62.53,59.94
20/06/2024,12:00,[11:45-12:00[,S,F,F,P,P,62.53,59.94
20/06/2024,12:15,[12:00-12:15[,S,F,F,P,P,58.35,58.35
20/06/2024,12:30,[12:15-12:30[,S,F,F,P,C,58.35,58.35
20/06/2024,12:45,[12:30-12:45[,S,F,F,P,C,58.35,58.35
20/06/2024,13:00,[12:45-13:00[,S,F,F,P,C,58.35,58.35
20/06/2024,13:15,[13:00-13:15[,S,F,F,C,C,61.42,61.42
20/06/2024,13:30,[13:15-13:30[,S,F,F,C,C,61.42,61.42
20/06/2024,13:45,[13:30-13:45[,S,F,F,C,C,61.42,61.42
20/06/2024,14:00,[13:45-14:00[,S,F,F,C,C,61.42,61.42
20/06/2024,14:15,[14:00-14:15[,S,F,F,C,C,62.53,61.93
20/06/2024,14:30,[14:15-14:30[,S,F,F,C,C,62.53,61.93
20/06/2024,14:45,[14:30-14:45[,S,F,F,C,C,62.53,61.93
20/06/2024,15:00,[14:45-15:00[,S,F,F,C,C,62.53,61.93
20/06/2024,15:15,[15:00-15:15[,S,F,F,C,C,61.42,61.42
20/06/2024,15:30,[15:15-15:30[,S,F,F,C,C,61.42,61.42
20/06/2024,15:45,[15:30-15:45[,S,F,F,C,C,61.42,61.42
20/06/2024,16:00,[15:45-16:00[,S,F,F,C,C,61.42,61.42
20/06/2024,16:15,[16:00-16:15[,S,F,F,C,C,62.15,62.15
20/06/2024,16:30,[16:15-16:30[,S,F,F,C,C,62.15,62.15
20/06/2024,16:45,[16:30-16:45[,S,F,F,C,C,62.15,62.15
20/06/2024,17:00,[16:45-17:00[,S,F,F,C,C,62.15,62.15
20/06/2024,17:15,[17:00-17:15[,S,F,F,C,C,77.46,77.46
20/06/2024,17:30,[17:15-17:30[,S,F,F,C,C,77.46,77.46
20/06/2024,17:45,[17:30-17:45[,S,F,F,C,C,77.46,77.46
20/06/2024,18:00,[17:45-18:00[,S,F,F,C,C,77.46,77.46
20/06/2024,18:15,[18:00-18:15[,S,F,F,C,C,107.00,107.00
20/06/2024,18:30,[18:15-18:30[,S,F,F,C,C,107.00,107.00
20/06/2024,18:45,[18:30-18:45[,S,F,F,C,C,107.00,107.00
20/06/2024,19:00,[18:45-19:00[,S,F,F,C,C,107.00,107.00
20/06/2024,19:15,[19:00-19:15[,S,F,F,C,C,115.28,115.28
20/06/2024,19:30,[19:15-19:30[,S,F,F,C,C,115.28,115.28
20/06/2024,19:45,[19:30-19:45[,S,F,F,P,C,115.28,115.28
20/06/2024,20:00,[19:45-20:00[,S,F,F,P,C,115.28,115.28
20/06/2024,20:15,[20:00-20:15[,S,F,F,P,C,122.78,122.78
20/06/2024,20:30,[20:15-20:30[,S,F,F,P,C,122.78,122.78
20/06/2024,20:45,[20:30-20:45[,S,F,F,P,C,122.78,122.78
20/06/2024,21:00,[20:45-21:00[,S,F,F,P,C,122.78,122.78
20/06/2024,21:15,[21:00-21:15[,S,F,F,C,C,120.00,120.00
20/06/2024,21:30,[21:15-21:30[,S,F,F,C,C,120.00,120.00
20/06/2024,21:45,[21:30-21:45[,S,F,F,C,C,120.00,120.00
20/06/2024,22:00,[21:45-22:00[,S,F,F,C,C,120.00,120.00
20/06/2024,22:15,[22:00-22:15[,S,V,F,V,C,112.48,112.48
20/06/2024,22:30,[22:15-22:30[,S,V,F,V,C,112.48,112.48
20/06/2024,22:45,[22:30-22:45[,S,V,F,V,C,112.48,112.48
20/06/2024,23:00,[22:45-23:00[,S,V,F,V,C,112.48,112.48
20/06/2024,23:15,[23:00-23:15[,S,V,F,V,C,102.72,102.72
20/06/2024,23:30,[23:15-23:30[,S,V,F,V,C,102.72,102.72
20/06/2024,23:45,[23:30-23:45[,S,V,F,V,C,102.72,102.72
20/06/2024,23:59,[23:45-00:00[,S,V,F,V,C,102.72,102.72
21/06/2024,00:15,[00:00-00:15[,S,V,V,V,V,100.34,100.34
21/06/2024,00:30,[00:15-00:30[,S,V,V,V,V,100.34,100.34
21/06/2024,00:45,[00:30-00:45[,S,V,V,V,V,100.34,100.34
21/06/2024,01:00,[00:45-01:00[,S,V,V,V,V,100.34,100.34
21/06/2024,01:15,[01:00-01:15[,S,V,V,V,V,102.30,102.30
21/06/2024,01:30,[01:15-01:30[,S,V,V,V,V,102.30,102.30
21/06/2024,01:45,[01:30-01:45[,S,V,V,V,V,102.30,102.30
21/06/2024,02:00,[01:45-02:00[,S,V,V,V,V,102.30,102.30
21/06/2024,02:15,[02:00-02:15[,S,V,V,V,V,102.30,102.30
21/06/2024,02:30,[02:15-02:30[,S,V,V,V,V,102.30,102.30
21/06/2024,02:45,[02:30-02:45[,S,V,V,V,V,102.30,102.30
21/06/2024,03:00,[02:45-03:00[,S,V,V,V,V,102.30,102.30
21/06/2024,03:15,[03:00-03:15[,S,V,V,V,V,102.30,102.30
21/06/2024,03:30,[03:15-03:30[,S,V,V,V,V,102.30,102.30
21/06/2024,03:45,[03:30-03:45[,S,V,V,V,V,102.30,102.30
21/06/2024,04:00,[03:45-04:00[,S,V,V,V,V,102.30,102.30
21/06/2024,04:15,[04:00-04:15[,S,V,V,V,V,102.72,102.72
21/06/2024,04:30,[04:15-04:30[,S,V,V,V,V,102.72,102.72
21/06/2024,04:45,[04:30-04:45[,S,V,V,V,V,102.72,102.72
21/06/2024,05:00,[04:45-05:00[,S,V,V,V,V,102.72,102.72
21/06/2024,05:15,[05:00-05:15[,S,V,V,V,V,100.00,100.00
21/06/2024,05:30,[05:15-05:30[,S,V,V,V,V,100.00,100.00
21/06/2024,05:45,[05:30-05:45[,S,V,V,V,V,100.00,100.00
21/06/2024,06:00,[05:45-06:00[,S,V,V,V,V,100.00,100.00
21/06/2024,06:15,[06:00-06:15[,S,V,V,V,V,113.47,113.47
21/06/2024,06:30,[06:15-06:30[,S,V,V,V,V,113.47,113.47
21/06/2024,06:45,[06:30-06:45[,S,V,V,V,V,113.47,113.47
21/06/2024,07:00,[06:45-07:00[,S,V,V,V,V,113.47,113.47
21/06/2024,07:15,[07:00-07:15[,S,V,F,V,C,114.32,114.32
21/06/2024,07:30,[07:15-07:30[,S,V,F,V,C,114.32,114.32
21/06/2024,07:45,[07:30-07:45[,S,V,F,V,C,114.32,114.32
21/06/2024,08:00,[07:45-08:00[,S,V,F,V,C,114.32,114.32
21/06/2024,08:15,[08:00-08:15[,S,F,F,C,C,105.00,105.00
21/06/2024,08:30,[08:15-08:30[,S,F,F,C,C,105.00,105.00
21/06/2024,08:45,[08:30-08:45[,S,F,F,C,C,105.00,105.00
21/06/2024,09:00,[08:45-09:00[,S,F,F,C,C,105.00,105.00
21/06/2024,09:15,[09:00-09:15[,S,F,F,C,C,80.00,80.00
21/06/2024,09:30,[09:15-09:30[,S,F,F,C,P,80.00,80.00
21/06/2024,09:45,[09:30-09:45[,S,F,F,C,P,80.00,80.00
21/06/2024,10:00,[09:45-10:00[,S,F,F,C,P,80.00,80.00
21/06/2024,10:15,[10:00-10:15[,S,F,F,C,P,60.00,60.00
21/06/2024,10:30,[10:15-10:30[,S,F,F,C,P,60.00,60.00
21/06/2024,10:45,[10:30-10:45[,S,F,F,P,P,60.00,60.00
21/06/2024,11:00,[10:45-11:00[,S,F,F,P,P,60.00,60.00
21/06/2024,11:15,[11:00-11:15[,S,F,F,P,P,61.34,61.34
21/06/2024,11:30,[11:15-11:30[,S,F,F,P,P,61.34,61.34
21/06/2024,11:45,[11:30-11:45[,S,F,F,P,P,61.34,61.34
21/06/2024,12:00,[11:45-12:00[,S,F,F,P,P,61.34,61.34
21/06/2024,12:15,[12:00-12:15[,S,F,F,P,P,57.40,57.40
21/06/2024,12:30,[12:15-12:30[,S,F,F,P,C,57.40,57.40
21/06/2024,12:45,[12:30-12:45[,S,F,F,P,C,57.40,57.40
21/06/2024,13:00,[12:45-13:00[,S,F,F,P,C,57.40,57.40
21/06/2024,13:15,[13:00-13:15[,S,F,F,C,C,55.67,55.10
21/06/2024,13:30,[13:15-13:30[,S,F,F,C,C,55.67,55.10
21/06/2024,13:45,[13:30-13:45[,S,F,F,C,C,55.67,55.10
21/06/2024,14:00,[13:45-14:00[,S,F,F,C,C,55.67,55.10
21/06/2024,14:15,[14:00-14:15[,S,F,F,C,C,55.67,43.17
21/06/2024,14:30,[14:15-14:30[,S,F,F,C,C,55.67,43.17
21/06/2024,14:45,[14:30-14:45[,S,F,F,C,C,55.67,43.17
21/06/2024,15:00,[14:45-15:00[,S,F,F,C,C,55.67,43.17
21/06/2024,15:15,[15:00-15:15[,S,F,F,C,C,47.55,40.00
21/06/2024,15:30,[15:15-15:30[,S,F,F,C,C,47.55,40.00
21/06/2024,15:45,[15:30-15:45[,S,F,F,C,C,47.55,40.00
21/06/2024,16:00,[15:45-16:00[,S,F,F,C,C,47.55,40.00
21/06/2024,16:15,[16:00-16:15[,S,F,F,C,C,49.80,49.80
21/06/2024,16:30,[16:15-16:30[,S,F,F,C,C,49.80,49.80
21/06/2024,16:45,[16:30-16:45[,S,F,F,C,C,49.80,49.80
21/06/2024,17:00,[16:45-17:00[,S,F,F,C,C,49.80,49.80
21/06/2024,17:15,[17:00-17:15[,S,F,F,C,C,56.75,56.75
21/06/2024,17:30,[17:15-17:30[,S,F,F,C,C,56.75,56.75
21/06/2024,17:45,[17:30-17:45[,S,F,F,C,C,56.75,56.75
21/06/2024,18:00,[17:45-18:00[,S,F,F,C,C,56.75,56.75
21/06/2024,18:15,[18:00-18:15[,S,F,F,C,C,77.46,77.46
21/06/2024,18:30,[18:15-18:30[,S,F,F,C,C,77.46,77.46
21/06/2024,18:45,[18:30-18:45[,S,F,F,C,C,77.46,77.46
21/06/2024,19:00,[18:45-19:00[,S,F,F,C,C,77.46,77.46
21/06/2024,19:15,[19:00-19:15[,S,F,F,C,C,100.01,100.01
21/06/2024,19:30,[19:15-19:30[,S,F,F,C,C,100.01,100.01
21/06/2024,19:45,[19:30-19:45[,S,F,F,P,C,100.01,100.01
21/06/2024,20:00,[19:45-20:00[,S,F,F,P,C,100.01,100.01
21/06/2024,20:15,[20:00-20:15[,S,F,F,P,C,114.86,114.86
21/06/2024,20:30,[20:15-20:30[,S,F,F,P,C,114.86,114.86
21/06/2024,20:45,[20:30-20:45[,S,F,F,P,C,114.86,114.86
21/06/2024,21:00,[20:45-21:00[,S,F,F,P,C,114.86,114.86
21/06/2024,21:15,[21:00-21:15[,S,F,F,C,C,115.00,115.00
21/06/2024,21:30,[21:15-21:30[,S,F,F,C,C,115.00,115.00
21/06/2024,21:45,[21:30-21:45[,S,F,F,C,C,115.00,115.00
21/06/2024,22:00,[21:45-22:00[,S,F,F,C,C,115.00,115.00
21/06/2024,22:15,[22:00-22:15[,S,V,F,V,C,105.74,105.74
21/06/2024,22:30,[22:15-22:30[,S,V,F,V,C,105.74,105.74
21/06/2024,22:45,[22:30-22:45[,S,V,F,V,C,105.74,105.74
21/06/2024,23:00,[22:45-23:00[,S,V,F,V,C,105.74,105.74
21/06/2024,23:15,[23:00-23:15[,S,V,F,V,C,84.00,84.00
21/06/2024,23:30,[23:15-23:30[,S,V,F,V,C,84.00,84.00
21/06/2024,23:45,[23:30-23:45[,S,V,F,V,C,84.00,84.00
21/06/2024,23:59,[23:45-00:00[,S,V,F,V,C,84.00,84.00
22/06/2024,00:15,[00:00-00:15[,S,V,V,V,V,76.58,76.58
22/06/2024,00:30,[00:15-00:30[,S,V,V,V,V,76.58,76.58
22/06/2024,00:45,[00:30-00:45[,S,V,V,V,V,76.58,76.58
22/06/2024,01:00,[00:45-01:00[,S,V,V,V,V,76.58,76.58
22/06/2024,01:15,[01:00-01:15[,S,V,V,V,V,75.64,75.64
22/06/2024,01:30,[01:15-01:30[,S,V,V,V,V,75.64,75.64
22/06/2024,01:45,[01:30-01:45[,S,V,V,V,V,75.64,75.64
22/06/2024,02:00,[01:45-02:00[,S,V,V,V,V,75.64,75.64
22/06/2024,02:15,[02:00-02:15[,S,V,V,V,V,76.10,76.10
22/06/2024,02:30,[02:15-02:30[,S,V,V,V,V,76.10,76.10
22/06/2024,02:45,[02:30-02:45[,S,V,V,V,V,76.10,76.10
22/06/2024,03:00,[02:45-03:00[,S,V,V,V,V,76.10,76.10
22/06/2024,03:15,[03:00-03:15[,S,V,V,V,V,75.74,75.74
22/06/2024,03:30,[03:15-03:30[,S,V,V,V,V,75.74,75.74
22/06/2024,03:45,[03:30-03:45[,S,V,V,V,V,75.74,75.74
22/06/2024,04:00,[03:45-04:00[,S,V,V,V,V,75.74,75.74
22/06/2024,04:15,[04:00-04:15[,S,V,V,V,V,75.62,75.62
22/06/2024,04:30,[04:15-04:30[,S,V,V,V,V,75.62,75.62
22/06/2024,04:45,[04:30-04:45[,S,V,V,V,V,75.62,75.62
22/06/2024,05:00,[04:45-05:00[,S,V,V,V,V,75.62,75.62
22/06/2024,05:15,[05:00-05:15[,S,V,V,V,V,75.64,75.64
22/06/2024,05:30,[05:15-05:30[,S,V,V,V,V,75.64,75.64
22/06/2024,05:45,[05:30-05:45[,S,V,V,V,V,75.64,75.64
22/06/2024,06:00,[05:45-06:00[,S,V,V,V,V,75.64,75.64
22/06/2024,06:15,[06:00-06:15[,S,V,V,V,V,63.45,63.45
22/06/2024,06:30,[06:15-06:30[,S,V,V,V,V,63.45,63.45
22/06/2024,06:45,[06:30-06:45[,S,V,V,V,V,63.45,63.45
22/06/2024,07:00,[06:45-07:00[,S,V,V,V,V,63.45,63.45
22/06/2024,07:15,[07:00-07:15[,S,V,V,V,V,36.95,36.95
22/06/2024,07:30,[07:15-07:30[,S,V,V,V,V,36.95,36.95
22/06/2024,07:45,[07:30-07:45[,S,V,V,V,V,36.95,36.95
22/06/2024,08:00,[07:45-08:00[,S,V,V,V,V,36.95,36.95
22/06/2024,08:15,[08:00-08:15[,S,F,V,C,V,34.65,34.65
22/06/2024,08:30,[08:15-08:30[,S,F,V,C,V,34.65,34.65
22/06/2024,08:45,[08:30-08:45[,S,F,V,C,V,34.65,34.65
22/06/2024,09:00,[08:45-09:00[,S,F,V,C,V,34.65,34.65
22/06/2024,09:15,[09:00-09:15[,S,F,F,C,C,18.13,12.54
22/06/2024,09:30,[09:15-09:30[,S,F,F,C,C,18.13,12.54
22/06/2024,09:45,[09:30-09:45[,S,F,F,C,C,18.13,12.54
22/06/2024,10:00,[09:45-10:00[,S,F,F,C,C,18.13,12.54
22/06/2024,10:15,[10:00-10:15[,S,F,F,C,C,18.13,3.59
22/06/2024,10:30,[10:15-10:30[,S,F,F,C,C,18.13,3.59
22/06/2024,10:45,[10:30-10:45[,S,F,F,P,C,18.13,3.59
22/06/2024,11:00,[10:45-11:00[,S,F,F,P,C,18.13,3.59
22/06/2024,11:15,[11:00-11:15[,S,F,F,P,C,18.12,0.44
22/06/2024,11:30,[11:15-11:30[,S,F,F,P,C,18.12,0.44
22/06/2024,11:45,[11:30-11:45[,S,F,F,P,C,18.12,0.44
22/06/2024,12:00,[11:45-12:00[,S,F,F,P,C,18.12,0.44
22/06/2024,12:15,[12:00-12:15[,S,F,F,P,C,12.60,0.03
22/06/2024,12:30,[12:15-12:30[,S,F,F,P,C,12.60,0.03
22/06/2024,12:45,[12:30-12:45[,S,F,F,P,C,12.60,0.03
22/06/2024,13:00,[12:45-13:00[,S,F,F,P,C,12.60,0.03
22/06/2024,13:15,[13:00-13:15[,S,F,F,C,C,12.60,0.00
22/06/2024,13:30,[13:15-13:30[,S,F,F,C,C,12.60,0.00
22/06/2024,13:45,[13:30-13:45[,S,F,F,C,C,12.60,0.00
22/06/2024,14:00,[13:45-14:00[,S,F,F,C,C,12.60,0.00
22/06/2024,14:15,[14:00-14:15[,S,F,V,C,V,4.50,0.00
22/06/2024,14:30,[14:15-14:30[,S,F,V,C,V,4.50,0.00
22/06/2024,14:45,[14:30-14:45[,S,F,V,C,V,4.50,0.00
22/06/2024,15:00,[14:45-15:00[,S,F,V,C,V,4.50,0.00
22/06/2024,15:15,[15:00-15:15[,S,F,V,C,V,2.95,0.00
22/06/2024,15:30,[15:15-15:30[,S,F,V,C,V,2.95,0.00
22/06/2024,15:45,[15:30-15:45[,S,F,V,C,V,2.95,0.00
22/06/2024,16:00,[15:45-16:00[,S,F,V,C,V,2.95,0.00
22/06/2024,16:15,[16:00-16:15[,S,F,V,C,V,0.00,0.00
22/06/2024,16:30,[16:15-16:30[,S,F,V,C,V,0.00,0.00
22/06/2024,16:45,[16:30-16:45[,S,F,V,C,V,0.00,0.00
22/06/2024,17:00,[16:45-17:00[,S,F,V,C,V,0.00,0.00
22/06/2024,17:15,[17:00-17:15[,S,F,V,C,V,2.95,0.44
22/06/2024,17:30,[17:15-17:30[,S,F,V,C,V,2.95,0.44
22/06/2024,17:45,[17:30-17:45[,S,F,V,C,V,2.95,0.44
22/06/2024,18:00,[17:45-18:00[,S,F,V,C,V,2.95,0.44
22/06/2024,18:15,[18:00-18:15[,S,F,V,C,V,35.00,35.00
22/06/2024,18:30,[18:15-18:30[,S,F,V,C,V,35.00,35.00
22/06/2024,18:45,[18:30-18:45[,S,F,V,C,V,35.00,35.00
22/06/2024,19:00,[18:45-19:00[,S,F,V,C,V,35.00,35.00
22/06/2024,19:15,[19:00-19:15[,S,F,V,C,V,50.00,50.00
22/06/2024,19:30,[19:15-19:30[,S,F,V,C,V,50.00,50.00
22/06/2024,19:45,[19:30-19:45[,S,F,V,P,V,50.00,50.00
22/06/2024,20:00,[19:45-20:00[,S,F,V,P,V,50.00,50.00
22/06/2024,20:15,[20:00-20:15[,S,F,F,P,C,76.79,76.79
22/06/2024,20:30,[20:15-20:30[,S,F,F,P,C,76.79,76.79
22/06/2024,20:45,[20:30-20:45[,S,F,F,P,C,76.79,76.79
22/06/2024,21:00,[20:45-21:00[,S,F,F,P,C,76.79,76.79
22/06/2024,21:15,[21:00-21:15[,S,F,F,C,C,99.10,99.10
22/06/2024,21:30,[21:15-21:30[,S,F,F,C,C,99.10,99.10
22/06/2024,21:45,[21:30-21:45[,S,F,F,C,C,99.10,99.10
22/06/2024,22:00,[21:45-22:00[,S,F,F,C,C,99.10,99.10
22/06/2024,22:15,[22:00-22:15[,S,V,V,V,V,77.46,77.46
22/06/2024,22:30,[22:15-22:30[,S,V,V,V,V,77.46,77.46
22/06/2024,22:45,[22:30-22:45[,S,V,V,V,V,77.46,77.46
22/06/2024,23:00,[22:45-23:00[,S,V,V,V,V,77.46,77.46
22/06/2024,23:15,[23:00-23:15[,S,V,V,V,V,77.00,77.00
22/06/2024,23:30,[23:15-23:30[,S,V,V,V,V,77.00,77.00
22/06/2024,23:45,[23:30-23:45[,S,V,V,V,V,77.00,77.00
22/06/2024,23:59,[23:45-00:00[,S,V,V,V,V,77.00,77.00
23/06/2024,00:15,[00:00-00:15[,S,V,V,V,V,56.99,56.99
23/06/2024,00:30,[00:15-00:30[,S,V,V,V,V,56.99,56.99
23/06/2024,00:45,[00:30-00:45[,S,V,V,V,V,56.99,56.99
23/06/2024,01:00,[00:45-01:00[,S,V,V,V,V,56.99,56.99
23/06/2024,01:15,[01:00-01:15[,S,V,V,V,V,46.19,46.19
23/06/2024,01:30,[01:15-01:30[,S,V,V,V,V,46.19,46.19
23/06/2024,01:45,[01:30-01:45[,S,V,V,V,V,46.19,46.19
23/06/2024,02:00,[01:45-02:00[,S,V,V,V,V,46.19,46.19
23/06/2024,02:15,[02:00-02:15[,S,V,V,V,V,35.01,35.01
23/06/2024,02:30,[02:15-02:30[,S,V,V,V,V,35.01,35.01
23/06/2024,02:45,[02:30-02:45[,S,V,V,V,V,35.01,35.01
23/06/2024,03:00,[02:45-03:00[,S,V,V,V,V,35.01,35.01
23/06/2024,03:15,[03:00-03:15[,S,V,V,V,V,35.00,35.00
23/06/2024,03:30,[03:15-03:30[,S,V,V,V,V,35.00,35.00
23/06/2024,03:45,[03:30-03:45[,S,V,V,V,V,35.00,35.00
23/06/2024,04:00,[03:45-04:00[,S,V,V,V,V,35.00,35.00
23/06/2024,04:15,[04:00-04:15[,S,V,V,V,V,35.00,35.00
23/06/2024,04:30,[04:15-04:30[,S,V,V,V,V,35.00,35.00
23/06/2024,04:45,[04:30-04:45[,S,V,V,V,V,35.00,35.00
23/06/2024,05:00,[04:45-05:00[,S,V,V,V,V,35.00,35.00
23/06/2024,05:15,[05:00-05:15[,S,V,V,V,V,35.00,35.00
23/06/2024,05:30,[05:15-05:30[,S,V,V,V,V,35.00,35.00
23/06/2024,05:45,[05:30-05:45[,S,V,V,V,V,35.00,35.00
23/06/2024,06:00,[05:45-06:00[,S,V,V,V,V,35.00,35.00
23/06/2024,06:15,[06:00-06:15[,S,V,V,V,V,30.65,30.65
23/06/2024,06:30,[06:15-06:30[,S,V,V,V,V,30.65,30.65
23/06/2024,06:45,[06:30-06:45[,S,V,V,V,V,30.65,30.65
23/06/2024,07:00,[06:45-07:00[,S,V,V,V,V,30.65,30.65
23/06/2024,07:15,[07:00-07:15[,S,V,V,V,V,9.76,9.76
23/06/2024,07:30,[07:15-07:30[,S,V,V,V,V,9.76,9.76
23/06/2024,07:45,[07:30-07:45[,S,V,V,V,V,9.76,9.76
23/06/2024,08:00,[07:45-08:00[,S,V,V,V,V,9.76,9.76
23/06/2024,08:15,[08:00-08:15[,S,F,V,C,V,0.00,0.00
23/06/2024,08:30,[08:15-08:30[,S,F,V,C,V,0.00,0.00
23/06/2024,08:45,[08:30-08:45[,S,F,V,C,V,0.00,0.00
23/06/2024,09:00,[08:45-09:00[,S,F,V,C,V,0.00,0.00
23/06/2024,09:15,[09:00-09:15[,S,F,V,C,V,-0.01,-0.01
23/06/2024,09:30,[09:15-09:30[,S,F,V,C,V,-0.01,-0.01
23/06/2024,09:45,[09:30-09:45[,S,F,V,C,V,-0.01,-0.01
23/06/2024,10:00,[09:45-10:00[,S,F,V,C,V,-0.01,-0.01
23/06/2024,10:15,[10:00-10:15[,S,F,V,C,V,-0.11,-0.11
23/06/2024,10:30,[10:15-10:30[,S,F,V,C,V,-0.11,-0.11
23/06/2024,10:45,[10:30-10:45[,S,F,V,P,V,-0.11,-0.11
23/06/2024,11:00,[10:45-11:00[,S,F,V,P,V,-0.11,-0.11
23/06/2024,11:15,[11:00-11:15[,S,F,V,P,V,0.00,-0.50
23/06/2024,11:30,[11:15-11:30[,S,F,V,P,V,0.00,-0.50
23/06/2024,11:45,[11:30-11:45[,S,F,V,P,V,0.00,-0.50
23/06/2024,12:00,[11:45-12:00[,S,F,V,P,V,0.00,-0.50
23/06/2024,12:15,[12:00-12:15[,S,F,V,P,V,0.00,-1.00
23/06/2024,12:30,[12:15-12:30[,S,F,V,P,V,0.00,-1.00
23/06/2024,12:45,[12:30-12:45[,S,F,V,P,V,0.00,-1.00
23/06/2024,13:00,[12:45-13:00[,S,F,V,P,V,0.00,-1.00
23/06/2024,13:15,[13:00-13:15[,S,F,V,C,V,0.00,-1.99
23/06/2024,13:30,[13:15-13:30[,S,F,V,C,V,0.00,-1.99
23/06/2024,13:45,[13:30-13:45[,S,F,V,C,V,0.00,-1.99
23/06/2024,14:00,[13:45-14:00[,S,F,V,C,V,0.00,-1.99
23/06/2024,14:15,[14:00-14:15[,S,F,V,C,V,-0.33,-2.00
23/06/2024,14:30,[14:15-14:30[,S,F,V,C,V,-0.33,-2.00
23/06/2024,14:45,[14:30-14:45[,S,F,V,C,V,-0.33,-2.00
23/06/2024,15:00,[14:45-15:00[,S,F,V,C,V,-0.33,-2.00
23/06/2024,15:15,[15:00-15:15[,S,F,V,C,V,-0.85,-0.85
23/06/2024,15:30,[15:15-15:30[,S,F,V,C,V,-0.85,-0.85
23/06/2024,15:45,[15:30-15:45[,S,F,V,C,V,-0.85,-0.85
23/06/2024,16:00,[15:45-16:00[,S,F,V,C,V,-0.85,-0.85
23/06/2024,16:15,[16:00-16:15[,S,F,V,C,V,-0.66,-0.66
23/06/2024,16:30,[16:15-16:30[,S,F,V,C,V,-0.66,-0.66
23/06/2024,16:45,[16:30-16:45[,S,F,V,C,V,-0.66,-0.66
23/06/2024,17:00,[16:45-17:00[,S,F,V,C,V,-0.66,-0.66
23/06/2024,17:15,[17:00-17:15[,S,F,V,C,V,0.00,-0.01
23/06/2024,17:30,[17:15-17:30[,S,F,V,C,V,0.00,-0.01
23/06/2024,17:45,[17:30-17:45[,S,F,V,C,V,0.00,-0.01
23/06/2024,18:00,[17:45-18:00[,S,F,V,C,V,0.00,-0.01
23/06/2024,18:15,[18:00-18:15[,S,F,V,C,V,1.00,1.00
23/06/2024,18:30,[18:15-18:30[,S,F,V,C,V,1.00,1.00
23/06/2024,18:45,[18:30-18:45[,S,F,V,C,V,1.00,1.00
23/06/2024,19:00,[18:45-19:00[,S,F,V,C,V,1.00,1.00
23/06/2024,19:15,[19:00-19:15[,S,F,V,C,V,35.01,35.01
23/06/2024,19:30,[19:15-19:30[,S,F,V,C,V,35.01,35.01
23/06/2024,19:45,[19:30-19:45[,S,F,V,P,V,35.01,35.01
23/06/2024,20:00,[19:45-20:00[,S,F,V,P,V,35.01,35.01
23/06/2024,20:15,[20:00-20:15[,S,F,V,P,V,77.00,77.00
23/06/2024,20:30,[20:15-20:30[,S,F,V,P,V,77.00,77.00
23/06/2024,20:45,[20:30-20:45[,S,F,V,P,V,77.00,77.00
23/06/2024,21:00,[20:45-21:00[,S,F,V,P,V,77.00,77.00
23/06/2024,21:15,[21:00-21:15[,S,F,V,C,V,95.62,95.62
23/06/2024,21:30,[21:15-21:30[,S,F,V,C,V,95.62,95.62
23/06/2024,21:45,[21:30-21:45[,S,F,V,C,V,95.62,95.62
23/06/2024,22:00,[21:45-22:00[,S,F,V,C,V,95.62,95.62
23/06/2024,22:15,[22:00-22:15[,S,V,V,V,V,80.15,80.15
23/06/2024,22:30,[22:15-22:30[,S,V,V,V,V,80.15,80.15
23/06/2024,22:45,[22:30-22:45[,S,V,V,V,V,80.15,80.15
23/06/2024,23:00,[22:45-23:00[,S,V,V,V,V,80.15,80.15
23/06/2024,23:15,[23:00-23:15[,S,V,V,V,V,51.80,51.80
23/06/2024,23:30,[23:15-23:30[,S,V,V,V,V,51.80,51.80
23/06/2024,23:45,[23:30-23:45[,S,V,V,V,V,51.80,51.80
23/06/2024,23:59,[23:45-00:00[,S,V,V,V,V,51.80,51.80
24/06/2024,00:15,[00:00-00:15[,S,V,V,V,V,43.60,43.60
24/06/2024,00:30,[00:15-00:30[,S,V,V,V,V,43.60,43.60
24/06/2024,00:45,[00:30-00:45[,S,V,V,V,V,43.60,43.60
24/06/2024,01:00,[00:45-01:00[,S,V,V,V,V,43.60,43.60
24/06/2024,01:15,[01:00-01:15[,S,V,V,V,V,40.00,40.00
24/06/2024,01:30,[01:15-01:30[,S,V,V,V,V,40.00,40.00
24/06/2024,01:45,[01:30-01:45[,S,V,V,V,V,40.00,40.00
24/06/2024,02:00,[01:45-02:00[,S,V,V,V,V,40.00,40.00
24/06/2024,02:15,[02:00-02:15[,S,V,V,V,V,35.40,35.40
24/06/2024,02:30,[02:15-02:30[,S,V,V,V,V,35.40,35.40
24/06/2024,02:45,[02:30-02:45[,S,V,V,V,V,35.40,35.40
24/06/2024,03:00,[02:45-03:00[,S,V,V,V,V,35.40,35.40
24/06/2024,03:15,[03:00-03:15[,S,V,V,V,V,35.02,35.02
24/06/2024,03:30,[03:15-03:30[,S,V,V,V,V,35.02,35.02
24/06/2024,03:45,[03:30-03:45[,S,V,V,V,V,35.02,35.02
24/06/2024,04:00,[03:45-04:00[,S,V,V,V,V,35.02,35.02
24/06/2024,04:15,[04:00-04:15[,S,V,V,V,V,49.07,49.07
24/06/2024,04:30,[04:15-04:30[,S,V,V,V,V,49.07,49.07
24/06/2024,04:45,[04:30-04:45[,S,V,V,V,V,49.07,49.07
24/06/2024,05:00,[04:45-05:00[,S,V,V,V,V,49.07,49.07
24/06/2024,05:15,[05:00-05:15[,S,V,V,V,V,55.03,55.03
24/06/2024,05:30,[05:15-05:30[,S,V,V,V,V,55.03,55.03
24/06/2024,05:45,[05:30-05:45[,S,V,V,V,V,55.03,55.03
24/06/2024,06:00,[05:45-06:00[,S,V,V,V,V,55.03,55.03
24/06/2024,06:15,[06:00-06:15[,S,V,V,V,V,70.00,70.00
24/06/2024,06:30,[06:15-06:30[,S,V,V,V,V,70.00,70.00
24/06/2024,06:45,[06:30-06:45[,S,V,V,V,V,70.00,70.00
24/06/2024,07:00,[06:45-07:00[,S,V,V,V,V,70.00,70.00
24/06/2024,07:15,[07:00-07:15[,S,V,F,V,C,40.00,40.00
24/06/2024,07:30,[07:15-07:30[,S,V,F,V,C,40.00,40.00
24/06/2024,07:45,[07:30-07:45[,S,V,F,V,C,40.00,40.00
24/06/2024,08:00,[07:45-08:00[,S,V,F,V,C,40.00,40.00
24/06/2024,08:15,[08:00-08:15[,S,F,F,C,C,35.02,35.02
24/06/2024,08:30,[08:15-08:30[,S,F,F,C,C,35.02,35.02
24/06/2024,08:45,[08:30-08:45[,S,F,F,C,C,35.02,35.02
24/06/2024,09:00,[08:45-09:00[,S,F,F,C,C,35.02,35.02
24/06/2024,09:15,[09:00-09:15[,S,F,F,C,C,35.10,35.00
24/06/2024,09:30,[09:15-09:30[,S,F,F,C,P,35.10,35.00
24/06/2024,09:45,[09:30-09:45[,S,F,F,C,P,35.10,35.00
24/06/2024,10:00,[09:45-10:00[,S,F,F,C,P,35.10,35.00
24/06/2024,10:15,[10:00-10:15[,S,F,F,C,P,35.30,5.00
24/06/2024,10:30,[10:15-10:30[,S,F,F,C,P,35.30,5.00
24/06/2024,10:45,[10:30-10:45[,S,F,F,P,P,35.30,5.00
24/06/2024,11:00,[10:45-11:00[,S,F,F,P,P,35.30,5.00
24/06/2024,11:15,[11:00-11:15[,S,F,F,P,P,35.30,3.60
24/06/2024,11:30,[11:15-11:30[,S,F,F,P,P,35.30,3.60
24/06/2024,11:45,[11:30-11:45[,S,F,F,P,P,35.30,3.60
24/06/2024,12:00,[11:45-12:00[,S,F,F,P,P,35.30,3.60
24/06/2024,12:15,[12:00-12:15[,S,F,F,P,P,35.10,5.10
24/06/2024,12:30,[12:15-12:30[,S,F,F,P,C,35.10,5.10
24/06/2024,12:45,[12:30-12:45[,S,F,F,P,C,35.10,5.10
24/06/2024,13:00,[12:45-13:00[,S,F,F,P,C,35.10,5.10
24/06/2024,13:15,[13:00-13:15[,S,F,F,C,C,35.30,2.90
24/06/2024,13:30,[13:15-13:30[,S,F,F,C,C,35.30,2.90
24/06/2024,13:45,[13:30-13:45[,S,F,F,C,C,35.30,2.90
24/06/2024,14:00,[13:45-14:00[,S,F,F,C,C,35.30,2.90
24/06/2024,14:15,[14:00-14:15[,S,F,F,C,C,65.36,0.00
24/06/2024,14:30,[14:15-14:30[,S,F,F,C,C,65.36,0.00
24/06/2024,14:45,[14:30-14:45[,S,F,F,C,C,65.36,0.00
24/06/2024,15:00,[14:45-15:00[,S,F,F,C,C,65.36,0.00
24/06/2024,15:15,[15:00-15:15[,S,F,F,C,C,65.36,0.00
24/06/2024,15:30,[15:15-15:30[,S,F,F,C,C,65.36,0.00
24/06/2024,15:45,[15:30-15:45[,S,F,F,C,C,65.36,0.00
24/06/2024,16:00,[15:45-16:00[,S,F,F,C,C,65.36,0.00
24/06/2024,16:15,[16:00-16:15[,S,F,F,C,C,73.70,5.00
24/06/2024,16:30,[16:15-16:30[,S,F,F,C,C,73.70,5.00
24/06/2024,16:45,[16:30-16:45[,S,F,F,C,C,73.70,5.00
24/06/2024,17:00,[16:45-17:00[,S,F,F,C,C,73.70,5.00
24/06/2024,17:15,[17:00-17:15[,S,F,F,C,C,70.00,34.80
24/06/2024,17:30,[17:15-17:30[,S,F,F,C,C,70.00,34.80
24/06/2024,17:45,[17:30-17:45[,S,F,F,C,C,70.00,34.80
24/06/2024,18:00,[17:45-18:00[,S,F,F,C,C,70.00,34.80
24/06/2024,18:15,[18:00-18:15[,S,F,F,C,C,73.70,35.45
24/06/2024,18:30,[18:15-18:30[,S,F,F,C,C,73.70,35.45
24/06/2024,18:45,[18:30-18:45[,S,F,F,C,C,73.70,35.45
24/06/2024,19:00,[18:45-19:00[,S,F,F,C,C,73.70,35.45
24/06/2024,19:15,[19:00-19:15[,S,F,F,C,C,83.27,83.27
24/06/2024,19:30,[19:15-19:30[,S,F,F,C,C,83.27,83.27
24/06/2024,19:45,[19:30-19:45[,S,F,F,P,C,83.27,83.27
24/06/2024,20:00,[19:45-20:00[,S,F,F,P,C,83.27,83.27
24/06/2024,20:15,[20:00-20:15[,S,F,F,P,C,117.33,117.33
24/06/2024,20:30,[20:15-20:30[,S,F,F,P,C,117.33,117.33
24/06/2024,20:45,[20:30-20:45[,S,F,F,P,C,117.33,117.33
24/06/2024,21:00,[20:45-21:00[,S,F,F,P,C,117.33,117.33
24/06/2024,21:15,[21:00-21:15[,S,F,F,C,C,113.70,113.70
24/06/2024,21:30,[21:15-21:30[,S,F,F,C,C,113.70,113.70
24/06/2024,21:45,[21:30-21:45[,S,F,F,C,C,113.70,113.70
24/06/2024,22:00,[21:45-22:00[,S,F,F,C,C,113.70,113.70
24/06/2024,22:15,[22:00-22:15[,S,V,F,V,C,91.54,91.54
24/06/2024,22:30,[22:15-22:30[,S,V,F,V,C,91.54,91.54
24/06/2024,22:45,[22:30-22:45[,S,V,F,V,C,91.54,91.54
24/06/2024,23:00,[22:45-23:00[,S,V,F,V,C,91.54,91.54
24/06/2024,23:15,[23:00-23:15[,S,V,F,V,C,79.51,79.51
24/06/2024,23:30,[23:15-23:30[,S,V,F,V,C,79.51,79.51
24/06/2024,23:45,[23:30-23:45[,S,V,F,V,C,79.51,79.51
24/06/2024,23:59,[23:45-00:00[,S,V,F,V,C,79.51,79.51
25/06/2024,00:15,[00:00-00:15[,S,V,V,V,V,94.85,94.85
25/06/2024,00:30,[00:15-00:30[,S,V,V,V,V,94.85,94.85
25/06/2024,00:45,[00:30-00:45[,S,V,V,V,V,94.85,94.85
25/06/2024,01:00,[00:45-01:00[,S,V,V,V,V,94.85,94.85
25/06/2024,01:15,[01:00-01:15[,S,V,V,V,V,91.15,91.15
25/06/2024,01:30,[01:15-01:30[,S,V,V,V,V,91.15,91.15
25/06/2024,01:45,[01:30-01:45[,S,V,V,V,V,91.15,91.15
25/06/2024,02:00,[01:45-02:00[,S,V,V,V,V,91.15,91.15
25/06/2024,02:15,[02:00-02:15[,S,V,V,V,V,82.00,82.00
25/06/2024,02:30,[02:15-02:30[,S,V,V,V,V,82.00,82.00
25/06/2024,02:45,[02:30-02:45[,S,V,V,V,V,82.00,82.00
25/06/2024,03:00,[02:45-03:00[,S,V,V,V,V,82.00,82.00
25/06/2024,03:15,[03:00-03:15[,S,V,V,V,V,89.85,89.85
25/06/2024,03:30,[03:15-03:30[,S,V,V,V,V,89.85,89.85
25/06/2024,03:45,[03:30-03:45[,S,V,V,V,V,89.85,89.85
25/06/2024,04:00,[03:45-04:00[,S,V,V,V,V,89.85,89.85
25/06/2024,04:15,[04:00-04:15[,S,V,V,V,V,73.00,73.00
25/06/2024,04:30,[04:15-04:30[,S,V,V,V,V,73.00,73.00
25/06/2024,04:45,[04:30-04:45[,S,V,V,V,V,73.00,73.00
25/06/2024,05:00,[04:45-05:00[,S,V,V,V,V,73.00,73.00
25/06/2024,05:15,[05:00-05:15[,S,V,V,V,V,82.00,82.00
25/06/2024,05:30,[05:15-05:30[,S,V,V,V,V,82.00,82.00
25/06/2024,05:45,[05:30-05:45[,S,V,V,V,V,82.00,82.00
25/06/2024,06:00,[05:45-06:00[,S,V,V,V,V,82.00,82.00
25/06/2024,06:15,[06:00-06:15[,S,V,V,V,V,98.20,98.20
25/06/2024,06:30,[06:15-06:30[,S,V,V,V,V,98.20,98.20
25/06/2024,06:45,[06:30-06:45[,S,V,V,V,V,98.20,98.20
25/06/2024,07:00,[06:45-07:00[,S,V,V,V,V,98.20,98.20
25/06/2024,07:15,[07:00-07:15[,S,V,F,V,C,74.77,74.77
25/06/2024,07:30,[07:15-07:30[,S,V,F,V,C,74.77,74.77
25/06/2024,07:45,[07:30-07:45[,S,V,F,V,C,74.77,74.77
25/06/2024,08:00,[07:45-08:00[,S,V,F,V,C,74.77,74.77
25/06/2024,08:15,[08:00-08:15[,S,F,F,C,C,64.90,64.90
25/06/2024,08:30,[08:15-08:30[,S,F,F,C,C,64.90,64.90
25/06/2024,08:45,[08:30-08:45[,S,F,F,C,C,64.90,64.90
25/06/2024,09:00,[08:45-09:00[,S,F,F,C,C,64.90,64.90
25/06/2024,09:15,[09:00-09:15[,S,F,F,C,C,35.69,35.69
25/06/2024,09:30,[09:15-09:30[,S,F,F,C,P,35.69,35.69
25/06/2024,09:45,[09:30-09:45[,S,F,F,C,P,35.69,35.69
25/06/2024,10:00,[09:45-10:00[,S,F,F,C,P,35.69,35.69
25/06/2024,10:15,[10:00-10:15[,S,F,F,C,P,35.02,35.02
25/06/2024,10:30,[10:15-10:30[,S,F,F,C,P,35.02,35.02
25/06/2024,10:45,[10:30-10:45[,S,F,F,P,P,35.02,35.02
25/06/2024,11:00,[10:45-11:00[,S,F,F,P,P,35.02,35.02
25/06/2024,11:15,[11:00-11:15[,S,F,F,P,P,35.01,35.01
25/06/2024,11:30,[11:15-11:30[,S,F,F,P,P,35.01,35.01
25/06/2024,11:45,[11:30-11:45[,S,F,F,P,P,35.01,35.01
25/06/2024,12:00,[11:45-12:00[,S,F,F,P,P,35.01,35.01
25/06/2024,12:15,[12:00-12:15[,S,F,F,P,P,35.01,35.01
25/06/2024,12:30,[12:15-12:30[,S,F,F,P,C,35.01,35.01
25/06/2024,12:45,[12:30-12:45[,S,F,F,P,C,35.01,35.01
25/06/2024,13:00,[12:45-13:00[,S,F,F,P,C,35.01,35.01
25/06/2024,13:15,[13:00-13:15[,S,F,F,C,C,35.00,35.00
25/06/2024,13:30,[13:15-13:30[,S,F,F,C,C,35.00,35.00
25/06/2024,13:45,[13:30-13:45[,S,F,F,C,C,35.00,35.00
25/06/2024,14:00,[13:45-14:00[,S,F,F,C,C,35.00,35.00
25/06/2024,14:15,[14:00-14:15[,S,F,F,C,C,35.00,35.00
25/06/2024,14:30,[14:15-14:30[,S,F,F,C,C,35.00,35.00
25/06/2024,14:45,[14:30-14:45[,S,F,F,C,C,35.00,35.00
25/06/2024,15:00,[14:45-15:00[,S,F,F,C,C,35.00,35.00
25/06/2024,15:15,[15:00-15:15[,S,F,F,C,C,35.00,35.00
25/06/2024,15:30,[15:15-15:30[,S,F,F,C,C,35.00,35.00
25/06/2024,15:45,[15:30-15:45[,S,F,F,C,C,35.00,35.00
25/06/2024,16:00,[15:45-16:00[,S,F,F,C,C,35.00,35.00
25/06/2024,16:15,[16:00-16:15[,S,F,F,C,C,35.02,35.02
25/06/2024,16:30,[16:15-16:30[,S,F,F,C,C,35.02,35.02
25/06/2024,16:45,[16:30-16:45[,S,F,F,C,C,35.02,35.02
25/06/2024,17:00,[16:45-17:00[,S,F,F,C,C,35.02,35.02
25/06/2024,17:15,[17:00-17:15[,S,F,F,C,C,48.99,48.99
25/06/2024,17:30,[17:15-17:30[,S,F,F,C,C,48.99,48.99
25/06/2024,17:45,[17:30-17:45[,S,F,F,C,C,48.99,48.99
25/06/2024,18:00,[17:45-18:00[,S,F,F,C,C,48.99,48.99
25/06/2024,18:15,[18:00-18:15[,S,F,F,C,C,77.00,77.00
25/06/2024,18:30,[18:15-18:30[,S,F,F,C,C,77.00,77.00
25/06/2024,18:45,[18:30-18:45[,S,F,F,C,C,77.00,77.00
25/06/2024,19:00,[18:45-19:00[,S,F,F,C,C,77.00,77.00
25/06/2024,19:15,[19:00-19:15[,S,F,F,C,C,105.00,105.00
25/06/2024,19:30,[19:15-19:30[,S,F,F,C,C,105.00,105.00
25/06/2024,19:45,[19:30-19:45[,S,F,F,P,C,105.00,105.00
25/06/2024,20:00,[19:45-20:00[,S,F,F,P,C,105.00,105.00
25/06/2024,20:15,[20:00-20:15[,S,F,F,P,C,117.41,117.41
25/06/2024,20:30,[20:15-20:30[,S,F,F,P,C,117.41,117.41
25/06/2024,20:45,[20:30-20:45[,S,F,F,P,C,117.41,117.41
25/06/2024,21:00,[20:45-21:00[,S,F,F,P,C,117.41,117.41
25/06/2024,21:15,[21:00-21:15[,S,F,F,C,C,116.81,116.81
25/06/2024,21:30,[21:15-21:30[,S,F,F,C,C,116.81,116.81
25/06/2024,21:45,[21:30-21:45[,S,F,F,C,C,116.81,116.81
25/06/2024,22:00,[21:45-22:00[,S,F,F,C,C,116.81,116.81
25/06/2024,22:15,[22:00-22:15[,S,V,F,V,C,105.45,105.45
25/06/2024,22:30,[22:15-22:30[,S,V,F,V,C,105.45,105.45
25/06/2024,22:45,[22:30-22:45[,S,V,F,V,C,105.45,105.45
25/06/2024,23:00,[22:45-23:00[,S,V,F,V,C,105.45,105.45
25/06/2024,23:15,[23:00-23:15[,S,V,F,V,C,107.43,107.43
25/06/2024,23:30,[23:15-23:30[,S,V,F,V,C,107.43,107.43
25/06/2024,23:45,[23:30-23:45[,S,V,F,V,C,107.43,107.43
25/06/2024,23:59,[23:45-00:00[,S,V,F,V,C,107.43,107.43
26/06/2024,00:15,[00:00-00:15[,S,V,V,V,V,99.96,99.96
26/06/2024,00:30,[00:15-00:30[,S,V,V,V,V,99.96,99.96
26/06/2024,00:45,[00:30-00:45[,S,V,V,V,V,99.96,99.96
26/06/2024,01:00,[00:45-01:00[,S,V,V,V,V,99.96,99.96
26/06/2024,01:15,[01:00-01:15[,S,V,V,V,V,95.32,95.32
26/06/2024,01:30,[01:15-01:30[,S,V,V,V,V,95.32,95.32
26/06/2024,01:45,[01:30-01:45[,S,V,V,V,V,95.32,95.32
26/06/2024,02:00,[01:45-02:00[,S,V,V,V,V,95.32,95.32
26/06/2024,02:15,[02:00-02:15[,S,V,V,V,V,95.46,95.46
26/06/2024,02:30,[02:15-02:30[,S,V,V,V,V,95.46,95.46
26/06/2024,02:45,[02:30-02:45[,S,V,V,V,V,95.46,95.46
26/06/2024,03:00,[02:45-03:00[,S,V,V,V,V,95.46,95.46
26/06/2024,03:15,[03:00-03:15[,S,V,V,V,V,91.70,91.70
26/06/2024,03:30,[03:15-03:30[,S,V,V,V,V,91.70,91.70
26/06/2024,03:45,[03:30-03:45[,S,V,V,V,V,91.70,91.70
26/06/2024,04:00,[03:45-04:00[,S,V,V,V,V,91.70,91.70
26/06/2024,04:15,[04:00-04:15[,S,V,V,V,V,97.12,97.12
26/06/2024,04:30,[04:15-04:30[,S,V,V,V,V,97.12,97.12
26/06/2024,04:45,[04:30-04:45[,S,V,V,V,V,97.12,97.12
26/06/2024,05:00,[04:45-05:00[,S,V,V,V,V,97.12,97.12
26/06/2024,05:15,[05:00-05:15[,S,V,V,V,V,109.59,109.59
26/06/2024,05:30,[05:15-05:30[,S,V,V,V,V,109.59,109.59
26/06/2024,05:45,[05:30-05:45[,S,V,V,V,V,109.59,109.59
26/06/2024,06:00,[05:45-06:00[,S,V,V,V,V,109.59,109.59
26/06/2024,06:15,[06:00-06:15[,S,V,V,V,V,130.00,130.00
26/06/2024,06:30,[06:15-06:30[,S,V,V,V,V,130.00,130.00
26/06/2024,06:45,[06:30-06:45[,S,V,V,V,V,130.00,130.00
26/06/2024,07:00,[06:45-07:00[,S,V,V,V,V,130.00,130.00
26/06/2024,07:15,[07:00-07:15[,S,V,F,V,C,115.45,115.45
26/06/2024,07:30,[07:15-07:30[,S,V,F,V,C,115.45,115.45
26/06/2024,07:45,[07:30-07:45[,S,V,F,V,C,115.45,115.45
26/06/2024,08:00,[07:45-08:00[,S,V,F,V,C,115.45,115.45
26/06/2024,08:15,[08:00-08:15[,S,F,F,C,C,101.76,101.76
26/06/2024,08:30,[08:15-08:30[,S,F,F,C,C,101.76,101.76
26/06/2024,08:45,[08:30-08:45[,S,F,F,C,C,101.76,101.76
26/06/2024,09:00,[08:45-09:00[,S,F,F,C,C,101.76,101.76
26/06/2024,09:15,[09:00-09:15[,S,F,F,C,C,90.98,90.98
26/06/2024,09:30,[09:15-09:30[,S,F,F,C,P,90.98,90.98
26/06/2024,09:45,[09:30-09:45[,S,F,F,C,P,90.98,90.98
26/06/2024,10:00,[09:45-10:00[,S,F,F,C,P,90.98,90.98
26/06/2024,10:15,[10:00-10:15[,S,F,F,C,P,85.99,85.99
26/06/2024,10:30,[10:15-10:30[,S,F,F,C,P,85.99,85.99
26/06/2024,10:45,[10:30-10:45[,S,F,F,P,P,85.99,85.99
26/06/2024,11:00,[10:45-11:00[,S,F,F,P,P,85.99,85.99
26/06/2024,11:15,[11:00-11:15[,S,F,F,P,P,79.41,79.41
26/06/2024,11:30,[11:15-11:30[,S,F,F,P,P,79.41,79.41
26/06/2024,11:45,[11:30-11:45[,S,F,F,P,P,79.41,79.41
26/06/2024,12:00,[11:45-12:00[,S,F,F,P,P,79.41,79.41
26/06/2024,12:15,[12:00-12:15[,S,F,F,P,P,77.24,77.24
26/06/2024,12:30,[12:15-12:30[,S,F,F,P,C,77.24,77.24
26/06/2024,12:45,[12:30-12:45[,S,F,F,P,C,77.24,77.24
26/06/2024,13:00,[12:45-13:00[,S,F,F,P,C,77.24,77.24
26/06/2024,13:15,[13:00-13:15[,S,F,F,C,C,73.65,73.65
26/06/2024,13:30,[13:15-13:30[,S,F,F,C,C,73.65,73.65
26/06/2024,13:45,[13:30-13:45[,S,F,F,C,C,73.65,73.65
26/06/2024,14:00,[13:45-14:00[,S,F,F,C,C,73.65,73.65
26/06/2024,14:15,[14:00-14:15[,S,F,F,C,C,60.00,60.00
26/06/2024,14:30,[14:15-14:30[,S,F,F,C,C,60.00,60.00
26/06/2024,14:45,[14:30-14:45[,S,F,F,C,C,60.00,60.00
26/06/2024,15:00,[14:45-15:00[,S,F,F,C,C,60.00,60.00
26/06/2024,15:15,[15:00-15:15[,S,F,F,C,C,61.00,61.00
26/06/2024,15:30,[15:15-15:30[,S,F,F,C,C,61.00,61.00
26/06/2024,15:45,[15:30-15:45[,S,F,F,C,C,61.00,61.00
26/06/2024,16:00,[15:45-16:00[,S,F,F,C,C,61.00,61.00
26/06/2024,16:15,[16:00-16:15[,S,F,F,C,C,82.01,82.01
26/06/2024,16:30,[16:15-16:30[,S,F,F,C,C,82.01,82.01
26/06/2024,16:45,[16:30-16:45[,S,F,F,C,C,82.01,82.01
26/06/2024,17:00,[16:45-17:00[,S,F,F,C,C,82.01,82.01
26/06/2024,17:15,[17:00-17:15[,S,F,F,C,C,91.22,91.22
26/06/2024,17:30,[17:15-17:30[,S,F,F,C,C,91.22,91.22
26/06/2024,17:45,[17:30-17:45[,S,F,F,C,C,91.22,91.22
26/06/2024,18:00,[17:45-18:00[,S,F,F,C,C,91.22,91.22
26/06/2024,18:15,[18:00-18:15[,S,F,F,C,C,104.55,104.55
26/06/2024,18:30,[18:15-18:30[,S,F,F,C,C,104.55,104.55
26/06/2024,18:45,[18:30-18:45[,S,F,F,C,C,104.55,104.55
26/06/2024,19:00,[18:45-19:00[,S,F,F,C,C,104.55,104.55
26/06/2024,19:15,[19:00-19:15[,S,F,F,C,C,116.05,116.05
26/06/2024,19:30,[19:15-19:30[,S,F,F,C,C,116.05,116.05
26/06/2024,19:45,[19:30-19:45[,S,F,F,P,C,116.05,116.05
26/06/2024,20:00,[19:45-20:00[,S,F,F,P,C,116.05,116.05
26/06/2024,20:15,[20:00-20:15[,S,F,F,P,C,137.18,137.18
26/06/2024,20:30,[20:15-20:30[,S,F,F,P,C,137.18,137.18
26/06/2024,20:45,[20:30-20:45[,S,F,F,P,C,137.18,137.18
26/06/2024,21:00,[20:45-21:00[,S,F,F,P,C,137.18,137.18
26/06/2024,21:15,[21:00-21:15[,S,F,F,C,C,118.98,118.98
26/06/2024,21:30,[21:15-21:30[,S,F,F,C,C,118.98,118.98
26/06/2024,21:45,[21:30-21:45[,S,F,F,C,C,118.98,118.98
26/06/2024,22:00,[21:45-22:00[,S,F,F,C,C,118.98,118.98
26/06/2024,22:15,[22:00-22:15[,S,V,F,V,C,110.00,110.00
26/06/2024,22:30,[22:15-22:30[,S,V,F,V,C,110.00,110.00
26/06/2024,22:45,[22:30-22:45[,S,V,F,V,C,110.00,110.00
26/06/2024,23:00,[22:45-23:00[,S,V,F,V,C,110.00,110.00
26/06/2024,23:15,[23:00-23:15[,S,V,F,V,C,102.07,102.07
26/06/2024,23:30,[23:15-23:30[,S,V,F,V,C,102.07,102.07
26/06/2024,23:45,[23:30-23:45[,S,V,F,V,C,102.07,102.07
26/06/2024,23:59,[23:45-00:00[,S,V,F,V,C,102.07,102.07
27/06/2024,00:15,[00:00-00:15[,S,V,V,V,V,99.00,99.00
27/06/2024,00:30,[00:15-00:30[,S,V,V,V,V,99.00,99.00
27/06/2024,00:45,[00:30-00:45[,S,V,V,V,V,99.00,99.00
27/06/2024,01:00,[00:45-01:00[,S,V,V,V,V,99.00,99.00
27/06/2024,01:15,[01:00-01:15[,S,V,V,V,V,101.77,101.77
27/06/2024,01:30,[01:15-01:30[,S,V,V,V,V,101.77,101.77
27/06/2024,01:45,[01:30-01:45[,S,V,V,V,V,101.77,101.77
27/06/2024,02:00,[01:45-02:00[,S,V,V,V,V,101.77,101.77
27/06/2024,02:15,[02:00-02:15[,S,V,V,V,V,104.37,104.37
27/06/2024,02:30,[02:15-02:30[,S,V,V,V,V,104.37,104.37
27/06/2024,02:45,[02:30-02:45[,S,V,V,V,V,104.37,104.37
27/06/2024,03:00,[02:45-03:00[,S,V,V,V,V,104.37,104.37
27/06/2024,03:15,[03:00-03:15[,S,V,V,V,V,101.77,101.77
27/06/2024,03:30,[03:15-03:30[,S,V,V,V,V,101.77,101.77
27/06/2024,03:45,[03:30-03:45[,S,V,V,V,V,101.77,101.77
27/06/2024,04:00,[03:45-04:00[,S,V,V,V,V,101.77,101.77
27/06/2024,04:15,[04:00-04:15[,S,V,V,V,V,99.17,99.17
27/06/2024,04:30,[04:15-04:30[,S,V,V,V,V,99.17,99.17
27/06/2024,04:45,[04:30-04:45[,S,V,V,V,V,99.17,99.17
27/06/2024,05:00,[04:45-05:00[,S,V,V,V,V,99.17,99.17
27/06/2024,05:15,[05:00-05:15[,S,V,V,V,V,112.72,112.72
27/06/2024,05:30,[05:15-05:30[,S,V,V,V,V,112.72,112.72
27/06/2024,05:45,[05:30-05:45[,S,V,V,V,V,112.72,112.72
27/06/2024,06:00,[05:45-06:00[,S,V,V,V,V,112.72,112.72
27/06/2024,06:15,[06:00-06:15[,S,V,V,V,V,120.74,120.74
27/06/2024,06:30,[06:15-06:30[,S,V,V,V,V,120.74,120.74
27/06/2024,06:45,[06:30-06:45[,S,V,V,V,V,120.74,120.74
27/06/2024,07:00,[06:45-07:00[,S,V,V,V,V,120.74,120.74
27/06/2024,07:15,[07:00-07:15[,S,V,F,V,C,115.44,115.44
27/06/2024,07:30,[07:15-07:30[,S,V,F,V,C,115.44,115.44
27/06/2024,07:45,[07:30-07:45[,S,V,F,V,C,115.44,115.44
27/06/2024,08:00,[07:45-08:00[,S,V,F,V,C,115.44,115.44
27/06/2024,08:15,[08:00-08:15[,S,F,F,C,C,102.07,102.07
27/06/2024,08:30,[08:15-08:30[,S,F,F,C,C,102.07,102.07
27/06/2024,08:45,[08:30-08:45[,S,F,F,C,C,102.07,102.07
27/06/2024,09:00,[08:45-09:00[,S,F,F,C,C,102.07,102.07
27/06/2024,09:15,[09:00-09:15[,S,F,F,C,C,100.47,100.47
27/06/2024,09:30,[09:15-09:30[,S,F,F,C,P,100.47,100.47
27/06/2024,09:45,[09:30-09:45[,S,F,F,C,P,100.47,100.47
27/06/2024,10:00,[09:45-10:00[,S,F,F,C,P,100.47,100.47
27/06/2024,10:15,[10:00-10:15[,S,F,F,C,P,77.00,77.00
27/06/2024,10:30,[10:15-10:30[,S,F,F,C,P,77.00,77.00
27/06/2024,10:45,[10:30-10:45[,S,F,F,P,P,77.00,77.00
27/06/2024,11:00,[10:45-11:00[,S,F,F,P,P,77.00,77.00
27/06/2024,11:15,[11:00-11:15[,S,F,F,P,P,65.01,65.01
27/06/2024,11:30,[11:15-11:30[,S,F,F,P,P,65.01,65.01
27/06/2024,11:45,[11:30-11:45[,S,F,F,P,P,65.01,65.01
27/06/2024,12:00,[11:45-12:00[,S,F,F,P,P,65.01,65.01
27/06/2024,12:15,[12:00-12:15[,S,F,F,P,P,64.75,64.75
27/06/2024,12:30,[12:15-12:30[,S,F,F,P,C,64.75,64.75
27/06/2024,12:45,[12:30-12:45[,S,F,F,P,C,64.75,64.75
27/06/2024,13:00,[12:45-13:00[,S,F,F,P,C,64.75,64.75
27/06/2024,13:15,[13:00-13:15[,S,F,F,C,C,51.10,51.10
27/06/2024,13:30,[13:15-13:30[,S,F,F,C,C,51.10,51.10
27/06/2024,13:45,[13:30-13:45[,S,F,F,C,C,51.10,51.10
27/06/2024,14:00,[13:45-14:00[,S,F,F,C,C,51.10,51.10
27/06/2024,14:15,[14:00-14:15[,S,F,F,C,C,45.66,45.66
27/06/2024,14:30,[14:15-14:30[,S,F,F,C,C,45.66,45.66
27/06/2024,14:45,[14:30-14:45[,S,F,F,C,C,45.66,45.66
27/06/2024,15:00,[14:45-15:00[,S,F,F,C,C,45.66,45.66
27/06/2024,15:15,[15:00-15:15[,S,F,F,C,C,46.89,42.45
27/06/2024,15:30,[15:15-15:30[,S,F,F,C,C,46.89,42.45
27/06/2024,15:45,[15:30-15:45[,S,F,F,C,C,46.89,42.45
27/06/2024,16:00,[15:45-16:00[,S,F,F,C,C,46.89,42.45
27/06/2024,16:15,[16:00-16:15[,S,F,F,C,C,48.00,45.06
27/06/2024,16:30,[16:15-16:30[,S,F,F,C,C,48.00,45.06
27/06/2024,16:45,[16:30-16:45[,S,F,F,C,C,48.00,45.06
27/06/2024,17:00,[16:45-17:00[,S,F,F,C,C,48.00,45.06
27/06/2024,17:15,[17:00-17:15[,S,F,F,C,C,65.29,63.43
27/06/2024,17:30,[17:15-17:30[,S,F,F,C,C,65.29,63.43
27/06/2024,17:45,[17:30-17:45[,S,F,F,C,C,65.29,63.43
27/06/2024,18:00,[17:45-18:00[,S,F,F,C,C,65.29,63.43
27/06/2024,18:15,[18:00-18:15[,S,F,F,C,C,75.39,75.39
27/06/2024,18:30,[18:15-18:30[,S,F,F,C,C,75.39,75.39
27/06/2024,18:45,[18:30-18:45[,S,F,F,C,C,75.39,75.39
27/06/2024,19:00,[18:45-19:00[,S,F,F,C,C,75.39,75.39
27/06/2024,19:15,[19:00-19:15[,S,F,F,C,C,99.75,99.75
27/06/2024,19:30,[19:15-19:30[,S,F,F,C,C,99.75,99.75
27/06/2024,19:45,[19:30-19:45[,S,F,F,P,C,99.75,99.75
27/06/2024,20:00,[19:45-20:00[,S,F,F,P,C,99.75,99.75
27/06/2024,20:15,[20:00-20:15[,S,F,F,P,C,116.05,116.05
27/06/2024,20:30,[20:15-20:30[,S,F,F,P,C,116.05,116.05
27/06/2024,20:45,[20:30-20:45[,S,F,F,P,C,116.05,116.05
27/06/2024,21:00,[20:45-21:00[,S,F,F,P,C,116.05,116.05
27/06/2024,21:15,[21:00-21:15[,S,F,F,C,C,118.35,118.35
27/06/2024,21:30,[21:15-21:30[,S,F,F,C,C,118.35,118.35
27/06/2024,21:45,[21:30-21:45[,S,F,F,C,C,118.35,118.35
27/06/2024,22:00,[21:45-22:00[,S,F,F,C,C,118.35,118.35
27/06/2024,22:15,[22:00-22:15[,S,V,F,V,C,114.72,114.72
27/06/2024,22:30,[22:15-22:30[,S,V,F,V,C,114.72,114.72
27/06/2024,22:45,[22:30-22:45[,S,V,F,V,C,114.72,114.72
27/06/2024,23:00,[22:45-23:00[,S,V,F,V,C,114.72,114.72
27/06/2024,23:15,[23:00-23:15[,S,V,F,V,C,99.00,99.00
27/06/2024,23:30,[23:15-23:30[,S,V,F,V,C,99.00,99.00
27/06/2024,23:45,[23:30-23:45[,S,V,F,V,C,99.00,99.00
27/06/2024,23:59,[23:45-00:00[,S,V,F,V,C,99.00,99.00
28/06/2024,00:15,[00:00-00:15[,S,V,V,V,V,100.00,100.00
28/06/2024,00:30,[00:15-00:30[,S,V,V,V,V,100.00,100.00
28/06/2024,00:45,[00:30-00:45[,S,V,V,V,V,100.00,100.00
28/06/2024,01:00,[00:45-01:00[,S,V,V,V,V,100.00,100.00
28/06/2024,01:15,[01:00-01:15[,S,V,V,V,V,98.60,98.60
28/06/2024,01:30,[01:15-01:30[,S,V,V,V,V,98.60,98.60
28/06/2024,01:45,[01:30-01:45[,S,V,V,V,V,98.60,98.60
28/06/2024,02:00,[01:45-02:00[,S,V,V,V,V,98.60,98.60
28/06/2024,02:15,[02:00-02:15[,S,V,V,V,V,94.04,94.04
28/06/2024,02:30,[02:15-02:30[,S,V,V,V,V,94.04,94.04
28/06/2024,02:45,[02:30-02:45[,S,V,V,V,V,94.04,94.04
28/06/2024,03:00,[02:45-03:00[,S,V,V,V,V,94.04,94.04
28/06/2024,03:15,[03:00-03:15[,S,V,V,V,V,93.40,93.40
28/06/2024,03:30,[03:15-03:30[,S,V,V,V,V,93.40,93.40
28/06/2024,03:45,[03:30-03:45[,S,V,V,V,V,93.40,93.40
28/06/2024,04:00,[03:45-04:00[,S,V,V,V,V,93.40,93.40
28/06/2024,04:15,[04:00-04:15[,S,V,V,V,V,95.81,95.81
28/06/2024,04:30,[04:15-04:30[,S,V,V,V,V,95.81,95.81
28/06/2024,04:45,[04:30-04:45[,S,V,V,V,V,95.81,95.81
28/06/2024,05:00,[04:45-05:00[,S,V,V,V,V,95.81,95.81
28/06/2024,05:15,[05:00-05:15[,S,V,V,V,V,99.90,99.90
28/06/2024,05:30,[05:15-05:30[,S,V,V,V,V,99.90,99.90
28/06/2024,05:45,[05:30-05:45[,S,V,V,V,V,99.90,99.90
28/06/2024,06:00,[05:45-06:00[,S,V,V,V,V,99.90,99.90
28/06/2024,06:15,[06:00-06:15[,S,V,V,V,V,100.16,100.16
28/06/2024,06:30,[06:15-06:30[,S,V,V,V,V,100.16,100.16
28/06/2024,06:45,[06:30-06:45[,S,V,V,V,V,100.16,100.16
28/06/2024,07:00,[06:45-07:00[,S,V,V,V,V,100.16,100.16
28/06/2024,07:15,[07:00-07:15[,S,V,F,V,C,103.50,103.50
28/06/2024,07:30,[07:15-07:30[,S,V,F,V,C,103.50,103.50
28/06/2024,07:45,[07:30-07:45[,S,V,F,V,C,103.50,103.50
28/06/2024,08:00,[07:45-08:00[,S,V,F,V,C,103.50,103.50
28/06/2024,08:15,[08:00-08:15[,S,F,F,C,C,98.60,98.60
28/06/2024,08:30,[08:15-08:30[,S,F,F,C,C,98.60,98.60
28/06/2024,08:45,[08:30-08:45[,S,F,F,C,C,98.60,98.60
28/06/2024,09:00,[08:45-09:00[,S,F,F,C,C,98.60,98.60
28/06/2024,09:15,[09:00-09:15[,S,F,F,C,C,92.00,92.00
28/06/2024,09:30,[09:15-09:30[,S,F,F,C,P,92.00,92.00
28/06/2024,09:45,[09:30-09:45[,S,F,F,C,P,92.00,92.00
28/06/2024,10:00,[09:45-10:00[,S,F,F,C,P,92.00,92.00
28/06/2024,10:15,[10:00-10:15[,S,F,F,C,P,76.10,76.10
28/06/2024,10:30,[10:15-10:30[,S,F,F,C,P,76.10,76.10
28/06/2024,10:45,[10:30-10:45[,S,F,F,P,P,76.10,76.10
28/06/2024,11:00,[10:45-11:00[,S,F,F,P,P,76.10,76.10
28/06/2024,11:15,[11:00-11:15[,S,F,F,P,P,59.99,59.99
28/06/2024,11:30,[11:15-11:30[,S,F,F,P,P,59.99,59.99
28/06/2024,11:45,[11:30-11:45[,S,F,F,P,P,59.99,59.99
28/06/2024,12:00,[11:45-12:00[,S,F,F,P,P,59.99,59.99
28/06/2024,12:15,[12:00-12:15[,S,F,F,P,P,48.55,47.01
28/06/2024,12:30,[12:15-12:30[,S,F,F,P,C,48.55,47.01
28/06/2024,12:45,[12:30-12:45[,S,F,F,P,C,48.55,47.01
28/06/2024,13:00,[12:45-13:00[,S,F,F,P,C,48.55,47.01
28/06/2024,13:15,[13:00-13:15[,S,F,F,C,C,47.50,45.77
28/06/2024,13:30,[13:15-13:30[,S,F,F,C,C,47.50,45.77
28/06/2024,13:45,[13:30-13:45[,S,F,F,C,C,47.50,45.77
28/06/2024,14:00,[13:45-14:00[,S,F,F,C,C,47.50,45.77
28/06/2024,14:15,[14:00-14:15[,S,F,F,C,C,47.08,40.00
28/06/2024,14:30,[14:15-14:30[,S,F,F,C,C,47.08,40.00
28/06/2024,14:45,[14:30-14:45[,S,F,F,C,C,47.08,40.00
28/06/2024,15:00,[14:45-15:00[,S,F,F,C,C,47.08,40.00
28/06/2024,15:15,[15:00-15:15[,S,F,F,C,C,46.87,35.02
28/06/2024,15:30,[15:15-15:30[,S,F,F,C,C,46.87,35.02
28/06/2024,15:45,[15:30-15:45[,S,F,F,C,C,46.87,35.02
28/06/2024,16:00,[15:45-16:00[,S,F,F,C,C,46.87,35.02
28/06/2024,16:15,[16:00-16:15[,S,F,F,C,C,47.08,35.02
28/06/2024,16:30,[16:15-16:30[,S,F,F,C,C,47.08,35.02
28/06/2024,16:45,[16:30-16:45[,S,F,F,C,C,47.08,35.02
28/06/2024,17:00,[16:45-17:00[,S,F,F,C,C,47.08,35.02
28/06/2024,17:15,[17:00-17:15[,S,F,F,C,C,48.64,48.64
28/06/2024,17:30,[17:15-17:30[,S,F,F,C,C,48.64,48.64
28/06/2024,17:45,[17:30-17:45[,S,F,F,C,C,48.64,48.64
28/06/2024,18:00,[17:45-18:00[,S,F,F,C,C,48.64,48.64
28/06/2024,18:15,[18:00-18:15[,S,F,F,C,C,88.50,88.50
28/06/2024,18:30,[18:15-18:30[,S,F,F,C,C,88.50,88.50
28/06/2024,18:45,[18:30-18:45[,S,F,F,C,C,88.50,88.50
28/06/2024,19:00,[18:45-19:00[,S,F,F,C,C,88.50,88.50
28/06/2024,19:15,[19:00-19:15[,S,F,F,C,C,94.04,94.04
28/06/2024,19:30,[19:15-19:30[,S,F,F,C,C,94.04,94.04
28/06/2024,19:45,[19:30-19:45[,S,F,F,P,C,94.04,94.04
28/06/2024,20:00,[19:45-20:00[,S,F,F,P,C,94.04,94.04
28/06/2024,20:15,[20:00-20:15[,S,F,F,P,C,105.42,105.42
28/06/2024,20:30,[20:15-20:30[,S,F,F,P,C,105.42,105.42
28/06/2024,20:45,[20:30-20:45[,S,F,F,P,C,105.42,105.42
28/06/2024,21:00,[20:45-21:00[,S,F,F,P,C,105.42,105.42
28/06/2024,21:15,[21:00-21:15[,S,F,F,C,C,113.30,113.30
28/06/2024,21:30,[21:15-21:30[,S,F,F,C,C,113.30,113.30
28/06/2024,21:45,[21:30-21:45[,S,F,F,C,C,113.30,113.30
28/06/2024,22:00,[21:45-22:00[,S,F,F,C,C,113.30,113.30
28/06/2024,22:15,[22:00-22:15[,S,V,F,V,C,105.18,105.18
28/06/2024,22:30,[22:15-22:30[,S,V,F,V,C,105.18,105.18
28/06/2024,22:45,[22:30-22:45[,S,V,F,V,C,105.18,105.18
28/06/2024,23:00,[22:45-23:00[,S,V,F,V,C,105.18,105.18
28/06/2024,23:15,[23:00-23:15[,S,V,F,V,C,90.00,90.00
28/06/2024,23:30,[23:15-23:30[,S,V,F,V,C,90.00,90.00
28/06/2024,23:45,[23:30-23:45[,S,V,F,V,C,90.00,90.00
28/06/2024,23:59,[23:45-00:00[,S,V,F,V,C,90.00,90.00
29/06/2024,00:15,[00:00-00:15[,S,V,V,V,V,71.60,71.60
29/06/2024,00:30,[00:15-00:30[,S,V,V,V,V,71.60,71.60
29/06/2024,00:45,[00:30-00:45[,S,V,V,V,V,71.60,71.60
29/06/2024,01:00,[00:45-01:00[,S,V,V,V,V,71.60,71.60
29/06/2024,01:15,[01:00-01:15[,S,V,V,V,V,47.50,47.50
29/06/2024,01:30,[01:15-01:30[,S,V,V,V,V,47.50,47.50
29/06/2024,01:45,[01:30-01:45[,S,V,V,V,V,47.50,47.50
29/06/2024,02:00,[01:45-02:00[,S,V,V,V,V,47.50,47.50
29/06/2024,02:15,[02:00-02:15[,S,V,V,V,V,47.50,47.50
29/06/2024,02:30,[02:15-02:30[,S,V,V,V,V,47.50,47.50
29/06/2024,02:45,[02:30-02:45[,S,V,V,V,V,47.50,47.50
29/06/2024,03:00,[02:45-03:00[,S,V,V,V,V,47.50,47.50
29/06/2024,03:15,[03:00-03:15[,S,V,V,V,V,47.29,47.29
29/06/2024,03:30,[03:15-03:30[,S,V,V,V,V,47.29,47.29
29/06/2024,03:45,[03:30-03:45[,S,V,V,V,V,47.29,47.29
29/06/2024,04:00,[03:45-04:00[,S,V,V,V,V,47.29,47.29
29/06/2024,04:15,[04:00-04:15[,S,V,V,V,V,47.01,47.01
29/06/2024,04:30,[04:15-04:30[,S,V,V,V,V,47.01,47.01
29/06/2024,04:45,[04:30-04:45[,S,V,V,V,V,47.01,47.01
29/06/2024,05:00,[04:45-05:00[,S,V,V,V,V,47.01,47.01
29/06/2024,05:15,[05:00-05:15[,S,V,V,V,V,47.29,47.29
29/06/2024,05:30,[05:15-05:30[,S,V,V,V,V,47.29,47.29
29/06/2024,05:45,[05:30-05:45[,S,V,V,V,V,47.29,47.29
29/06/2024,06:00,[05:45-06:00[,S,V,V,V,V,47.29,47.29
29/06/2024,06:15,[06:00-06:15[,S,V,V,V,V,50.20,50.20
29/06/2024,06:30,[06:15-06:30[,S,V,V,V,V,50.20,50.20
29/06/2024,06:45,[06:30-06:45[,S,V,V,V,V,50.20,50.20
29/06/2024,07:00,[06:45-07:00[,S,V,V,V,V,50.20,50.20
29/06/2024,07:15,[07:00-07:15[,S,V,V,V,V,47.29,47.29
29/06/2024,07:30,[07:15-07:30[,S,V,V,V,V,47.29,47.29
29/06/2024,07:45,[07:30-07:45[,S,V,V,V,V,47.29,47.29
29/06/2024,08:00,[07:45-08:00[,S,V,V,V,V,47.29,47.29
29/06/2024,08:15,[08:00-08:15[,S,F,V,C,V,46.62,46.62
29/06/2024,08:30,[08:15-08:30[,S,F,V,C,V,46.62,46.62
29/06/2024,08:45,[08:30-08:45[,S,F,V,C,V,46.62,46.62
29/06/2024,09:00,[08:45-09:00[,S,F,V,C,V,46.62,46.62
29/06/2024,09:15,[09:00-09:15[,S,F,F,C,C,45.06,45.06
29/06/2024,09:30,[09:15-09:30[,S,F,F,C,C,45.06,45.06
29/06/2024,09:45,[09:30-09:45[,S,F,F,C,C,45.06,45.06
29/06/2024,10:00,[09:45-10:00[,S,F,F,C,C,45.06,45.06
29/06/2024,10:15,[10:00-10:15[,S,F,F,C,C,35.02,35.02
29/06/2024,10:30,[10:15-10:30[,S,F,F,C,C,35.02,35.02
29/06/2024,10:45,[10:30-10:45[,S,F,F,P,C,35.02,35.02
29/06/2024,11:00,[10:45-11:00[,S,F,F,P,C,35.02,35.02
29/06/2024,11:15,[11:00-11:15[,S,F,F,P,C,35.01,35.01
29/06/2024,11:30,[11:15-11:30[,S,F,F,P,C,35.01,35.01
29/06/2024,11:45,[11:30-11:45[,S,F,F,P,C,35.01,35.01
29/06/2024,12:00,[11:45-12:00[,S,F,F,P,C,35.01,35.01
29/06/2024,12:15,[12:00-12:15[,S,F,F,P,C,35.00,35.00
29/06/2024,12:30,[12:15-12:30[,S,F,F,P,C,35.00,35.00
29/06/2024,12:45,[12:30-12:45[,S,F,F,P,C,35.00,35.00
29/06/2024,13:00,[12:45-13:00[,S,F,F,P,C,35.00,35.00
29/06/2024,13:15,[13:00-13:15[,S,F,F,C,C,10.00,10.00
29/06/2024,13:30,[13:15-13:30[,S,F,F,C,C,10.00,10.00
29/06/2024,13:45,[13:30-13:45[,S,F,F,C,C,10.00,10.00
29/06/2024,14:00,[13:45-14:00[,S,F,F,C,C,10.00,10.00
29/06/2024,14:15,[14:00-14:15[,S,F,V,C,V,1.50,1.50
29/06/2024,14:30,[14:15-14:30[,S,F,V,C,V,1.50,1.50
29/06/2024,14:45,[14:30-14:45[,S,F,V,C,V,1.50,1.50
29/06/2024,15:00,[14:45-15:00[,S,F,V,C,V,1.50,1.50
29/06/2024,15:15,[15:00-15:15[,S,F,V,C,V,12.76,12.76
29/06/2024,15:30,[15:15-15:30[,S,F,V,C,V,12.76,12.76
29/06/2024,15:45,[15:30-15:45[,S,F,V,C,V,12.76,12.76
29/06/2024,16:00,[15:45-16:00[,S,F,V,C,V,12.76,12.76
29/06/2024,16:15,[16:00-16:15[,S,F,V,C,V,31.86,31.86
29/06/2024,16:30,[16:15-16:30[,S,F,V,C,V,31.86,31.86
29/06/2024,16:45,[16:30-16:45[,S,F,V,C,V,31.86,31.86
29/06/2024,17:00,[16:45-17:00[,S,F,V,C,V,31.86,31.86
29/06/2024,17:15,[17:00-17:15[,S,F,V,C,V,35.02,35.02
29/06/2024,17:30,[17:15-17:30[,S,F,V,C,V,35.02,35.02
29/06/2024,17:45,[17:30-17:45[,S,F,V,C,V,35.02,35.02
29/06/2024,18:00,[17:45-18:00[,S,F,V,C,V,35.02,35.02
29/06/2024,18:15,[18:00-18:15[,S,F,V,C,V,46.60,46.60
29/06/2024,18:30,[18:15-18:30[,S,F,V,C,V,46.60,46.60
29/06/2024,18:45,[18:30-18:45[,S,F,V,C,V,46.60,46.60
29/06/2024,19:00,[18:45-19:00[,S,F,V,C,V,46.60,46.60
29/06/2024,19:15,[19:00-19:15[,S,F,V,C,V,73.37,73.37
29/06/2024,19:30,[19:15-19:30[,S,F,V,C,V,73.37,73.37
29/06/2024,19:45,[19:30-19:45[,S,F,V,P,V,73.37,73.37
29/06/2024,20:00,[19:45-20:00[,S,F,V,P,V,73.37,73.37
29/06/2024,20:15,[20:00-20:15[,S,F,F,P,C,102.36,102.36
29/06/2024,20:30,[20:15-20:30[,S,F,F,P,C,102.36,102.36
29/06/2024,20:45,[20:30-20:45[,S,F,F,P,C,102.36,102.36
29/06/2024,21:00,[20:45-21:00[,S,F,F,P,C,102.36,102.36
29/06/2024,21:15,[21:00-21:15[,S,F,F,C,C,106.08,106.08
29/06/2024,21:30,[21:15-21:30[,S,F,F,C,C,106.08,106.08
29/06/2024,21:45,[21:30-21:45[,S,F,F,C,C,106.08,106.08
29/06/2024,22:00,[21:45-22:00[,S,F,F,C,C,106.08,106.08
29/06/2024,22:15,[22:00-22:15[,S,V,V,V,V,100.94,100.94
29/06/2024,22:30,[22:15-22:30[,S,V,V,V,V,100.94,100.94
29/06/2024,22:45,[22:30-22:45[,S,V,V,V,V,100.94,100.94
29/06/2024,23:00,[22:45-23:00[,S,V,V,V,V,100.94,100.94
29/06/2024,23:15,[23:00-23:15[,S,V,V,V,V,102.90,102.90
29/06/2024,23:30,[23:15-23:30[,S,V,V,V,V,102.90,102.90
29/06/2024,23:45,[23:30-23:45[,S,V,V,V,V,102.90,102.90
29/06/2024,23:59,[23:45-00:00[,S,V,V,V,V,102.90,102.90
30/06/2024,00:15,[00:00-00:15[,S,V,V,V,V,101.70,101.70
30/06/2024,00:30,[00:15-00:30[,S,V,V,V,V,101.70,101.70
30/06/2024,00:45,[00:30-00:45[,S,V,V,V,V,101.70,101.70
30/06/2024,01:00,[00:45-01:00[,S,V,V,V,V,101.70,101.70
30/06/2024,01:15,[01:00-01:15[,S,V,V,V,V,101.70,101.70
30/06/2024,01:30,[01:15-01:30[,S,V,V,V,V,101.70,101.70
30/06/2024,01:45,[01:30-01:45[,S,V,V,V,V,101.70,101.70
30/06/2024,02:00,[01:45-02:00[,S,V,V,V,V,101.70,101.70
30/06/2024,02:15,[02:00-02:15[,S,V,V,V,V,101.70,101.70
30/06/2024,02:30,[02:15-02:30[,S,V,V,V,V,101.70,101.70
30/06/2024,02:45,[02:30-02:45[,S,V,V,V,V,101.70,101.70
30/06/2024,03:00,[02:45-03:00[,S,V,V,V,V,101.70,101.70
30/06/2024,03:15,[03:00-03:15[,S,V,V,V,V,100.92,100.92
30/06/2024,03:30,[03:15-03:30[,S,V,V,V,V,100.92,100.92
30/06/2024,03:45,[03:30-03:45[,S,V,V,V,V,100.92,100.92
30/06/2024,04:00,[03:45-04:00[,S,V,V,V,V,100.92,100.92
30/06/2024,04:15,[04:00-04:15[,S,V,V,V,V,100.92,100.92
30/06/2024,04:30,[04:15-04:30[,S,V,V,V,V,100.92,100.92
30/06/2024,04:45,[04:30-04:45[,S,V,V,V,V,100.92,100.92
30/06/2024,05:00,[04:45-05:00[,S,V,V,V,V,100.92,100.92
30/06/2024,05:15,[05:00-05:15[,S,V,V,V,V,99.75,99.75
30/06/2024,05:30,[05:15-05:30[,S,V,V,V,V,99.75,99.75
30/06/2024,05:45,[05:30-05:45[,S,V,V,V,V,99.75,99.75
30/06/2024,06:00,[05:45-06:00[,S,V,V,V,V,99.75,99.75
30/06/2024,06:15,[06:00-06:15[,S,V,V,V,V,73.37,73.37
30/06/2024,06:30,[06:15-06:30[,S,V,V,V,V,73.37,73.37
30/06/2024,06:45,[06:30-06:45[,S,V,V,V,V,73.37,73.37
30/06/2024,07:00,[06:45-07:00[,S,V,V,V,V,73.37,73.37
30/06/2024,07:15,[07:00-07:15[,S,V,V,V,V,47.50,47.50
30/06/2024,07:30,[07:15-07:30[,S,V,V,V,V,47.50,47.50
30/06/2024,07:45,[07:30-07:45[,S,V,V,V,V,47.50,47.50
30/06/2024,08:00,[07:45-08:00[,S,V,V,V,V,47.50,47.50
30/06/2024,08:15,[08:00-08:15[,S,F,V,C,V,44.01,44.01
30/06/2024,08:30,[08:15-08:30[,S,F,V,C,V,44.01,44.01
30/06/2024,08:45,[08:30-08:45[,S,F,V,C,V,44.01,44.01
30/06/2024,09:00,[08:45-09:00[,S,F,V,C,V,44.01,44.01
30/06/2024,09:15,[09:00-09:15[,S,F,V,C,V,35.01,35.01
30/06/2024,09:30,[09:15-09:30[,S,F,V,C,V,35.01,35.01
30/06/2024,09:45,[09:30-09:45[,S,F,V,C,V,35.01,35.01
30/06/2024,10:00,[09:45-10:00[,S,F,V,C,V,35.01,35.01
30/06/2024,10:15,[10:00-10:15[,S,F,V,C,V,22.99,22.99
30/06/2024,10:30,[10:15-10:30[,S,F,V,C,V,22.99,22.99
30/06/2024,10:45,[10:30-10:45[,S,F,V,P,V,22.99,22.99
30/06/2024,11:00,[10:45-11:00[,S,F,V,P,V,22.99,22.99
30/06/2024,11:15,[11:00-11:15[,S,F,V,P,V,10.00,10.00
30/06/2024,11:30,[11:15-11:30[,S,F,V,P,V,10.00,10.00
30/06/2024,11:45,[11:30-11:45[,S,F,V,P,V,10.00,10.00
30/06/2024,12:00,[11:45-12:00[,S,F,V,P,V,10.00,10.00
30/06/2024,12:15,[12:00-12:15[,S,F,V,P,V,4.49,4.49
30/06/2024,12:30,[12:15-12:30[,S,F,V,P,V,4.49,4.49
30/06/2024,12:45,[12:30-12:45[,S,F,V,P,V,4.49,4.49
30/06/2024,13:00,[12:45-13:00[,S,F,V,P,V,4.49,4.49
30/06/2024,13:15,[13:00-13:15[,S,F,V,C,V,0.02,0.02
30/06/2024,13:30,[13:15-13:30[,S,F,V,C,V,0.02,0.02
30/06/2024,13:45,[13:30-13:45[,S,F,V,C,V,0.02,0.02
30/06/2024,14:00,[13:45-14:00[,S,F,V,C,V,0.02,0.02
30/06/2024,14:15,[14:00-14:15[,S,F,V,C,V,40.00,0.00
30/06/2024,14:30,[14:15-14:30[,S,F,V,C,V,40.00,0.00
30/06/2024,14:45,[14:30-14:45[,S,F,V,C,V,40.00,0.00
30/06/2024,15:00,[14:45-15:00[,S,F,V,C,V,40.00,0.00
30/06/2024,15:15,[15:00-15:15[,S,F,V,C,V,4.99,0.94
30/06/2024,15:30,[15:15-15:30[,S,F,V,C,V,4.99,0.94
30/06/2024,15:45,[15:30-15:45[,S,F,V,C,V,4.99,0.94
30/06/2024,16:00,[15:45-16:00[,S,F,V,C,V,4.99,0.94
30/06/2024,16:15,[16:00-16:15[,S,F,V,C,V,3.60,3.60
30/06/2024,16:30,[16:15-16:30[,S,F,V,C,V,3.60,3.60
30/06/2024,16:45,[16:30-16:45[,S,F,V,C,V,3.60,3.60
30/06/2024,17:00,[16:45-17:00[,S,F,V,C,V,3.60,3.60
30/06/2024,17:15,[17:00-17:15[,S,F,V,C,V,27.43,27.43
30/06/2024,17:30,[17:15-17:30[,S,F,V,C,V,27.43,27.43
30/06/2024,17:45,[17:30-17:45[,S,F,V,C,V,27.43,27.43
30/06/2024,18:00,[17:45-18:00[,S,F,V,C,V,27.43,27.43
30/06/2024,18:15,[18:00-18:15[,S,F,V,C,V,46.62,46.62
30/06/2024,18:30,[18:15-18:30[,S,F,V,C,V,46.62,46.62
30/06/2024,18:45,[18:30-18:45[,S,F,V,C,V,46.62,46.62
30/06/2024,19:00,[18:45-19:00[,S,F,V,C,V,46.62,46.62
30/06/2024,19:15,[19:00-19:15[,S,F,V,C,V,59.10,59.10
30/06/2024,19:30,[19:15-19:30[,S,F,V,C,V,59.10,59.10
30/06/2024,19:45,[19:30-19:45[,S,F,V,P,V,59.10,59.10
30/06/2024,20:00,[19:45-20:00[,S,F,V,P,V,59.10,59.10
30/06/2024,20:15,[20:00-20:15[,S,F,V,P,V,101.64,101.64
30/06/2024,20:30,[20:15-20:30[,S,F,V,P,V,101.64,101.64
30/06/2024,20:45,[20:30-20:45[,S,F,V,P,V,101.64,101.64
30/06/2024,21:00,[20:45-21:00[,S,F,V,P,V,101.64,101.64
30/06/2024,21:15,[21:00-21:15[,S,F,V,C,V,103.22,103.22
30/06/2024,21:30,[21:15-21:30[,S,F,V,C,V,103.22,103.22
30/06/2024,21:45,[21:30-21:45[,S,F,V,C,V,103.22,103.22
30/06/2024,22:00,[21:45-22:00[,S,F,V,C,V,103.22,103.22
30/06/2024,22:15,[22:00-22:15[,S,V,V,V,V,100.92,100.92
30/06/2024,22:30,[22:15-22:30[,S,V,V,V,V,100.92,100.92
30/06/2024,22:45,[22:30-22:45[,S,V,V,V,V,100.92,100.92
30/06/2024,23:00,[22:45-23:00[,S,V,V,V,V,100.92,100.92
30/06/2024,23:15,[23:00-23:15[,S,V,V,V,V,73.37,73.37
30/06/2024,23:30,[23:15-23:30[,S,V,V,V,V,73.37,73.37
30/06/2024,23:45,[23:30-23:45[,S,V,V,V,V,73.37,73.37
30/06/2024,23:59,[23:45-00:00[,S,V,V,V,V,73.37,73.37
01/07/2024,00:15,[00:00-00:15[,S,V,V,V,V,67.30,67.30
01/07/2024,00:30,[00:15-00:30[,S,V,V,V,V,67.30,67.30
01/07/2024,00:45,[00:30-00:45[,S,V,V,V,V,67.30,67.30
01/07/2024,01:00,[00:45-01:00[,S,V,V,V,V,67.30,67.30
01/07/2024,01:15,[01:00-01:15[,S,V,V,V,V,60.00,60.00
01/07/2024,01:30,[01:15-01:30[,S,V,V,V,V,60.00,60.00
01/07/2024,01:45,[01:30-01:45[,S,V,V,V,V,60.00,60.00
01/07/2024,02:00,[01:45-02:00[,S,V,V,V,V,60.00,60.00
01/07/2024,02:15,[02:00-02:15[,S,V,V,V,V,66.54,66.54
01/07/2024,02:30,[02:15-02:30[,S,V,V,V,V,66.54,66.54
01/07/2024,02:45,[02:30-02:45[,S,V,V,V,V,66.54,66.54
01/07/2024,03:00,[02:45-03:00[,S,V,V,V,V,66.54,66.54
01/07/2024,03:15,[03:00-03:15[,S,V,V,V,V,50.20,50.20
01/07/2024,03:30,[03:15-03:30[,S,V,V,V,V,50.20,50.20
01/07/2024,03:45,[03:30-03:45[,S,V,V,V,V,50.20,50.20
01/07/2024,04:00,[03:45-04:00[,S,V,V,V,V,50.20,50.20
01/07/2024,04:15,[04:00-04:15[,S,V,V,V,V,51.90,51.90
01/07/2024,04:30,[04:15-04:30[,S,V,V,V,V,51.90,51.90
01/07/2024,04:45,[04:30-04:45[,S,V,V,V,V,51.90,51.90
01/07/2024,05:00,[04:45-05:00[,S,V,V,V,V,51.90,51.90
01/07/2024,05:15,[05:00-05:15[,S,V,V,V,V,59.26,59.26
01/07/2024,05:30,[05:15-05:30[,S,V,V,V,V,59.26,59.26
01/07/2024,05:45,[05:30-05:45[,S,V,V,V,V,59.26,59.26
01/07/2024,06:00,[05:45-06:00[,S,V,V,V,V,59.26,59.26
01/07/2024,06:15,[06:00-06:15[,S,V,V,V,V,87.57,87.57
01/07/2024,06:30,[06:15-06:30[,S,V,V,V,V,87.57,87.57
01/07/2024,06:45,[06:30-06:45[,S,V,V,V,V,87.57,87.57
01/07/2024,07:00,[06:45-07:00[,S,V,V,V,V,87.57,87.57
01/07/2024,07:15,[07:00-07:15[,S,V,F,V,C,71.18,71.18
01/07/2024,07:30,[07:15-07:30[,S,V,F,V,C,71.18,71.18
01/07/2024,07:45,[07:30-07:45[,S,V,F,V,C,71.18,71.18
01/07/2024,08:00,[07:45-08:00[,S,V,F,V,C,71.18,71.18
01/07/2024,08:15,[08:00-08:15[,S,F,F,C,C,50.03,50.03
01/07/2024,08:30,[08:15-08:30[,S,F,F,C,C,50.03,50.03
01/07/2024,08:45,[08:30-08:45[,S,F,F,C,C,50.03,50.03
01/07/2024,09:00,[08:45-09:00[,S,F,F,C,C,50.03,50.03
01/07/2024,09:15,[09:00-09:15[,S,F,F,C,C,45.00,44.52
01/07/2024,09:30,[09:15-09:30[,S,F,F,C,P,45.00,44.52
01/07/2024,09:45,[09:30-09:45[,S,F,F,C,P,45.00,44.52
01/07/2024,10:00,[09:45-10:00[,S,F,F,C,P,45.00,44.52
01/07/2024,10:15,[10:00-10:15[,S,F,F,C,P,49.50,35.01
01/07/2024,10:30,[10:15-10:30[,S,F,F,C,P,49.50,35.01
01/07/2024,10:45,[10:30-10:45[,S,F,F,P,P,49.50,35.01
01/07/2024,11:00,[10:45-11:00[,S,F,F,P,P,49.50,35.01
01/07/2024,11:15,[11:00-11:15[,S,F,F,P,P,49.50,35.01
01/07/2024,11:30,[11:15-11:30[,S,F,F,P,P,49.50,35.01
01/07/2024,11:45,[11:30-11:45[,S,F,F,P,P,49.50,35.01
01/07/2024,12:00,[11:45-12:00[,S,F,F,P,P,49.50,35.01
01/07/2024,12:15,[12:00-12:15[,S,F,F,P,P,49.50,35.00
01/07/2024,12:30,[12:15-12:30[,S,F,F,P,C,49.50,35.00
01/07/2024,12:45,[12:30-12:45[,S,F,F,P,C,49.50,35.00
01/07/2024,13:00,[12:45-13:00[,S,F,F,P,C,49.50,35.00
01/07/2024,13:15,[13:00-13:15[,S,F,F,C,C,49.50,21.17
01/07/2024,13:30,[13:15-13:30[,S,F,F,C,C,49.50,21.17
01/07/2024,13:45,[13:30-13:45[,S,F,F,C,C,49.50,21.17
01/07/2024,14:00,[13:45-14:00[,S,F,F,C,C,49.50,21.17
01/07/2024,14:15,[14:00-14:15[,S,F,F,C,C,48.87,15.02
01/07/2024,14:30,[14:15-14:30[,S,F,F,C,C,48.87,15.02
01/07/2024,14:45,[14:30-14:45[,S,F,F,C,C,48.87,15.02
01/07/2024,15:00,[14:45-15:00[,S,F,F,C,C,48.87,15.02
01/07/2024,15:15,[15:00-15:15[,S,F,F,C,C,48.87,10.15
01/07/2024,15:30,[15:15-15:30[,S,F,F,C,C,48.87,10.15
01/07/2024,15:45,[15:30-15:45[,S,F,F,C,C,48.87,10.15
01/07/2024,16:00,[15:45-16:00[,S,F,F,C,C,48.87,10.15
01/07/2024,16:15,[16:00-16:15[,S,F,F,C,C,48.87,21.17
01/07/2024,16:30,[16:15-16:30[,S,F,F,C,C,48.87,21.17
01/07/2024,16:45,[16:30-16:45[,S,F,F,C,C,48.87,21.17
01/07/2024,17:00,[16:45-17:00[,S,F,F,C,C,48.87,21.17
01/07/2024,17:15,[17:00-17:15[,S,F,F,C,C,48.87,35.02
01/07/2024,17:30,[17:15-17:30[,S,F,F,C,C,48.87,35.02
01/07/2024,17:45,[17:30-17:45[,S,F,F,C,C,48.87,35.02
01/07/2024,18:00,[17:45-18:00[,S,F,F,C,C,48.87,35.02
01/07/2024,18:15,[18:00-18:15[,S,F,F,C,C,49.28,49.28
01/07/2024,18:30,[18:15-18:30[,S,F,F,C,C,49.28,49.28
01/07/2024,18:45,[18:30-18:45[,S,F,F,C,C,49.28,49.28
01/07/2024,19:00,[18:45-19:00[,S,F,F,C,C,49.28,49.28
01/07/2024,19:15,[19:00-19:15[,S,F,F,C,C,71.18,71.18
01/07/2024,19:30,[19:15-19:30[,S,F,F,C,C,71.18,71.18
01/07/2024,19:45,[19:30-19:45[,S,F,F,P,C,71.18,71.18
01/07/2024,20:00,[19:45-20:00[,S,F,F,P,C,71.18,71.18
01/07/2024,20:15,[20:00-20:15[,S,F,F,P,C,80.79,80.79
01/07/2024,20:30,[20:15-20:30[,S,F,F,P,C,80.79,80.79
01/07/2024,20:45,[20:30-20:45[,S,F,F,P,C,80.79,80.79
01/07/2024,21:00,[20:45-21:00[,S,F,F,P,C,80.79,80.79
01/07/2024,21:15,[21:00-21:15[,S,F,F,C,C,99.26,99.26
01/07/2024,21:30,[21:15-21:30[,S,F,F,C,C,99.26,99.26
01/07/2024,21:45,[21:30-21:45[,S,F,F,C,C,99.26,99.26
01/07/2024,22:00,[21:45-22:00[,S,F,F,C,C,99.26,99.26
01/07/2024,22:15,[22:00-22:15[,S,V,F,V,C,87.46,87.46
01/07/2024,22:30,[22:15-22:30[,S,V,F,V,C,87.46,87.46
01/07/2024,22:45,[22:30-22:45[,S,V,F,V,C,87.46,87.46
01/07/2024,23:00,[22:45-23:00[,S,V,F,V,C,87.46,87.46
01/07/2024,23:15,[23:00-23:15[,S,V,F,V,C,65.53,65.53
01/07/2024,23:30,[23:15-23:30[,S,V,F,V,C,65.53,65.53
01/07/2024,23:45,[23:30-23:45[,S,V,F,V,C,65.53,65.53
01/07/2024,23:59,[23:45-00:00[,S,V,F,V,C,65.53,65.53
02/07/2024,00:15,[00:00-00:15[,S,V,V,V,V,49.90,49.90
02/07/2024,00:30,[00:15-00:30[,S,V,V,V,V,49.90,49.90
02/07/2024,00:45,[00:30-00:45[,S,V,V,V,V,49.90,49.90
02/07/2024,01:00,[00:45-01:00[,S,V,V,V,V,49.90,49.90
02/07/2024,01:15,[01:00-01:15[,S,V,V,V,V,49.29,39.69
02/07/2024,01:30,[01:15-01:30[,S,V,V,V,V,49.29,39.69
02/07/2024,01:45,[01:30-01:45[,S,V,V,V,V,49.29,39.69
02/07/2024,02:00,[01:45-02:00[,S,V,V,V,V,49.29,39.69
02/07/2024,02:15,[02:00-02:15[,S,V,V,V,V,49.08,38.01
02/07/2024,02:30,[02:15-02:30[,S,V,V,V,V,49.08,38.01
02/07/2024,02:45,[02:30-02:45[,S,V,V,V,V,49.08,38.01
02/07/2024,03:00,[02:45-03:00[,S,V,V,V,V,49.08,38.01
02/07/2024,03:15,[03:00-03:15[,S,V,V,V,V,49.08,37.75
02/07/2024,03:30,[03:15-03:30[,S,V,V,V,V,49.08,37.75
02/07/2024,03:45,[03:30-03:45[,S,V,V,V,V,49.08,37.75
02/07/2024,04:00,[03:45-04:00[,S,V,V,V,V,49.08,37.75
02/07/2024,04:15,[04:00-04:15[,S,V,V,V,V,49.08,41.07
02/07/2024,04:30,[04:15-04:30[,S,V,V,V,V,49.08,41.07
02/07/2024,04:45,[04:30-04:45[,S,V,V,V,V,49.08,41.07
02/07/2024,05:00,[04:45-05:00[,S,V,V,V,V,49.08,41.07
02/07/2024,05:15,[05:00-05:15[,S,V,V,V,V,55.00,55.00
02/07/2024,05:30,[05:15-05:30[,S,V,V,V,V,55.00,55.00
02/07/2024,05:45,[05:30-05:45[,S,V,V,V,V,55.00,55.00
02/07/2024,06:00,[05:45-06:00[,S,V,V,V,V,55.00,55.00
02/07/2024,06:15,[06:00-06:15[,S,V,V,V,V,81.82,81.82
02/07/2024,06:30,[06:15-06:30[,S,V,V,V,V,81.82,81.82
02/07/2024,06:45,[06:30-06:45[,S,V,V,V,V,81.82,81.82
02/07/2024,07:00,[06:45-07:00[,S,V,V,V,V,81.82,81.82
02/07/2024,07:15,[07:00-07:15[,S,V,F,V,C,61.66,61.66
02/07/2024,07:30,[07:15-07:30[,S,V,F,V,C,61.66,61.66
02/07/2024,07:45,[07:30-07:45[,S,V,F,V,C,61.66,61.66
02/07/2024,08:00,[07:45-08:00[,S,V,F,V,C,61.66,61.66
02/07/2024,08:15,[08:00-08:15[,S,F,F,C,C,45.00,45.00
02/07/2024,08:30,[08:15-08:30[,S,F,F,C,C,45.00,45.00
02/07/2024,08:45,[08:30-08:45[,S,F,F,C,C,45.00,45.00
02/07/2024,09:00,[08:45-09:00[,S,F,F,C,C,45.00,45.00
02/07/2024,09:15,[09:00-09:15[,S,F,F,C,C,35.00,35.00
02/07/2024,09:30,[09:15-09:30[,S,F,F,C,P,35.00,35.00
02/07/2024,09:45,[09:30-09:45[,S,F,F,C,P,35.00,35.00
02/07/2024,10:00,[09:45-10:00[,S,F,F,C,P,35.00,35.00
02/07/2024,10:15,[10:00-10:15[,S,F,F,C,P,48.87,30.90
02/07/2024,10:30,[10:15-10:30[,S,F,F,C,P,48.87,30.90
02/07/2024,10:45,[10:30-10:45[,S,F,F,P,P,48.87,30.90
02/07/2024,11:00,[10:45-11:00[,S,F,F,P,P,48.87,30.90
02/07/2024,11:15,[11:00-11:15[,S,F,F,P,P,48.87,26.79
02/07/2024,11:30,[11:15-11:30[,S,F,F,P,P,48.87,26.79
02/07/2024,11:45,[11:30-11:45[,S,F,F,P,P,48.87,26.79
02/07/2024,12:00,[11:45-12:00[,S,F,F,P,P,48.87,26.79
02/07/2024,12:15,[12:00-12:15[,S,F,F,P,P,48.87,24.99
02/07/2024,12:30,[12:15-12:30[,S,F,F,P,C,48.87,24.99
02/07/2024,12:45,[12:30-12:45[,S,F,F,P,C,48.87,24.99
02/07/2024,13:00,[12:45-13:00[,S,F,F,P,C,48.87,24.99
02/07/2024,13:15,[13:00-13:15[,S,F,F,C,C,41.60,17.95
02/07/2024,13:30,[13:15-13:30[,S,F,F,C,C,41.60,17.95
02/07/2024,13:45,[13:30-13:45[,S,F,F,C,C,41.60,17.95
02/07/2024,14:00,[13:45-14:00[,S,F,F,C,C,41.60,17.95
02/07/2024,14:15,[14:00-14:15[,S,F,F,C,C,49.50,4.00
02/07/2024,14:30,[14:15-14:30[,S,F,F,C,C,49.50,4.00
02/07/2024,14:45,[14:30-14:45[,S,F,F,C,C,49.50,4.00
02/07/2024,15:00,[14:45-15:00[,S,F,F,C,C,49.50,4.00
02/07/2024,15:15,[15:00-15:15[,S,F,F,C,C,49.29,4.00
02/07/2024,15:30,[15:15-15:30[,S,F,F,C,C,49.29,4.00
02/07/2024,15:45,[15:30-15:45[,S,F,F,C,C,49.29,4.00
02/07/2024,16:00,[15:45-16:00[,S,F,F,C,C,49.29,4.00
02/07/2024,16:15,[16:00-16:15[,S,F,F,C,C,49.50,10.96
02/07/2024,16:30,[16:15-16:30[,S,F,F,C,C,49.50,10.96
02/07/2024,16:45,[16:30-16:45[,S,F,F,C,C,49.50,10.96
02/07/2024,17:00,[16:45-17:00[,S,F,F,C,C,49.50,10.96
02/07/2024,17:15,[17:00-17:15[,S,F,F,C,C,35.00,35.00
02/07/2024,17:30,[17:15-17:30[,S,F,F,C,C,35.00,35.00
02/07/2024,17:45,[17:30-17:45[,S,F,F,C,C,35.00,35.00
02/07/2024,18:00,[17:45-18:00[,S,F,F,C,C,35.00,35.00
02/07/2024,18:15,[18:00-18:15[,S,F,F,C,C,46.60,37.75
02/07/2024,18:30,[18:15-18:30[,S,F,F,C,C,46.60,37.75
02/07/2024,18:45,[18:30-18:45[,S,F,F,C,C,46.60,37.75
02/07/2024,19:00,[18:45-19:00[,S,F,F,C,C,46.60,37.75
02/07/2024,19:15,[19:00-19:15[,S,F,F,C,C,74.64,74.64
02/07/2024,19:30,[19:15-19:30[,S,F,F,C,C,74.64,74.64
02/07/2024,19:45,[19:30-19:45[,S,F,F,P,C,74.64,74.64
02/07/2024,20:00,[19:45-20:00[,S,F,F,P,C,74.64,74.64
02/07/2024,20:15,[20:00-20:15[,S,F,F,P,C,110.41,110.41
02/07/2024,20:30,[20:15-20:30[,S,F,F,P,C,110.41,110.41
02/07/2024,20:45,[20:30-20:45[,S,F,F,P,C,110.41,110.41
02/07/2024,21:00,[20:45-21:00[,S,F,F,P,C,110.41,110.41
02/07/2024,21:15,[21:00-21:15[,S,F,F,C,C,109.45,109.45
02/07/2024,21:30,[21:15-21:30[,S,F,F,C,C,109.45,109.45
02/07/2024,21:45,[21:30-21:45[,S,F,F,C,C,109.45,109.45
02/07/2024,22:00,[21:45-22:00[,S,F,F,C,C,109.45,109.45
02/07/2024,22:15,[22:00-22:15[,S,V,F,V,C,89.99,89.99
02/07/2024,22:30,[22:15-22:30[,S,V,F,V,C,89.99,89.99
02/07/2024,22:45,[22:30-22:45[,S,V,F,V,C,89.99,89.99
02/07/2024,23:00,[22:45-23:00[,S,V,F,V,C,89.99,89.99
02/07/2024,23:15,[23:00-23:15[,S,V,F,V,C,94.22,94.22
02/07/2024,23:30,[23:15-23:30[,S,V,F,V,C,94.22,94.22
02/07/2024,23:45,[23:30-23:45[,S,V,F,V,C,94.22,94.22
02/07/2024,23:59,[23:45-00:00[,S,V,F,V,C,94.22,94.22
03/07/2024,00:15,[00:00-00:15[,S,V,V,V,V,83.79,83.79
03/07/2024,00:30,[00:15-00:30[,S,V,V,V,V,83.79,83.79
03/07/2024,00:45,[00:30-00:45[,S,V,V,V,V,83.79,83.79
03/07/2024,01:00,[00:45-01:00[,S,V,V,V,V,83.79,83.79
03/07/2024,01:15,[01:00-01:15[,S,V,V,V,V,80.00,80.00
03/07/2024,01:30,[01:15-01:30[,S,V,V,V,V,80.00,80.00
03/07/2024,01:45,[01:30-01:45[,S,V,V,V,V,80.00,80.00
03/07/2024,02:00,[01:45-02:00[,S,V,V,V,V,80.00,80.00
03/07/2024,02:15,[02:00-02:15[,S,V,V,V,V,72.00,72.00
03/07/2024,02:30,[02:15-02:30[,S,V,V,V,V,72.00,72.00
03/07/2024,02:45,[02:30-02:45[,S,V,V,V,V,72.00,72.00
03/07/2024,03:00,[02:45-03:00[,S,V,V,V,V,72.00,72.00
03/07/2024,03:15,[03:00-03:15[,S,V,V,V,V,70.80,70.80
03/07/2024,03:30,[03:15-03:30[,S,V,V,V,V,70.80,70.80
03/07/2024,03:45,[03:30-03:45[,S,V,V,V,V,70.80,70.80
03/07/2024,04:00,[03:45-04:00[,S,V,V,V,V,70.80,70.80
03/07/2024,04:15,[04:00-04:15[,S,V,V,V,V,65.65,65.65
03/07/2024,04:30,[04:15-04:30[,S,V,V,V,V,65.65,65.65
03/07/2024,04:45,[04:30-04:45[,S,V,V,V,V,65.65,65.65
03/07/2024,05:00,[04:45-05:00[,S,V,V,V,V,65.65,65.65
03/07/2024,05:15,[05:00-05:15[,S,V,V,V,V,85.00,85.00
03/07/2024,05:30,[05:15-05:30[,S,V,V,V,V,85.00,85.00
03/07/2024,05:45,[05:30-05:45[,S,V,V,V,V,85.00,85.00
03/07/2024,06:00,[05:45-06:00[,S,V,V,V,V,85.00,85.00
03/07/2024,06:15,[06:00-06:15[,S,V,V,V,V,99.77,99.77
03/07/2024,06:30,[06:15-06:30[,S,V,V,V,V,99.77,99.77
03/07/2024,06:45,[06:30-06:45[,S,V,V,V,V,99.77,99.77
03/07/2024,07:00,[06:45-07:00[,S,V,V,V,V,99.77,99.77
03/07/2024,07:15,[07:00-07:15[,S,V,F,V,C,95.75,95.75
03/07/2024,07:30,[07:15-07:30[,S,V,F,V,C,95.75,95.75
03/07/2024,07:45,[07:30-07:45[,S,V,F,V,C,95.75,95.75
03/07/2024,08:00,[07:45-08:00[,S,V,F,V,C,95.75,95.75
03/07/2024,08:15,[08:00-08:15[,S,F,F,C,C,76.00,76.00
03/07/2024,08:30,[08:15-08:30[,S,F,F,C,C,76.00,76.00
03/07/2024,08:45,[08:30-08:45[,S,F,F,C,C,76.00,76.00
03/07/2024,09:00,[08:45-09:00[,S,F,F,C,C,76.00,76.00
03/07/2024,09:15,[09:00-09:15[,S,F,F,C,C,54.08,54.08
03/07/2024,09:30,[09:15-09:30[,S,F,F,C,P,54.08,54.08
03/07/2024,09:45,[09:30-09:45[,S,F,F,C,P,54.08,54.08
03/07/2024,10:00,[09:45-10:00[,S,F,F,C,P,54.08,54.08
03/07/2024,10:15,[10:00-10:15[,S,F,F,C,P,54.08,40.25
03/07/2024,10:30,[10:15-10:30[,S,F,F,C,P,54.08,40.25
03/07/2024,10:45,[10:30-10:45[,S,F,F,P,P,54.08,40.25
03/07/2024,11:00,[10:45-11:00[,S,F,F,P,P,54.08,40.25
03/07/2024,11:15,[11:00-11:15[,S,F,F,P,P,53.87,35.00
03/07/2024,11:30,[11:15-11:30[,S,F,F,P,P,53.87,35.00
03/07/2024,11:45,[11:30-11:45[,S,F,F,P,P,53.87,35.00
03/07/2024,12:00,[11:45-12:00[,S,F,F,P,P,53.87,35.00
03/07/2024,12:15,[12:00-12:15[,S,F,F,P,P,46.60,21.34
03/07/2024,12:30,[12:15-12:30[,S,F,F,P,C,46.60,21.34
03/07/2024,12:45,[12:30-12:45[,S,F,F,P,C,46.60,21.34
03/07/2024,13:00,[12:45-13:00[,S,F,F,P,C,46.60,21.34
03/07/2024,13:15,[13:00-13:15[,S,F,F,C,C,41.60,14.00
03/07/2024,13:30,[13:15-13:30[,S,F,F,C,C,41.60,14.00
03/07/2024,13:45,[13:30-13:45[,S,F,F,C,C,41.60,14.00
03/07/2024,14:00,[13:45-14:00[,S,F,F,C,C,41.60,14.00
03/07/2024,14:15,[14:00-14:15[,S,F,F,C,C,53.87,8.68
03/07/2024,14:30,[14:15-14:30[,S,F,F,C,C,53.87,8.68
03/07/2024,14:45,[14:30-14:45[,S,F,F,C,C,53.87,8.68
03/07/2024,15:00,[14:45-15:00[,S,F,F,C,C,53.87,8.68
03/07/2024,15:15,[15:00-15:15[,S,F,F,C,C,53.87,3.60
03/07/2024,15:30,[15:15-15:30[,S,F,F,C,C,53.87,3.60
03/07/2024,15:45,[15:30-15:45[,S,F,F,C,C,53.87,3.60
03/07/2024,16:00,[15:45-16:00[,S,F,F,C,C,53.87,3.60
03/07/2024,16:15,[16:00-16:15[,S,F,F,C,C,54.08,12.17
03/07/2024,16:30,[16:15-16:30[,S,F,F,C,C,54.08,12.17
03/07/2024,16:45,[16:30-16:45[,S,F,F,C,C,54.08,12.17
03/07/2024,17:00,[16:45-17:00[,S,F,F,C,C,54.08,12.17
03/07/2024,17:15,[17:00-17:15[,S,F,F,C,C,34.27,34.27
03/07/2024,17:30,[17:15-17:30[,S,F,F,C,C,34.27,34.27
03/07/2024,17:45,[17:30-17:45[,S,F,F,C,C,34.27,34.27
03/07/2024,18:00,[17:45-18:00[,S,F,F,C,C,34.27,34.27
03/07/2024,18:15,[18:00-18:15[,S,F,F,C,C,51.27,35.02
03/07/2024,18:30,[18:15-18:30[,S,F,F,C,C,51.27,35.02
03/07/2024,18:45,[18:30-18:45[,S,F,F,C,C,51.27,35.02
03/07/2024,19:00,[18:45-19:00[,S,F,F,C,C,51.27,35.02
03/07/2024,19:15,[19:00-19:15[,S,F,F,C,C,89.90,89.90
03/07/2024,19:30,[19:15-19:30[,S,F,F,C,C,89.90,89.90
03/07/2024,19:45,[19:30-19:45[,S,F,F,P,C,89.90,89.90
03/07/2024,20:00,[19:45-20:00[,S,F,F,P,C,89.90,89.90
03/07/2024,20:15,[20:00-20:15[,S,F,F,P,C,107.51,107.51
03/07/2024,20:30,[20:15-20:30[,S,F,F,P,C,107.51,107.51
03/07/2024,20:45,[20:30-20:45[,S,F,F,P,C,107.51,107.51
03/07/2024,21:00,[20:45-21:00[,S,F,F,P,C,107.51,107.51
03/07/2024,21:15,[21:00-21:15[,S,F,F,C,C,106.49,106.49
03/07/2024,21:30,[21:15-21:30[,S,F,F,C,C,106.49,106.49
03/07/2024,21:45,[21:30-21:45[,S,F,F,C,C,106.49,106.49
03/07/2024,22:00,[21:45-22:00[,S,F,F,C,C,106.49,106.49
03/07/2024,22:15,[22:00-22:15[,S,V,F,V,C,95.66,95.66
03/07/2024,22:30,[22:15-22:30[,S,V,F,V,C,95.66,95.66
03/07/2024,22:45,[22:30-22:45[,S,V,F,V,C,95.66,95.66
03/07/2024,23:00,[22:45-23:00[,S,V,F,V,C,95.66,95.66
03/07/2024,23:15,[23:00-23:15[,S,V,F,V,C,94.94,94.94
03/07/2024,23:30,[23:15-23:30[,S,V,F,V,C,94.94,94.94
03/07/2024,23:45,[23:30-23:45[,S,V,F,V,C,94.94,94.94
03/07/2024,23:59,[23:45-00:00[,S,V,F,V,C,94.94,94.94
04/07/2024,00:15,[00:00-00:15[,S,V,V,V,V,80.00,80.00
04/07/2024,00:30,[00:15-00:30[,S,V,V,V,V,80.00,80.00
04/07/2024,00:45,[00:30-00:45[,S,V,V,V,V,80.00,80.00
04/07/2024,01:00,[00:45-01:00[,S,V,V,V,V,80.00,80.00
04/07/2024,01:15,[01:00-01:15[,S,V,V,V,V,72.50,72.50
04/07/2024,01:30,[01:15-01:30[,S,V,V,V,V,72.50,72.50
04/07/2024,01:45,[01:30-01:45[,S,V,V,V,V,72.50,72.50
04/07/2024,02:00,[01:45-02:00[,S,V,V,V,V,72.50,72.50
04/07/2024,02:15,[02:00-02:15[,S,V,V,V,V,83.54,83.54
04/07/2024,02:30,[02:15-02:30[,S,V,V,V,V,83.54,83.54
04/07/2024,02:45,[02:30-02:45[,S,V,V,V,V,83.54,83.54
04/07/2024,03:00,[02:45-03:00[,S,V,V,V,V,83.54,83.54
04/07/2024,03:15,[03:00-03:15[,S,V,V,V,V,80.00,80.00
04/07/2024,03:30,[03:15-03:30[,S,V,V,V,V,80.00,80.00
04/07/2024,03:45,[03:30-03:45[,S,V,V,V,V,80.00,80.00
04/07/2024,04:00,[03:45-04:00[,S,V,V,V,V,80.00,80.00
04/07/2024,04:15,[04:00-04:15[,S,V,V,V,V,86.27,86.27
04/07/2024,04:30,[04:15-04:30[,S,V,V,V,V,86.27,86.27
04/07/2024,04:45,[04:30-04:45[,S,V,V,V,V,86.27,86.27
04/07/2024,05:00,[04:45-05:00[,S,V,V,V,V,86.27,86.27
04/07/2024,05:15,[05:00-05:15[,S,V,V,V,V,96.04,96.04
04/07/2024,05:30,[05:15-05:30[,S,V,V,V,V,96.04,96.04
04/07/2024,05:45,[05:30-05:45[,S,V,V,V,V,96.04,96.04
04/07/2024,06:00,[05:45-06:00[,S,V,V,V,V,96.04,96.04
04/07/2024,06:15,[06:00-06:15[,S,V,V,V,V,99.88,99.88
04/07/2024,06:30,[06:15-06:30[,S,V,V,V,V,99.88,99.88
04/07/2024,06:45,[06:30-06:45[,S,V,V,V,V,99.88,99.88
04/07/2024,07:00,[06:45-07:00[,S,V,V,V,V,99.88,99.88
04/07/2024,07:15,[07:00-07:15[,S,V,F,V,C,83.82,83.82
04/07/2024,07:30,[07:15-07:30[,S,V,F,V,C,83.82,83.82
04/07/2024,07:45,[07:30-07:45[,S,V,F,V,C,83.82,83.82
04/07/2024,08:00,[07:45-08:00[,S,V,F,V,C,83.82,83.82
04/07/2024,08:15,[08:00-08:15[,S,F,F,C,C,40.00,40.00
04/07/2024,08:30,[08:15-08:30[,S,F,F,C,C,40.00,40.00
04/07/2024,08:45,[08:30-08:45[,S,F,F,C,C,40.00,40.00
04/07/2024,09:00,[08:45-09:00[,S,F,F,C,C,40.00,40.00
04/07/2024,09:15,[09:00-09:15[,S,F,F,C,C,38.50,4.83
04/07/2024,09:30,[09:15-09:30[,S,F,F,C,P,38.50,4.83
04/07/2024,09:45,[09:30-09:45[,S,F,F,C,P,38.50,4.83
04/07/2024,10:00,[09:45-10:00[,S,F,F,C,P,38.50,4.83
04/07/2024,10:15,[10:00-10:15[,S,F,F,C,P,37.87,0.00
04/07/2024,10:30,[10:15-10:30[,S,F,F,C,P,37.87,0.00
04/07/2024,10:45,[10:30-10:45[,S,F,F,P,P,37.87,0.00
04/07/2024,11:00,[10:45-11:00[,S,F,F,P,P,37.87,0.00
04/07/2024,11:15,[11:00-11:15[,S,F,F,P,P,37.87,0.00
04/07/2024,11:30,[11:15-11:30[,S,F,F,P,P,37.87,0.00
04/07/2024,11:45,[11:30-11:45[,S,F,F,P,P,37.87,0.00
04/07/2024,12:00,[11:45-12:00[,S,F,F,P,P,37.87,0.00
04/07/2024,12:15,[12:00-12:15[,S,F,F,P,P,37.87,0.00
04/07/2024,12:30,[12:15-12:30[,S,F,F,P,C,37.87,0.00
04/07/2024,12:45,[12:30-12:45[,S,F,F,P,C,37.87,0.00
04/07/2024,13:00,[12:45-13:00[,S,F,F,P,C,37.87,0.00
04/07/2024,13:15,[13:00-13:15[,S,F,F,C,C,37.87,0.00
04/07/2024,13:30,[13:15-13:30[,S,F,F,C,C,37.87,0.00
04/07/2024,13:45,[13:30-13:45[,S,F,F,C,C,37.87,0.00
04/07/2024,14:00,[13:45-14:00[,S,F,F,C,C,37.87,0.00
04/07/2024,14:15,[14:00-14:15[,S,F,F,C,C,82.70,-0.82
04/07/2024,14:30,[14:15-14:30[,S,F,F,C,C,82.70,-0.82
04/07/2024,14:45,[14:30-14:45[,S,F,F,C,C,82.70,-0.82
04/07/2024,15:00,[14:45-15:00[,S,F,F,C,C,82.70,-0.82
04/07/2024,15:15,[15:00-15:15[,S,F,F,C,C,83.82,-0.82
04/07/2024,15:30,[15:15-15:30[,S,F,F,C,C,83.82,-0.82
04/07/2024,15:45,[15:30-15:45[,S,F,F,C,C,83.82,-0.82
04/07/2024,16:00,[15:45-16:00[,S,F,F,C,C,83.82,-0.82
04/07/2024,16:15,[16:00-16:15[,S,F,F,C,C,96.77,0.00
04/07/2024,16:30,[16:15-16:30[,S,F,F,C,C,96.77,0.00
04/07/2024,16:45,[16:30-16:45[,S,F,F,C,C,96.77,0.00
04/07/2024,17:00,[16:45-17:00[,S,F,F,C,C,96.77,0.00
04/07/2024,17:15,[17:00-17:15[,S,F,F,C,C,38.29,6.77
04/07/2024,17:30,[17:15-17:30[,S,F,F,C,C,38.29,6.77
04/07/2024,17:45,[17:30-17:45[,S,F,F,C,C,38.29,6.77
04/07/2024,18:00,[17:45-18:00[,S,F,F,C,C,38.29,6.77
04/07/2024,18:15,[18:00-18:15[,S,F,F,C,C,61.36,42.38
04/07/2024,18:30,[18:15-18:30[,S,F,F,C,C,61.36,42.38
04/07/2024,18:45,[18:30-18:45[,S,F,F,C,C,61.36,42.38
04/07/2024,19:00,[18:45-19:00[,S,F,F,C,C,61.36,42.38
04/07/2024,19:15,[19:00-19:15[,S,F,F,C,C,86.90,86.90
04/07/2024,19:30,[19:15-19:30[,S,F,F,C,C,86.90,86.90
04/07/2024,19:45,[19:30-19:45[,S,F,F,P,C,86.90,86.90
04/07/2024,20:00,[19:45-20:00[,S,F,F,P,C,86.90,86.90
04/07/2024,20:15,[20:00-20:15[,S,F,F,P,C,99.64,99.64
04/07/2024,20:30,[20:15-20:30[,S,F,F,P,C,99.64,99.64
04/07/2024,20:45,[20:30-20:45[,S,F,F,P,C,99.64,99.64
04/07/2024,21:00,[20:45-21:00[,S,F,F,P,C,99.64,99.64
04/07/2024,21:15,[21:00-21:15[,S,F,F,C,C,98.50,98.50
04/07/2024,21:30,[21:15-21:30[,S,F,F,C,C,98.50,98.50
04/07/2024,21:45,[21:30-21:45[,S,F,F,C,C,98.50,98.50
04/07/2024,22:00,[21:45-22:00[,S,F,F,C,C,98.50,98.50
04/07/2024,22:15,[22:00-22:15[,S,V,F,V,C,90.00,90.00
04/07/2024,22:30,[22:15-22:30[,S,V,F,V,C,90.00,90.00
04/07/2024,22:45,[22:30-22:45[,S,V,F,V,C,90.00,90.00
04/07/2024,23:00,[22:45-23:00[,S,V,F,V,C,90.00,90.00
04/07/2024,23:15,[23:00-23:15[,S,V,F,V,C,81.66,81.66
04/07/2024,23:30,[23:15-23:30[,S,V,F,V,C,81.66,81.66
04/07/2024,23:45,[23:30-23:45[,S,V,F,V,C,81.66,81.66
04/07/2024,23:59,[23:45-00:00[,S,V,F,V,C,81.66,81.66
05/07/2024,00:15,[00:00-00:15[,S,V,V,V,V,81.66,81.66
05/07/2024,00:30,[00:15-00:30[,S,V,V,V,V,81.66,81.66
05/07/2024,00:45,[00:30-00:45[,S,V,V,V,V,81.66,81.66
05/07/2024,01:00,[00:45-01:00[,S,V,V,V,V,81.66,81.66
05/07/2024,01:15,[01:00-01:15[,S,V,V,V,V,81.42,81.42
05/07/2024,01:30,[01:15-01:30[,S,V,V,V,V,81.42,81.42
05/07/2024,01:45,[01:30-01:45[,S,V,V,V,V,81.42,81.42
05/07/2024,02:00,[01:45-02:00[,S,V,V,V,V,81.42,81.42
05/07/2024,02:15,[02:00-02:15[,S,V,V,V,V,87.75,87.75
05/07/2024,02:30,[02:15-02:30[,S,V,V,V,V,87.75,87.75
05/07/2024,02:45,[02:30-02:45[,S,V,V,V,V,87.75,87.75
05/07/2024,03:00,[02:45-03:00[,S,V,V,V,V,87.75,87.75
05/07/2024,03:15,[03:00-03:15[,S,V,V,V,V,88.20,88.20
05/07/2024,03:30,[03:15-03:30[,S,V,V,V,V,88.20,88.20
05/07/2024,03:45,[03:30-03:45[,S,V,V,V,V,88.20,88.20
05/07/2024,04:00,[03:45-04:00[,S,V,V,V,V,88.20,88.20
05/07/2024,04:15,[04:00-04:15[,S,V,V,V,V,90.01,90.01
05/07/2024,04:30,[04:15-04:30[,S,V,V,V,V,90.01,90.01
05/07/2024,04:45,[04:30-04:45[,S,V,V,V,V,90.01,90.01
05/07/2024,05:00,[04:45-05:00[,S,V,V,V,V,90.01,90.01
05/07/2024,05:15,[05:00-05:15[,S,V,V,V,V,95.33,95.33
05/07/2024,05:30,[05:15-05:30[,S,V,V,V,V,95.33,95.33
05/07/2024,05:45,[05:30-05:45[,S,V,V,V,V,95.33,95.33
05/07/2024,06:00,[05:45-06:00[,S,V,V,V,V,95.33,95.33
05/07/2024,06:15,[06:00-06:15[,S,V,V,V,V,104.25,104.25
05/07/2024,06:30,[06:15-06:30[,S,V,V,V,V,104.25,104.25
05/07/2024,06:45,[06:30-06:45[,S,V,V,V,V,104.25,104.25
05/07/2024,07:00,[06:45-07:00[,S,V,V,V,V,104.25,104.25
05/07/2024,07:15,[07:00-07:15[,S,V,F,V,C,91.43,91.43
05/07/2024,07:30,[07:15-07:30[,S,V,F,V,C,91.43,91.43
05/07/2024,07:45,[07:30-07:45[,S,V,F,V,C,91.43,91.43
05/07/2024,08:00,[07:45-08:00[,S,V,F,V,C,91.43,91.43
05/07/2024,08:15,[08:00-08:15[,S,F,F,C,C,59.50,59.50
05/07/2024,08:30,[08:15-08:30[,S,F,F,C,C,59.50,59.50
05/07/2024,08:45,[08:30-08:45[,S,F,F,C,C,59.50,59.50
05/07/2024,09:00,[08:45-09:00[,S,F,F,C,C,59.50,59.50
05/07/2024,09:15,[09:00-09:15[,S,F,F,C,C,35.01,35.01
05/07/2024,09:30,[09:15-09:30[,S,F,F,C,P,35.01,35.01
05/07/2024,09:45,[09:30-09:45[,S,F,F,C,P,35.01,35.01
05/07/2024,10:00,[09:45-10:00[,S,F,F,C,P,35.01,35.01
05/07/2024,10:15,[10:00-10:15[,S,F,F,C,P,29.00,29.00
05/07/2024,10:30,[10:15-10:30[,S,F,F,C,P,29.00,29.00
05/07/2024,10:45,[10:30-10:45[,S,F,F,P,P,29.00,29.00
05/07/2024,11:00,[10:45-11:00[,S,F,F,P,P,29.00,29.00
05/07/2024,11:15,[11:00-11:15[,S,F,F,P,P,12.29,7.44
05/07/2024,11:30,[11:15-11:30[,S,F,F,P,P,12.29,7.44
05/07/2024,11:45,[11:30-11:45[,S,F,F,P,P,12.29,7.44
05/07/2024,12:00,[11:45-12:00[,S,F,F,P,P,12.29,7.44
05/07/2024,12:15,[12:00-12:15[,S,F,F,P,P,11.87,3.32
05/07/2024,12:30,[12:15-12:30[,S,F,F,P,C,11.87,3.32
05/07/2024,12:45,[12:30-12:45[,S,F,F,P,C,11.87,3.32
05/07/2024,13:00,[12:45-13:00[,S,F,F,P,C,11.87,3.32
05/07/2024,13:15,[13:00-13:15[,S,F,F,C,C,10.93,3.32
05/07/2024,13:30,[13:15-13:30[,S,F,F,C,C,10.93,3.32
05/07/2024,13:45,[13:30-13:45[,S,F,F,C,C,10.93,3.32
05/07/2024,14:00,[13:45-14:00[,S,F,F,C,C,10.93,3.32
05/07/2024,14:15,[14:00-14:15[,S,F,F,C,C,7.21,1.23
05/07/2024,14:30,[14:15-14:30[,S,F,F,C,C,7.21,1.23
05/07/2024,14:45,[14:30-14:45[,S,F,F,C,C,7.21,1.23
05/07/2024,15:00,[14:45-15:00[,S,F,F,C,C,7.21,1.23
05/07/2024,15:15,[15:00-15:15[,S,F,F,C,C,3.32,3.32
05/07/2024,15:30,[15:15-15:30[,S,F,F,C,C,3.32,3.32
05/07/2024,15:45,[15:30-15:45[,S,F,F,C,C,3.32,3.32
05/07/2024,16:00,[15:45-16:00[,S,F,F,C,C,3.32,3.32
05/07/2024,16:15,[16:00-16:15[,S,F,F,C,C,17.42,17.42
05/07/2024,16:30,[16:15-16:30[,S,F,F,C,C,17.42,17.42
05/07/2024,16:45,[16:30-16:45[,S,F,F,C,C,17.42,17.42
05/07/2024,17:00,[16:45-17:00[,S,F,F,C,C,17.42,17.42
05/07/2024,17:15,[17:00-17:15[,S,F,F,C,C,38.00,38.00
05/07/2024,17:30,[17:15-17:30[,S,F,F,C,C,38.00,38.00
05/07/2024,17:45,[17:30-17:45[,S,F,F,C,C,38.00,38.00
05/07/2024,18:00,[17:45-18:00[,S,F,F,C,C,38.00,38.00
05/07/2024,18:15,[18:00-18:15[,S,F,F,C,C,63.31,63.31
05/07/2024,18:30,[18:15-18:30[,S,F,F,C,C,63.31,63.31
05/07/2024,18:45,[18:30-18:45[,S,F,F,C,C,63.31,63.31
05/07/2024,19:00,[18:45-19:00[,S,F,F,C,C,63.31,63.31
05/07/2024,19:15,[19:00-19:15[,S,F,F,C,C,82.70,82.70
05/07/2024,19:30,[19:15-19:30[,S,F,F,C,C,82.70,82.70
05/07/2024,19:45,[19:30-19:45[,S,F,F,P,C,82.70,82.70
05/07/2024,20:00,[19:45-20:00[,S,F,F,P,C,82.70,82.70
05/07/2024,20:15,[20:00-20:15[,S,F,F,P,C,95.00,95.00
05/07/2024,20:30,[20:15-20:30[,S,F,F,P,C,95.00,95.00
05/07/2024,20:45,[20:30-20:45[,S,F,F,P,C,95.00,95.00
05/07/2024,21:00,[20:45-21:00[,S,F,F,P,C,95.00,95.00
05/07/2024,21:15,[21:00-21:15[,S,F,F,C,C,106.33,106.33
05/07/2024,21:30,[21:15-21:30[,S,F,F,C,C,106.33,106.33
05/07/2024,21:45,[21:30-21:45[,S,F,F,C,C,106.33,106.33
05/07/2024,22:00,[21:45-22:00[,S,F,F,C,C,106.33,106.33
05/07/2024,22:15,[22:00-22:15[,S,V,F,V,C,90.40,90.40
05/07/2024,22:30,[22:15-22:30[,S,V,F,V,C,90.40,90.40
05/07/2024,22:45,[22:30-22:45[,S,V,F,V,C,90.40,90.40
05/07/2024,23:00,[22:45-23:00[,S,V,F,V,C,90.40,90.40
05/07/2024,23:15,[23:00-23:15[,S,V,F,V,C,101.00,101.00
05/07/2024,23:30,[23:15-23:30[,S,V,F,V,C,101.00,101.00
05/07/2024,23:45,[23:30-23:45[,S,V,F,V,C,101.00,101.00
05/07/2024,23:59,[23:45-00:00[,S,V,F,V,C,101.00,101.00
06/07/2024,00:15,[00:00-00:15[,S,V,V,V,V,96.96,96.96
06/07/2024,00:30,[00:15-00:30[,S,V,V,V,V,96.96,96.96
06/07/2024,00:45,[00:30-00:45[,S,V,V,V,V,96.96,96.96
06/07/2024,01:00,[00:45-01:00[,S,V,V,V,V,96.96,96.96
06/07/2024,01:15,[01:00-01:15[,S,V,V,V,V,79.74,79.74
06/07/2024,01:30,[01:15-01:30[,S,V,V,V,V,79.74,79.74
06/07/2024,01:45,[01:30-01:45[,S,V,V,V,V,79.74,79.74
06/07/2024,02:00,[01:45-02:00[,S,V,V,V,V,79.74,79.74
06/07/2024,02:15,[02:00-02:15[,S,V,V,V,V,71.91,71.91
06/07/2024,02:30,[02:15-02:30[,S,V,V,V,V,71.91,71.91
06/07/2024,02:45,[02:30-02:45[,S,V,V,V,V,71.91,71.91
06/07/2024,03:00,[02:45-03:00[,S,V,V,V,V,71.91,71.91
06/07/2024,03:15,[03:00-03:15[,S,V,V,V,V,77.25,77.25
06/07/2024,03:30,[03:15-03:30[,S,V,V,V,V,77.25,77.25
06/07/2024,03:45,[03:30-03:45[,S,V,V,V,V,77.25,77.25
06/07/2024,04:00,[03:45-04:00[,S,V,V,V,V,77.25,77.25
06/07/2024,04:15,[04:00-04:15[,S,V,V,V,V,70.66,70.66
06/07/2024,04:30,[04:15-04:30[,S,V,V,V,V,70.66,70.66
06/07/2024,04:45,[04:30-04:45[,S,V,V,V,V,70.66,70.66
06/07/2024,05:00,[04:45-05:00[,S,V,V,V,V,70.66,70.66
06/07/2024,05:15,[05:00-05:15[,S,V,V,V,V,70.66,70.66
06/07/2024,05:30,[05:15-05:30[,S,V,V,V,V,70.66,70.66
06/07/2024,05:45,[05:30-05:45[,S,V,V,V,V,70.66,70.66
06/07/2024,06:00,[05:45-06:00[,S,V,V,V,V,70.66,70.66
06/07/2024,06:15,[06:00-06:15[,S,V,V,V,V,65.50,65.50
06/07/2024,06:30,[06:15-06:30[,S,V,V,V,V,65.50,65.50
06/07/2024,06:45,[06:30-06:45[,S,V,V,V,V,65.50,65.50
06/07/2024,07:00,[06:45-07:00[,S,V,V,V,V,65.50,65.50
06/07/2024,07:15,[07:00-07:15[,S,V,V,V,V,30.87,30.87
06/07/2024,07:30,[07:15-07:30[,S,V,V,V,V,30.87,30.87
06/07/2024,07:45,[07:30-07:45[,S,V,V,V,V,30.87,30.87
06/07/2024,08:00,[07:45-08:00[,S,V,V,V,V,30.87,30.87
06/07/2024,08:15,[08:00-08:15[,S,F,V,C,V,0.00,0.00
06/07/2024,08:30,[08:15-08:30[,S,F,V,C,V,0.00,0.00
06/07/2024,08:45,[08:30-08:45[,S,F,V,C,V,0.00,0.00
06/07/2024,09:00,[08:45-09:00[,S,F,V,C,V,0.00,0.00
06/07/2024,09:15,[09:00-09:15[,S,F,F,C,C,0.00,0.00
06/07/2024,09:30,[09:15-09:30[,S,F,F,C,C,0.00,0.00
06/07/2024,09:45,[09:30-09:45[,S,F,F,C,C,0.00,0.00
06/07/2024,10:00,[09:45-10:00[,S,F,F,C,C,0.00,0.00
06/07/2024,10:15,[10:00-10:15[,S,F,F,C,C,-0.01,-0.01
06/07/2024,10:30,[10:15-10:30[,S,F,F,C,C,-0.01,-0.01
06/07/2024,10:45,[10:30-10:45[,S,F,F,P,C,-0.01,-0.01
06/07/2024,11:00,[10:45-11:00[,S,F,F,P,C,-0.01,-0.01
06/07/2024,11:15,[11:00-11:15[,S,F,F,P,C,-0.51,-0.51
06/07/2024,11:30,[11:15-11:30[,S,F,F,P,C,-0.51,-0.51
06/07/2024,11:45,[11:30-11:45[,S,F,F,P,C,-0.51,-0.51
06/07/2024,12:00,[11:45-12:00[,S,F,F,P,C,-0.51,-0.51
06/07/2024,12:15,[12:00-12:15[,S,F,F,P,C,-0.76,-0.76
06/07/2024,12:30,[12:15-12:30[,S,F,F,P,C,-0.76,-0.76
06/07/2024,12:45,[12:30-12:45[,S,F,F,P,C,-0.76,-0.76
06/07/2024,13:00,[12:45-13:00[,S,F,F,P,C,-0.76,-0.76
06/07/2024,13:15,[13:00-13:15[,S,F,F,C,C,-0.95,-0.95
06/07/2024,13:30,[13:15-13:30[,S,F,F,C,C,-0.95,-0.95
06/07/2024,13:45,[13:30-13:45[,S,F,F,C,C,-0.95,-0.95
06/07/2024,14:00,[13:45-14:00[,S,F,F,C,C,-0.95,-0.95
06/07/2024,14:15,[14:00-14:15[,S,F,V,C,V,-1.00,-1.00
06/07/2024,14:30,[14:15-14:30[,S,F,V,C,V,-1.00,-1.00
06/07/2024,14:45,[14:30-14:45[,S,F,V,C,V,-1.00,-1.00
06/07/2024,15:00,[14:45-15:00[,S,F,V,C,V,-1.00,-1.00
06/07/2024,15:15,[15:00-15:15[,S,F,V,C,V,-1.01,-1.01
06/07/2024,15:30,[15:15-15:30[,S,F,V,C,V,-1.01,-1.01
06/07/2024,15:45,[15:30-15:45[,S,F,V,C,V,-1.01,-1.01
06/07/2024,16:00,[15:45-16:00[,S,F,V,C,V,-1.01,-1.01
06/07/2024,16:15,[16:00-16:15[,S,F,V,C,V,-1.00,-1.00
06/07/2024,16:30,[16:15-16:30[,S,F,V,C,V,-1.00,-1.00
06/07/2024,16:45,[16:30-16:45[,S,F,V,C,V,-1.00,-1.00
06/07/2024,17:00,[16:45-17:00[,S,F,V,C,V,-1.00,-1.00
06/07/2024,17:15,[17:00-17:15[,S,F,V,C,V,-0.82,-0.82
06/07/2024,17:30,[17:15-17:30[,S,F,V,C,V,-0.82,-0.82
06/07/2024,17:45,[17:30-17:45[,S,F,V,C,V,-0.82,-0.82
06/07/2024,18:00,[17:45-18:00[,S,F,V,C,V,-0.82,-0.82
06/07/2024,18:15,[18:00-18:15[,S,F,V,C,V,0.00,0.00
06/07/2024,18:30,[18:15-18:30[,S,F,V,C,V,0.00,0.00
06/07/2024,18:45,[18:30-18:45[,S,F,V,C,V,0.00,0.00
06/07/2024,19:00,[18:45-19:00[,S,F,V,C,V,0.00,0.00
06/07/2024,19:15,[19:00-19:15[,S,F,V,C,V,9.23,9.23
06/07/2024,19:30,[19:15-19:30[,S,F,V,C,V,9.23,9.23
06/07/2024,19:45,[19:30-19:45[,S,F,V,P,V,9.23,9.23
06/07/2024,20:00,[19:45-20:00[,S,F,V,P,V,9.23,9.23
06/07/2024,20:15,[20:00-20:15[,S,F,F,P,C,41.10,41.10
06/07/2024,20:30,[20:15-20:30[,S,F,F,P,C,41.10,41.10
06/07/2024,20:45,[20:30-20:45[,S,F,F,P,C,41.10,41.10
06/07/2024,21:00,[20:45-21:00[,S,F,F,P,C,41.10,41.10
06/07/2024,21:15,[21:00-21:15[,S,F,F,C,C,59.70,59.70
06/07/2024,21:30,[21:15-21:30[,S,F,F,C,C,59.70,59.70
06/07/2024,21:45,[21:30-21:45[,S,F,F,C,C,59.70,59.70
06/07/2024,22:00,[21:45-22:00[,S,F,F,C,C,59.70,59.70
06/07/2024,22:15,[22:00-22:15[,S,V,V,V,V,46.89,46.89
06/07/2024,22:30,[22:15-22:30[,S,V,V,V,V,46.89,46.89
06/07/2024,22:45,[22:30-22:45[,S,V,V,V,V,46.89,46.89
06/07/2024,23:00,[22:45-23:00[,S,V,V,V,V,46.89,46.89
06/07/2024,23:15,[23:00-23:15[,S,V,V,V,V,56.55,56.55
06/07/2024,23:30,[23:15-23:30[,S,V,V,V,V,56.55,56.55
06/07/2024,23:45,[23:30-23:45[,S,V,V,V,V,56.55,56.55
06/07/2024,23:59,[23:45-00:00[,S,V,V,V,V,56.55,56.55
07/07/2024,00:15,[00:00-00:15[,S,V,V,V,V,48.95,48.95
07/07/2024,00:30,[00:15-00:30[,S,V,V,V,V,48.95,48.95
07/07/2024,00:45,[00:30-00:45[,S,V,V,V,V,48.95,48.95
07/07/2024,01:00,[00:45-01:00[,S,V,V,V,V,48.95,48.95
07/07/2024,01:15,[01:00-01:15[,S,V,V,V,V,44.16,44.16
07/07/2024,01:30,[01:15-01:30[,S,V,V,V,V,44.16,44.16
07/07/2024,01:45,[01:30-01:45[,S,V,V,V,V,44.16,44.16
07/07/2024,02:00,[01:45-02:00[,S,V,V,V,V,44.16,44.16
07/07/2024,02:15,[02:00-02:15[,S,V,V,V,V,44.90,44.90
07/07/2024,02:30,[02:15-02:30[,S,V,V,V,V,44.90,44.90
07/07/2024,02:45,[02:30-02:45[,S,V,V,V,V,44.90,44.90
07/07/2024,03:00,[02:45-03:00[,S,V,V,V,V,44.90,44.90
07/07/2024,03:15,[03:00-03:15[,S,V,V,V,V,44.16,44.16
07/07/2024,03:30,[03:15-03:30[,S,V,V,V,V,44.16,44.16
07/07/2024,03:45,[03:30-03:45[,S,V,V,V,V,44.16,44.16
07/07/2024,04:00,[03:45-04:00[,S,V,V,V,V,44.16,44.16
07/07/2024,04:15,[04:00-04:15[,S,V,V,V,V,56.55,56.55
07/07/2024,04:30,[04:15-04:30[,S,V,V,V,V,56.55,56.55
07/07/2024,04:45,[04:30-04:45[,S,V,V,V,V,56.55,56.55
07/07/2024,05:00,[04:45-05:00[,S,V,V,V,V,56.55,56.55
07/07/2024,05:15,[05:00-05:15[,S,V,V,V,V,56.55,56.55
07/07/2024,05:30,[05:15-05:30[,S,V,V,V,V,56.55,56.55
07/07/2024,05:45,[05:30-05:45[,S,V,V,V,V,56.55,56.55
07/07/2024,06:00,[05:45-06:00[,S,V,V,V,V,56.55,56.55
07/07/2024,06:15,[06:00-06:15[,S,V,V,V,V,56.68,56.68
07/07/2024,06:30,[06:15-06:30[,S,V,V,V,V,56.68,56.68
07/07/2024,06:45,[06:30-06:45[,S,V,V,V,V,56.68,56.68
07/07/2024,07:00,[06:45-07:00[,S,V,V,V,V,56.68,56.68
07/07/2024,07:15,[07:00-07:15[,S,V,V,V,V,24.87,24.87
07/07/2024,07:30,[07:15-07:30[,S,V,V,V,V,24.87,24.87
07/07/2024,07:45,[07:30-07:45[,S,V,V,V,V,24.87,24.87
07/07/2024,08:00,[07:45-08:00[,S,V,V,V,V,24.87,24.87
07/07/2024,08:15,[08:00-08:15[,S,F,V,C,V,-0.01,-0.01
07/07/2024,08:30,[08:15-08:30[,S,F,V,C,V,-0.01,-0.01
07/07/2024,08:45,[08:30-08:45[,S,F,V,C,V,-0.01,-0.01
07/07/2024,09:00,[08:45-09:00[,S,F,V,C,V,-0.01,-0.01
07/07/2024,09:15,[09:00-09:15[,S,F,V,C,V,-0.51,-0.51
07/07/2024,09:30,[09:15-09:30[,S,F,V,C,V,-0.51,-0.51
07/07/2024,09:45,[09:30-09:45[,S,F,V,C,V,-0.51,-0.51
07/07/2024,10:00,[09:45-10:00[,S,F,V,C,V,-0.51,-0.51
07/07/2024,10:15,[10:00-10:15[,S,F,V,C,V,-0.78,-0.78
07/07/2024,10:30,[10:15-10:30[,S,F,V,C,V,-0.78,-0.78
07/07/2024,10:45,[10:30-10:45[,S,F,V,P,V,-0.78,-0.78
07/07/2024,11:00,[10:45-11:00[,S,F,V,P,V,-0.78,-0.78
07/07/2024,11:15,[11:00-11:15[,S,F,V,P,V,-0.66,-0.66
07/07/2024,11:30,[11:15-11:30[,S,F,V,P,V,-0.66,-0.66
07/07/2024,11:45,[11:30-11:45[,S,F,V,P,V,-0.66,-0.66
07/07/2024,12:00,[11:45-12:00[,S,F,V,P,V,-0.66,-0.66
07/07/2024,12:15,[12:00-12:15[,S,F,V,P,V,-0.01,-0.02
07/07/2024,12:30,[12:15-12:30[,S,F,V,P,V,-0.01,-0.02
07/07/2024,12:45,[12:30-12:45[,S,F,V,P,V,-0.01,-0.02
07/07/2024,13:00,[12:45-13:00[,S,F,V,P,V,-0.01,-0.02
07/07/2024,13:15,[13:00-13:15[,S,F,V,C,V,-0.78,-0.78
07/07/2024,13:30,[13:15-13:30[,S,F,V,C,V,-0.78,-0.78
07/07/2024,13:45,[13:30-13:45[,S,F,V,C,V,-0.78,-0.78
07/07/2024,14:00,[13:45-14:00[,S,F,V,C,V,-0.78,-0.78
07/07/2024,14:15,[14:00-14:15[,S,F,V,C,V,-1.00,-1.00
07/07/2024,14:30,[14:15-14:30[,S,F,V,C,V,-1.00,-1.00
07/07/2024,14:45,[14:30-14:45[,S,F,V,C,V,-1.00,-1.00
07/07/2024,15:00,[14:45-15:00[,S,F,V,C,V,-1.00,-1.00
07/07/2024,15:15,[15:00-15:15[,S,F,V,C,V,-1.01,-1.01
07/07/2024,15:30,[15:15-15:30[,S,F,V,C,V,-1.01,-1.01
07/07/2024,15:45,[15:30-15:45[,S,F,V,C,V,-1.01,-1.01
07/07/2024,16:00,[15:45-16:00[,S,F,V,C,V,-1.01,-1.01
07/07/2024,16:15,[16:00-16:15[,S,F,V,C,V,0.00,0.00
07/07/2024,16:30,[16:15-16:30[,S,F,V,C,V,0.00,0.00
07/07/2024,16:45,[16:30-16:45[,S,F,V,C,V,0.00,0.00
07/07/2024,17:00,[16:45-17:00[,S,F,V,C,V,0.00,0.00
07/07/2024,17:15,[17:00-17:15[,S,F,V,C,V,3.32,3.32
07/07/2024,17:30,[17:15-17:30[,S,F,V,C,V,3.32,3.32
07/07/2024,17:45,[17:30-17:45[,S,F,V,C,V,3.32,3.32
07/07/2024,18:00,[17:45-18:00[,S,F,V,C,V,3.32,3.32
07/07/2024,18:15,[18:00-18:15[,S,F,V,C,V,35.94,35.94
07/07/2024,18:30,[18:15-18:30[,S,F,V,C,V,35.94,35.94
07/07/2024,18:45,[18:30-18:45[,S,F,V,C,V,35.94,35.94
07/07/2024,19:00,[18:45-19:00[,S,F,V,C,V,35.94,35.94
07/07/2024,19:15,[19:00-19:15[,S,F,V,C,V,59.57,59.57
07/07/2024,19:30,[19:15-19:30[,S,F,V,C,V,59.57,59.57
07/07/2024,19:45,[19:30-19:45[,S,F,V,P,V,59.57,59.57
07/07/2024,20:00,[19:45-20:00[,S,F,V,P,V,59.57,59.57
07/07/2024,20:15,[20:00-20:15[,S,F,V,P,V,100.73,100.73
07/07/2024,20:30,[20:15-20:30[,S,F,V,P,V,100.73,100.73
07/07/2024,20:45,[20:30-20:45[,S,F,V,P,V,100.73,100.73
07/07/2024,21:00,[20:45-21:00[,S,F,V,P,V,100.73,100.73
07/07/2024,21:15,[21:00-21:15[,S,F,V,C,V,104.58,104.58
07/07/2024,21:30,[21:15-21:30[,S,F,V,C,V,104.58,104.58
07/07/2024,21:45,[21:30-21:45[,S,F,V,C,V,104.58,104.58
07/07/2024,22:00,[21:45-22:00[,S,F,V,C,V,104.58,104.58
07/07/2024,22:15,[22:00-22:15[,S,V,V,V,V,100.25,100.25
07/07/2024,22:30,[22:15-22:30[,S,V,V,V,V,100.25,100.25
07/07/2024,22:45,[22:30-22:45[,S,V,V,V,V,100.25,100.25
07/07/2024,23:00,[22:45-23:00[,S,V,V,V,V,100.25,100.25
07/07/2024,23:15,[23:00-23:15[,S,V,V,V,V,98.70,98.70
07/07/2024,23:30,[23:15-23:30[,S,V,V,V,V,98.70,98.70
07/07/2024,23:45,[23:30-23:45[,S,V,V,V,V,98.70,98.70
07/07/2024,23:59,[23:45-00:00[,S,V,V,V,V,98.70,98.70
08/07/2024,00:15,[00:00-00:15[,S,V,V,V,V,86.66,86.66
08/07/2024,00:30,[00:15-00:30[,S,V,V,V,V,86.66,86.66
08/07/2024,00:45,[00:30-00:45[,S,V,V,V,V,86.66,86.66
08/07/2024,01:00,[00:45-01:00[,S,V,V,V,V,86.66,86.66
08/07/2024,01:15,[01:00-01:15[,S,V,V,V,V,85.94,85.94
08/07/2024,01:30,[01:15-01:30[,S,V,V,V,V,85.94,85.94
08/07/2024,01:45,[01:30-01:45[,S,V,V,V,V,85.94,85.94
08/07/2024,02:00,[01:45-02:00[,S,V,V,V,V,85.94,85.94
08/07/2024,02:15,[02:00-02:15[,S,V,V,V,V,85.70,85.70
08/07/2024,02:30,[02:15-02:30[,S,V,V,V,V,85.70,85.70
08/07/2024,02:45,[02:30-02:45[,S,V,V,V,V,85.70,85.70
08/07/2024,03:00,[02:45-03:00[,S,V,V,V,V,85.70,85.70
08/07/2024,03:15,[03:00-03:15[,S,V,V,V,V,83.43,83.43
08/07/2024,03:30,[03:15-03:30[,S,V,V,V,V,83.43,83.43
08/07/2024,03:45,[03:30-03:45[,S,V,V,V,V,83.43,83.43
08/07/2024,04:00,[03:45-04:00[,S,V,V,V,V,83.43,83.43
08/07/2024,04:15,[04:00-04:15[,S,V,V,V,V,85.94,85.94
08/07/2024,04:30,[04:15-04:30[,S,V,V,V,V,85.94,85.94
08/07/2024,04:45,[04:30-04:45[,S,V,V,V,V,85.94,85.94
08/07/2024,05:00,[04:45-05:00[,S,V,V,V,V,85.94,85.94
08/07/2024,05:15,[05:00-05:15[,S,V,V,V,V,89.72,89.72
08/07/2024,05:30,[05:15-05:30[,S,V,V,V,V,89.72,89.72
08/07/2024,05:45,[05:30-05:45[,S,V,V,V,V,89.72,89.72
08/07/2024,06:00,[05:45-06:00[,S,V,V,V,V,89.72,89.72
08/07/2024,06:15,[06:00-06:15[,S,V,V,V,V,103.21,103.21
08/07/2024,06:30,[06:15-06:30[,S,V,V,V,V,103.21,103.21
08/07/2024,06:45,[06:30-06:45[,S,V,V,V,V,103.21,103.21
08/07/2024,07:00,[06:45-07:00[,S,V,V,V,V,103.21,103.21
08/07/2024,07:15,[07:00-07:15[,S,V,F,V,C,100.61,100.61
08/07/2024,07:30,[07:15-07:30[,S,V,F,V,C,100.61,100.61
08/07/2024,07:45,[07:30-07:45[,S,V,F,V,C,100.61,100.61
08/07/2024,08:00,[07:45-08:00[,S,V,F,V,C,100.61,100.61
08/07/2024,08:15,[08:00-08:15[,S,F,F,C,C,78.22,78.22
08/07/2024,08:30,[08:15-08:30[,S,F,F,C,C,78.22,78.22
08/07/2024,08:45,[08:30-08:45[,S,F,F,C,C,78.22,78.22
08/07/2024,09:00,[08:45-09:00[,S,F,F,C,C,78.22,78.22
08/07/2024,09:15,[09:00-09:15[,S,F,F,C,C,58.94,54.60
08/07/2024,09:30,[09:15-09:30[,S,F,F,C,P,58.94,54.60
08/07/2024,09:45,[09:30-09:45[,S,F,F,C,P,58.94,54.60
08/07/2024,10:00,[09:45-10:00[,S,F,F,C,P,58.94,54.60
08/07/2024,10:15,[10:00-10:15[,S,F,F,C,P,58.94,40.88
08/07/2024,10:30,[10:15-10:30[,S,F,F,C,P,58.94,40.88
08/07/2024,10:45,[10:30-10:45[,S,F,F,P,P,58.94,40.88
08/07/2024,11:00,[10:45-11:00[,S,F,F,P,P,58.94,40.88
08/07/2024,11:15,[11:00-11:15[,S,F,F,P,P,35.00,35.00
08/07/2024,11:30,[11:15-11:30[,S,F,F,P,P,35.00,35.00
08/07/2024,11:45,[11:30-11:45[,S,F,F,P,P,35.00,35.00
08/07/2024,12:00,[11:45-12:00[,S,F,F,P,P,35.00,35.00
08/07/2024,12:15,[12:00-12:15[,S,F,F,P,P,32.65,32.65
08/07/2024,12:30,[12:15-12:30[,S,F,F,P,C,32.65,32.65
08/07/2024,12:45,[12:30-12:45[,S,F,F,P,C,32.65,32.65
08/07/2024,13:00,[12:45-13:00[,S,F,F,P,C,32.65,32.65
08/07/2024,13:15,[13:00-13:15[,S,F,F,C,C,31.98,31.98
08/07/2024,13:30,[13:15-13:30[,S,F,F,C,C,31.98,31.98
08/07/2024,13:45,[13:30-13:45[,S,F,F,C,C,31.98,31.98
08/07/2024,14:00,[13:45-14:00[,S,F,F,C,C,31.98,31.98
08/07/2024,14:15,[14:00-14:15[,S,F,F,C,C,35.00,35.00
08/07/2024,14:30,[14:15-14:30[,S,F,F,C,C,35.00,35.00
08/07/2024,14:45,[14:30-14:45[,S,F,F,C,C,35.00,35.00
08/07/2024,15:00,[14:45-15:00[,S,F,F,C,C,35.00,35.00
08/07/2024,15:15,[15:00-15:15[,S,F,F,C,C,35.00,35.00
08/07/2024,15:30,[15:15-15:30[,S,F,F,C,C,35.00,35.00
08/07/2024,15:45,[15:30-15:45[,S,F,F,C,C,35.00,35.00
08/07/2024,16:00,[15:45-16:00[,S,F,F,C,C,35.00,35.00
08/07/2024,16:15,[16:00-16:15[,S,F,F,C,C,41.99,41.99
08/07/2024,16:30,[16:15-16:30[,S,F,F,C,C,41.99,41.99
08/07/2024,16:45,[16:30-16:45[,S,F,F,C,C,41.99,41.99
08/07/2024,17:00,[16:45-17:00[,S,F,F,C,C,41.99,41.99
08/07/2024,17:15,[17:00-17:15[,S,F,F,C,C,44.88,44.88
08/07/2024,17:30,[17:15-17:30[,S,F,F,C,C,44.88,44.88
08/07/2024,17:45,[17:30-17:45[,S,F,F,C,C,44.88,44.88
08/07/2024,18:00,[17:45-18:00[,S,F,F,C,C,44.88,44.88
08/07/2024,18:15,[18:00-18:15[,S,F,F,C,C,81.00,81.00
08/07/2024,18:30,[18:15-18:30[,S,F,F,C,C,81.00,81.00
08/07/2024,18:45,[18:30-18:45[,S,F,F,C,C,81.00,81.00
08/07/2024,19:00,[18:45-19:00[,S,F,F,C,C,81.00,81.00
08/07/2024,19:15,[19:00-19:15[,S,F,F,C,C,103.21,103.21
08/07/2024,19:30,[19:15-19:30[,S,F,F,C,C,103.21,103.21
08/07/2024,19:45,[19:30-19:45[,S,F,F,P,C,103.21,103.21
08/07/2024,20:00,[19:45-20:00[,S,F,F,P,C,103.21,103.21
08/07/2024,20:15,[20:00-20:15[,S,F,F,P,C,115.15,115.15
08/07/2024,20:30,[20:15-20:30[,S,F,F,P,C,115.15,115.15
08/07/2024,20:45,[20:30-20:45[,S,F,F,P,C,115.15,115.15
08/07/2024,21:00,[20:45-21:00[,S,F,F,P,C,115.15,115.15
08/07/2024,21:15,[21:00-21:15[,S,F,F,C,C,109.00,109.00
08/07/2024,21:30,[21:15-21:30[,S,F,F,C,C,109.00,109.00
08/07/2024,21:45,[21:30-21:45[,S,F,F,C,C,109.00,109.00
08/07/2024,22:00,[21:45-22:00[,S,F,F,C,C,109.00,109.00
08/07/2024,22:15,[22:00-22:15[,S,V,F,V,C,98.01,98.01
08/07/2024,22:30,[22:15-22:30[,S,V,F,V,C,98.01,98.01
08/07/2024,22:45,[22:30-22:45[,S,V,F,V,C,98.01,98.01
08/07/2024,23:00,[22:45-23:00[,S,V,F,V,C,98.01,98.01
08/07/2024,23:15,[23:00-23:15[,S,V,F,V,C,95.92,95.92
08/07/2024,23:30,[23:15-23:30[,S,V,F,V,C,95.92,95.92
08/07/2024,23:45,[23:30-23:45[,S,V,F,V,C,95.92,95.92
08/07/2024,23:59,[23:45-00:00[,S,V,F,V,C,95.92,95.92
09/07/2024,00:15,[00:00-00:15[,S,V,V,V,V,72.25,72.25
09/07/2024,00:30,[00:15-00:30[,S,V,V,V,V,72.25,72.25
09/07/2024,00:45,[00:30-00:45[,S,V,V,V,V,72.25,72.25
09/07/2024,01:00,[00:45-01:00[,S,V,V,V,V,72.25,72.25
09/07/2024,01:15,[01:00-01:15[,S,V,V,V,V,77.00,77.00
09/07/2024,01:30,[01:15-01:30[,S,V,V,V,V,77.00,77.00
09/07/2024,01:45,[01:30-01:45[,S,V,V,V,V,77.00,77.00
09/07/2024,02:00,[01:45-02:00[,S,V,V,V,V,77.00,77.00
09/07/2024,02:15,[02:00-02:15[,S,V,V,V,V,73.22,73.22
09/07/2024,02:30,[02:15-02:30[,S,V,V,V,V,73.22,73.22
09/07/2024,02:45,[02:30-02:45[,S,V,V,V,V,73.22,73.22
09/07/2024,03:00,[02:45-03:00[,S,V,V,V,V,73.22,73.22
09/07/2024,03:15,[03:00-03:15[,S,V,V,V,V,66.71,66.71
09/07/2024,03:30,[03:15-03:30[,S,V,V,V,V,66.71,66.71
09/07/2024,03:45,[03:30-03:45[,S,V,V,V,V,66.71,66.71
09/07/2024,04:00,[03:45-04:00[,S,V,V,V,V,66.71,66.71
09/07/2024,04:15,[04:00-04:15[,S,V,V,V,V,65.50,65.50
09/07/2024,04:30,[04:15-04:30[,S,V,V,V,V,65.50,65.50
09/07/2024,04:45,[04:30-04:45[,S,V,V,V,V,65.50,65.50
09/07/2024,05:00,[04:45-05:00[,S,V,V,V,V,65.50,65.50
09/07/2024,05:15,[05:00-05:15[,S,V,V,V,V,80.00,80.00
09/07/2024,05:30,[05:15-05:30[,S,V,V,V,V,80.00,80.00
09/07/2024,05:45,[05:30-05:45[,S,V,V,V,V,80.00,80.00
09/07/2024,06:00,[05:45-06:00[,S,V,V,V,V,80.00,80.00
09/07/2024,06:15,[06:00-06:15[,S,V,V,V,V,101.51,101.51
09/07/2024,06:30,[06:15-06:30[,S,V,V,V,V,101.51,101.51
09/07/2024,06:45,[06:30-06:45[,S,V,V,V,V,101.51,101.51
09/07/2024,07:00,[06:45-07:00[,S,V,V,V,V,101.51,101.51
09/07/2024,07:15,[07:00-07:15[,S,V,F,V,C,88.33,88.33
09/07/2024,07:30,[07:15-07:30[,S,V,F,V,C,88.33,88.33
09/07/2024,07:45,[07:30-07:45[,S,V,F,V,C,88.33,88.33
09/07/2024,08:00,[07:45-08:00[,S,V,F,V,C,88.33,88.33
09/07/2024,08:15,[08:00-08:15[,S,F,F,C,C,70.80,70.80
09/07/2024,08:30,[08:15-08:30[,S,F,F,C,C,70.80,70.80
09/07/2024,08:45,[08:30-08:45[,S,F,F,C,C,70.80,70.80
09/07/2024,09:00,[08:45-09:00[,S,F,F,C,C,70.80,70.80
09/07/2024,09:15,[09:00-09:15[,S,F,F,C,C,63.58,46.63
09/07/2024,09:30,[09:15-09:30[,S,F,F,C,P,63.58,46.63
09/07/2024,09:45,[09:30-09:45[,S,F,F,C,P,63.58,46.63
09/07/2024,10:00,[09:45-10:00[,S,F,F,C,P,63.58,46.63
09/07/2024,10:15,[10:00-10:15[,S,F,F,C,P,62.00,42.49
09/07/2024,10:30,[10:15-10:30[,S,F,F,C,P,62.00,42.49
09/07/2024,10:45,[10:30-10:45[,S,F,F,P,P,62.00,42.49
09/07/2024,11:00,[10:45-11:00[,S,F,F,P,P,62.00,42.49
09/07/2024,11:15,[11:00-11:15[,S,F,F,P,P,57.75,33.76
09/07/2024,11:30,[11:15-11:30[,S,F,F,P,P,57.75,33.76
09/07/2024,11:45,[11:30-11:45[,S,F,F,P,P,57.75,33.76
09/07/2024,12:00,[11:45-12:00[,S,F,F,P,P,57.75,33.76
09/07/2024,12:15,[12:00-12:15[,S,F,F,P,P,22.98,22.98
09/07/2024,12:30,[12:15-12:30[,S,F,F,P,C,22.98,22.98
09/07/2024,12:45,[12:30-12:45[,S,F,F,P,C,22.98,22.98
09/07/2024,13:00,[12:45-13:00[,S,F,F,P,C,22.98,22.98
09/07/2024,13:15,[13:00-13:15[,S,F,F,C,C,8.30,8.30
09/07/2024,13:30,[13:15-13:30[,S,F,F,C,C,8.30,8.30
09/07/2024,13:45,[13:30-13:45[,S,F,F,C,C,8.30,8.30
09/07/2024,14:00,[13:45-14:00[,S,F,F,C,C,8.30,8.30
09/07/2024,14:15,[14:00-14:15[,S,F,F,C,C,15.59,15.59
09/07/2024,14:30,[14:15-14:30[,S,F,F,C,C,15.59,15.59
09/07/2024,14:45,[14:30-14:45[,S,F,F,C,C,15.59,15.59
09/07/2024,15:00,[14:45-15:00[,S,F,F,C,C,15.59,15.59
09/07/2024,15:15,[15:00-15:15[,S,F,F,C,C,29.39,29.39
09/07/2024,15:30,[15:15-15:30[,S,F,F,C,C,29.39,29.39
09/07/2024,15:45,[15:30-15:45[,S,F,F,C,C,29.39,29.39
09/07/2024,16:00,[15:45-16:00[,S,F,F,C,C,29.39,29.39
09/07/2024,16:15,[16:00-16:15[,S,F,F,C,C,48.80,48.80
09/07/2024,16:30,[16:15-16:30[,S,F,F,C,C,48.80,48.80
09/07/2024,16:45,[16:30-16:45[,S,F,F,C,C,48.80,48.80
09/07/2024,17:00,[16:45-17:00[,S,F,F,C,C,48.80,48.80
09/07/2024,17:15,[17:00-17:15[,S,F,F,C,C,60.70,60.70
09/07/2024,17:30,[17:15-17:30[,S,F,F,C,C,60.70,60.70
09/07/2024,17:45,[17:30-17:45[,S,F,F,C,C,60.70,60.70
09/07/2024,18:00,[17:45-18:00[,S,F,F,C,C,60.70,60.70
09/07/2024,18:15,[18:00-18:15[,S,F,F,C,C,84.77,84.77
09/07/2024,18:30,[18:15-18:30[,S,F,F,C,C,84.77,84.77
09/07/2024,18:45,[18:30-18:45[,S,F,F,C,C,84.77,84.77
09/07/2024,19:00,[18:45-19:00[,S,F,F,C,C,84.77,84.77
09/07/2024,19:15,[19:00-19:15[,S,F,F,C,C,106.18,106.18
09/07/2024,19:30,[19:15-19:30[,S,F,F,C,C,106.18,106.18
09/07/2024,19:45,[19:30-19:45[,S,F,F,P,C,106.18,106.18
09/07/2024,20:00,[19:45-20:00[,S,F,F,P,C,106.18,106.18
09/07/2024,20:15,[20:00-20:15[,S,F,F,P,C,120.09,120.09
09/07/2024,20:30,[20:15-20:30[,S,F,F,P,C,120.09,120.09
09/07/2024,20:45,[20:30-20:45[,S,F,F,P,C,120.09,120.09
09/07/2024,21:00,[20:45-21:00[,S,F,F,P,C,120.09,120.09
09/07/2024,21:15,[21:00-21:15[,S,F,F,C,C,141.94,141.94
09/07/2024,21:30,[21:15-21:30[,S,F,F,C,C,141.94,141.94
09/07/2024,21:45,[21:30-21:45[,S,F,F,C,C,141.94,141.94
09/07/2024,22:00,[21:45-22:00[,S,F,F,C,C,141.94,141.94
09/07/2024,22:15,[22:00-22:15[,S,V,F,V,C,116.38,116.38
09/07/2024,22:30,[22:15-22:30[,S,V,F,V,C,116.38,116.38
09/07/2024,22:45,[22:30-22:45[,S,V,F,V,C,116.38,116.38
09/07/2024,23:00,[22:45-23:00[,S,V,F,V,C,116.38,116.38
09/07/2024,23:15,[23:00-23:15[,S,V,F,V,C,107.94,107.94
09/07/2024,23:30,[23:15-23:30[,S,V,F,V,C,107.94,107.94
09/07/2024,23:45,[23:30-23:45[,S,V,F,V,C,107.94,107.94
09/07/2024,23:59,[23:45-00:00[,S,V,F,V,C,107.94,107.94
10/07/2024,00:15,[00:00-00:15[,S,V,V,V,V,106.81,106.81
10/07/2024,00:30,[00:15-00:30[,S,V,V,V,V,106.81,106.81
10/07/2024,00:45,[00:30-00:45[,S,V,V,V,V,106.81,106.81
10/07/2024,01:00,[00:45-01:00[,S,V,V,V,V,106.81,106.81
10/07/2024,01:15,[01:00-01:15[,S,V,V,V,V,104.22,104.22
10/07/2024,01:30,[01:15-01:30[,S,V,V,V,V,104.22,104.22
10/07/2024,01:45,[01:30-01:45[,S,V,V,V,V,104.22,104.22
10/07/2024,02:00,[01:45-02:00[,S,V,V,V,V,104.22,104.22
10/07/2024,02:15,[02:00-02:15[,S,V,V,V,V,102.61,102.61
10/07/2024,02:30,[02:15-02:30[,S,V,V,V,V,102.61,102.61
10/07/2024,02:45,[02:30-02:45[,S,V,V,V,V,102.61,102.61
10/07/2024,03:00,[02:45-03:00[,S,V,V,V,V,102.61,102.61
10/07/2024,03:15,[03:00-03:15[,S,V,V,V,V,101.92,101.92
10/07/2024,03:30,[03:15-03:30[,S,V,V,V,V,101.92,101.92
10/07/2024,03:45,[03:30-03:45[,S,V,V,V,V,101.92,101.92
10/07/2024,04:00,[03:45-04:00[,S,V,V,V,V,101.92,101.92
10/07/2024,04:15,[04:00-04:15[,S,V,V,V,V,104.22,104.22
10/07/2024,04:30,[04:15-04:30[,S,V,V,V,V,104.22,104.22
10/07/2024,04:45,[04:30-04:45[,S,V,V,V,V,104.22,104.22
10/07/2024,05:00,[04:45-05:00[,S,V,V,V,V,104.22,104.22
10/07/2024,05:15,[05:00-05:15[,S,V,V,V,V,101.50,101.50
10/07/2024,05:30,[05:15-05:30[,S,V,V,V,V,101.50,101.50
10/07/2024,05:45,[05:30-05:45[,S,V,V,V,V,101.50,101.50
10/07/2024,06:00,[05:45-06:00[,S,V,V,V,V,101.50,101.50
10/07/2024,06:15,[06:00-06:15[,S,V,V,V,V,108.43,108.43
10/07/2024,06:30,[06:15-06:30[,S,V,V,V,V,108.43,108.43
10/07/2024,06:45,[06:30-06:45[,S,V,V,V,V,108.43,108.43
10/07/2024,07:00,[06:45-07:00[,S,V,V,V,V,108.43,108.43
10/07/2024,07:15,[07:00-07:15[,S,V,F,V,C,101.92,101.92
10/07/2024,07:30,[07:15-07:30[,S,V,F,V,C,101.92,101.92
10/07/2024,07:45,[07:30-07:45[,S,V,F,V,C,101.92,101.92
10/07/2024,08:00,[07:45-08:00[,S,V,F,V,C,101.92,101.92
10/07/2024,08:15,[08:00-08:15[,S,F,F,C,C,94.99,94.99
10/07/2024,08:30,[08:15-08:30[,S,F,F,C,C,94.99,94.99
10/07/2024,08:45,[08:30-08:45[,S,F,F,C,C,94.99,94.99
10/07/2024,09:00,[08:45-09:00[,S,F,F,C,C,94.99,94.99
10/07/2024,09:15,[09:00-09:15[,S,F,F,C,C,65.00,65.00
10/07/2024,09:30,[09:15-09:30[,S,F,F,C,P,65.00,65.00
10/07/2024,09:45,[09:30-09:45[,S,F,F,C,P,65.00,65.00
10/07/2024,10:00,[09:45-10:00[,S,F,F,C,P,65.00,65.00
10/07/2024,10:15,[10:00-10:15[,S,F,F,C,P,60.38,57.75
10/07/2024,10:30,[10:15-10:30[,S,F,F,C,P,60.38,57.75
10/07/2024,10:45,[10:30-10:45[,S,F,F,P,P,60.38,57.75
10/07/2024,11:00,[10:45-11:00[,S,F,F,P,P,60.38,57.75
10/07/2024,11:15,[11:00-11:15[,S,F,F,P,P,57.21,57.21
10/07/2024,11:30,[11:15-11:30[,S,F,F,P,P,57.21,57.21
10/07/2024,11:45,[11:30-11:45[,S,F,F,P,P,57.21,57.21
10/07/2024,12:00,[11:45-12:00[,S,F,F,P,P,57.21,57.21
10/07/2024,12:15,[12:00-12:15[,S,F,F,P,P,51.10,51.10
10/07/2024,12:30,[12:15-12:30[,S,F,F,P,C,51.10,51.10
10/07/2024,12:45,[12:30-12:45[,S,F,F,P,C,51.10,51.10
10/07/2024,13:00,[12:45-13:00[,S,F,F,P,C,51.10,51.10
10/07/2024,13:15,[13:00-13:15[,S,F,F,C,C,50.77,50.77
10/07/2024,13:30,[13:15-13:30[,S,F,F,C,C,50.77,50.77
10/07/2024,13:45,[13:30-13:45[,S,F,F,C,C,50.77,50.77
10/07/2024,14:00,[13:45-14:00[,S,F,F,C,C,50.77,50.77
10/07/2024,14:15,[14:00-14:15[,S,F,F,C,C,45.06,45.06
10/07/2024,14:30,[14:15-14:30[,S,F,F,C,C,45.06,45.06
10/07/2024,14:45,[14:30-14:45[,S,F,F,C,C,45.06,45.06
10/07/2024,15:00,[14:45-15:00[,S,F,F,C,C,45.06,45.06
10/07/2024,15:15,[15:00-15:15[,S,F,F,C,C,45.06,45.06
10/07/2024,15:30,[15:15-15:30[,S,F,F,C,C,45.06,45.06
10/07/2024,15:45,[15:30-15:45[,S,F,F,C,C,45.06,45.06
10/07/2024,16:00,[15:45-16:00[,S,F,F,C,C,45.06,45.06
10/07/2024,16:15,[16:00-16:15[,S,F,F,C,C,52.50,52.50
10/07/2024,16:30,[16:15-16:30[,S,F,F,C,C,52.50,52.50
10/07/2024,16:45,[16:30-16:45[,S,F,F,C,C,52.50,52.50
10/07/2024,17:00,[16:45-17:00[,S,F,F,C,C,52.50,52.50
10/07/2024,17:15,[17:00-17:15[,S,F,F,C,C,75.00,75.00
10/07/2024,17:30,[17:15-17:30[,S,F,F,C,C,75.00,75.00
10/07/2024,17:45,[17:30-17:45[,S,F,F,C,C,75.00,75.00
10/07/2024,18:00,[17:45-18:00[,S,F,F,C,C,75.00,75.00
10/07/2024,18:15,[18:00-18:15[,S,F,F,C,C,99.58,99.58
10/07/2024,18:30,[18:15-18:30[,S,F,F,C,C,99.58,99.58
10/07/2024,18:45,[18:30-18:45[,S,F,F,C,C,99.58,99.58
10/07/2024,19:00,[18:45-19:00[,S,F,F,C,C,99.58,99.58
10/07/2024,19:15,[19:00-19:15[,S,F,F,C,C,105.00,105.00
10/07/2024,19:30,[19:15-19:30[,S,F,F,C,C,105.00,105.00
10/07/2024,19:45,[19:30-19:45[,S,F,F,P,C,105.00,105.00
10/07/2024,20:00,[19:45-20:00[,S,F,F,P,C,105.00,105.00
10/07/2024,20:15,[20:00-20:15[,S,F,F,P,C,120.18,120.18
10/07/2024,20:30,[20:15-20:30[,S,F,F,P,C,120.18,120.18
10/07/2024,20:45,[20:30-20:45[,S,F,F,P,C,120.18,120.18
10/07/2024,21:00,[20:45-21:00[,S,F,F,P,C,120.18,120.18
10/07/2024,21:15,[21:00-21:15[,S,F,F,C,C,131.98,131.98
10/07/2024,21:30,[21:15-21:30[,S,F,F,C,C,131.98,131.98
10/07/2024,21:45,[21:30-21:45[,S,F,F,C,C,131.98,131.98
10/07/2024,22:00,[21:45-22:00[,S,F,F,C,C,131.98,131.98
10/07/2024,22:15,[22:00-22:15[,S,V,F,V,C,111.87,111.87
10/07/2024,22:30,[22:15-22:30[,S,V,F,V,C,111.87,111.87
10/07/2024,22:45,[22:30-22:45[,S,V,F,V,C,111.87,111.87
10/07/2024,23:00,[22:45-23:00[,S,V,F,V,C,111.87,111.87
10/07/2024,23:15,[23:00-23:15[,S,V,F,V,C,105.00,105.00
10/07/2024,23:30,[23:15-23:30[,S,V,F,V,C,105.00,105.00
10/07/2024,23:45,[23:30-23:45[,S,V,F,V,C,105.00,105.00
10/07/2024,23:59,[23:45-00:00[,S,V,F,V,C,105.00,105.00
11/07/2024,00:15,[00:00-00:15[,S,V,V,V,V,101.78,101.78
11/07/2024,00:30,[00:15-00:30[,S,V,V,V,V,101.78,101.78
11/07/2024,00:45,[00:30-00:45[,S,V,V,V,V,101.78,101.78
11/07/2024,01:00,[00:45-01:00[,S,V,V,V,V,101.78,101.78
11/07/2024,01:15,[01:00-01:15[,S,V,V,V,V,101.74,101.74
11/07/2024,01:30,[01:15-01:30[,S,V,V,V,V,101.74,101.74
11/07/2024,01:45,[01:30-01:45[,S,V,V,V,V,101.74,101.74
11/07/2024,02:00,[01:45-02:00[,S,V,V,V,V,101.74,101.74
11/07/2024,02:15,[02:00-02:15[,S,V,V,V,V,100.00,100.00
11/07/2024,02:30,[02:15-02:30[,S,V,V,V,V,100.00,100.00
11/07/2024,02:45,[02:30-02:45[,S,V,V,V,V,100.00,100.00
11/07/2024,03:00,[02:45-03:00[,S,V,V,V,V,100.00,100.00
11/07/2024,03:15,[03:00-03:15[,S,V,V,V,V,99.50,99.50
11/07/2024,03:30,[03:15-03:30[,S,V,V,V,V,99.50,99.50
11/07/2024,03:45,[03:30-03:45[,S,V,V,V,V,99.50,99.50
11/07/2024,04:00,[03:45-04:00[,S,V,V,V,V,99.50,99.50
11/07/2024,04:15,[04:00-04:15[,S,V,V,V,V,99.92,99.92
11/07/2024,04:30,[04:15-04:30[,S,V,V,V,V,99.92,99.92
11/07/2024,04:45,[04:30-04:45[,S,V,V,V,V,99.92,99.92
11/07/2024,05:00,[04:45-05:00[,S,V,V,V,V,99.92,99.92
11/07/2024,05:15,[05:00-05:15[,S,V,V,V,V,100.00,100.00
11/07/2024,05:30,[05:15-05:30[,S,V,V,V,V,100.00,100.00
11/07/2024,05:45,[05:30-05:45[,S,V,V,V,V,100.00,100.00
11/07/2024,06:00,[05:45-06:00[,S,V,V,V,V,100.00,100.00
11/07/2024,06:15,[06:00-06:15[,S,V,V,V,V,107.34,107.34
11/07/2024,06:30,[06:15-06:30[,S,V,V,V,V,107.34,107.34
11/07/2024,06:45,[06:30-06:45[,S,V,V,V,V,107.34,107.34
11/07/2024,07:00,[06:45-07:00[,S,V,V,V,V,107.34,107.34
11/07/2024,07:15,[07:00-07:15[,S,V,F,V,C,100.96,100.96
11/07/2024,07:30,[07:15-07:30[,S,V,F,V,C,100.96,100.96
11/07/2024,07:45,[07:30-07:45[,S,V,F,V,C,100.96,100.96
11/07/2024,08:00,[07:45-08:00[,S,V,F,V,C,100.96,100.96
11/07/2024,08:15,[08:00-08:15[,S,F,F,C,C,90.69,90.69
11/07/2024,08:30,[08:15-08:30[,S,F,F,C,C,90.69,90.69
11/07/2024,08:45,[08:30-08:45[,S,F,F,C,C,90.69,90.69
11/07/2024,09:00,[08:45-09:00[,S,F,F,C,C,90.69,90.69
11/07/2024,09:15,[09:00-09:15[,S,F,F,C,C,81.00,81.00
11/07/2024,09:30,[09:15-09:30[,S,F,F,C,P,81.00,81.00
11/07/2024,09:45,[09:30-09:45[,S,F,F,C,P,81.00,81.00
11/07/2024,10:00,[09:45-10:00[,S,F,F,C,P,81.00,81.00
11/07/2024,10:15,[10:00-10:15[,S,F,F,C,P,68.49,68.49
11/07/2024,10:30,[10:15-10:30[,S,F,F,C,P,68.49,68.49
11/07/2024,10:45,[10:30-10:45[,S,F,F,P,P,68.49,68.49
11/07/2024,11:00,[10:45-11:00[,S,F,F,P,P,68.49,68.49
11/07/2024,11:15,[11:00-11:15[,S,F,F,P,P,60.00,60.00
11/07/2024,11:30,[11:15-11:30[,S,F,F,P,P,60.00,60.00
11/07/2024,11:45,[11:30-11:45[,S,F,F,P,P,60.00,60.00
11/07/2024,12:00,[11:45-12:00[,S,F,F,P,P,60.00,60.00
11/07/2024,12:15,[12:00-12:15[,S,F,F,P,P,54.19,54.19
11/07/2024,12:30,[12:15-12:30[,S,F,F,P,C,54.19,54.19
11/07/2024,12:45,[12:30-12:45[,S,F,F,P,C,54.19,54.19
11/07/2024,13:00,[12:45-13:00[,S,F,F,P,C,54.19,54.19
11/07/2024,13:15,[13:00-13:15[,S,F,F,C,C,52.00,52.00
11/07/2024,13:30,[13:15-13:30[,S,F,F,C,C,52.00,52.00
11/07/2024,13:45,[13:30-13:45[,S,F,F,C,C,52.00,52.00
11/07/2024,14:00,[13:45-14:00[,S,F,F,C,C,52.00,52.00
11/07/2024,14:15,[14:00-14:15[,S,F,F,C,C,57.11,50.98
11/07/2024,14:30,[14:15-14:30[,S,F,F,C,C,57.11,50.98
11/07/2024,14:45,[14:30-14:45[,S,F,F,C,C,57.11,50.98
11/07/2024,15:00,[14:45-15:00[,S,F,F,C,C,57.11,50.98
11/07/2024,15:15,[15:00-15:15[,S,F,F,C,C,55.99,55.99
11/07/2024,15:30,[15:15-15:30[,S,F,F,C,C,55.99,55.99
11/07/2024,15:45,[15:30-15:45[,S,F,F,C,C,55.99,55.99
11/07/2024,16:00,[15:45-16:00[,S,F,F,C,C,55.99,55.99
11/07/2024,16:15,[16:00-16:15[,S,F,F,C,C,57.61,57.61
11/07/2024,16:30,[16:15-16:30[,S,F,F,C,C,57.61,57.61
11/07/2024,16:45,[16:30-16:45[,S,F,F,C,C,57.61,57.61
11/07/2024,17:00,[16:45-17:00[,S,F,F,C,C,57.61,57.61
11/07/2024,17:15,[17:00-17:15[,S,F,F,C,C,61.49,61.49
11/07/2024,17:30,[17:15-17:30[,S,F,F,C,C,61.49,61.49
11/07/2024,17:45,[17:30-17:45[,S,F,F,C,C,61.49,61.49
11/07/2024,18:00,[17:45-18:00[,S,F,F,C,C,61.49,61.49
11/07/2024,18:15,[18:00-18:15[,S,F,F,C,C,84.19,84.19
11/07/2024,18:30,[18:15-18:30[,S,F,F,C,C,84.19,84.19
11/07/2024,18:45,[18:30-18:45[,S,F,F,C,C,84.19,84.19
11/07/2024,19:00,[18:45-19:00[,S,F,F,C,C,84.19,84.19
11/07/2024,19:15,[19:00-19:15[,S,F,F,C,C,101.78,101.78
11/07/2024,19:30,[19:15-19:30[,S,F,F,C,C,101.78,101.78
11/07/2024,19:45,[19:30-19:45[,S,F,F,P,C,101.78,101.78
11/07/2024,20:00,[19:45-20:00[,S,F,F,P,C,101.78,101.78
11/07/2024,20:15,[20:00-20:15[,S,F,F,P,C,109.55,109.55
11/07/2024,20:30,[20:15-20:30[,S,F,F,P,C,109.55,109.55
11/07/2024,20:45,[20:30-20:45[,S,F,F,P,C,109.55,109.55
11/07/2024,21:00,[20:45-21:00[,S,F,F,P,C,109.55,109.55
11/07/2024,21:15,[21:00-21:15[,S,F,F,C,C,111.39,111.39
11/07/2024,21:30,[21:15-21:30[,S,F,F,C,C,111.39,111.39
11/07/2024,21:45,[21:30-21:45[,S,F,F,C,C,111.39,111.39
11/07/2024,22:00,[21:45-22:00[,S,F,F,C,C,111.39,111.39
11/07/2024,22:15,[22:00-22:15[,S,V,F,V,C,97.15,97.15
11/07/2024,22:30,[22:15-22:30[,S,V,F,V,C,97.15,97.15
11/07/2024,22:45,[22:30-22:45[,S,V,F,V,C,97.15,97.15
11/07/2024,23:00,[22:45-23:00[,S,V,F,V,C,97.15,97.15
11/07/2024,23:15,[23:00-23:15[,S,V,F,V,C,85.00,85.00
11/07/2024,23:30,[23:15-23:30[,S,V,F,V,C,85.00,85.00
11/07/2024,23:45,[23:30-23:45[,S,V,F,V,C,85.00,85.00
11/07/2024,23:59,[23:45-00:00[,S,V,F,V,C,85.00,85.00
12/07/2024,00:15,[00:00-00:15[,S,V,V,V,V,71.32,71.32
12/07/2024,00:30,[00:15-00:30[,S,V,V,V,V,71.32,71.32
12/07/2024,00:45,[00:30-00:45[,S,V,V,V,V,71.32,71.32
12/07/2024,01:00,[00:45-01:00[,S,V,V,V,V,71.32,71.32
12/07/2024,01:15,[01:00-01:15[,S,V,V,V,V,74.44,74.44
12/07/2024,01:30,[01:15-01:30[,S,V,V,V,V,74.44,74.44
12/07/2024,01:45,[01:30-01:45[,S,V,V,V,V,74.44,74.44
12/07/2024,02:00,[01:45-02:00[,S,V,V,V,V,74.44,74.44
12/07/2024,02:15,[02:00-02:15[,S,V,V,V,V,62.70,62.70
12/07/2024,02:30,[02:15-02:30[,S,V,V,V,V,62.70,62.70
12/07/2024,02:45,[02:30-02:45[,S,V,V,V,V,62.70,62.70
12/07/2024,03:00,[02:45-03:00[,S,V,V,V,V,62.70,62.70
12/07/2024,03:15,[03:00-03:15[,S,V,V,V,V,56.50,56.50
12/07/2024,03:30,[03:15-03:30[,S,V,V,V,V,56.50,56.50
12/07/2024,03:45,[03:30-03:45[,S,V,V,V,V,56.50,56.50
12/07/2024,04:00,[03:45-04:00[,S,V,V,V,V,56.50,56.50
12/07/2024,04:15,[04:00-04:15[,S,V,V,V,V,60.30,60.30
12/07/2024,04:30,[04:15-04:30[,S,V,V,V,V,60.30,60.30
12/07/2024,04:45,[04:30-04:45[,S,V,V,V,V,60.30,60.30
12/07/2024,05:00,[04:45-05:00[,S,V,V,V,V,60.30,60.30
12/07/2024,05:15,[05:00-05:15[,S,V,V,V,V,70.00,70.00
12/07/2024,05:30,[05:15-05:30[,S,V,V,V,V,70.00,70.00
12/07/2024,05:45,[05:30-05:45[,S,V,V,V,V,70.00,70.00
12/07/2024,06:00,[05:45-06:00[,S,V,V,V,V,70.00,70.00
12/07/2024,06:15,[06:00-06:15[,S,V,V,V,V,75.60,75.60
12/07/2024,06:30,[06:15-06:30[,S,V,V,V,V,75.60,75.60
12/07/2024,06:45,[06:30-06:45[,S,V,V,V,V,75.60,75.60
12/07/2024,07:00,[06:45-07:00[,S,V,V,V,V,75.60,75.60
12/07/2024,07:15,[07:00-07:15[,S,V,F,V,C,73.72,73.72
12/07/2024,07:30,[07:15-07:30[,S,V,F,V,C,73.72,73.72
12/07/2024,07:45,[07:30-07:45[,S,V,F,V,C,73.72,73.72
12/07/2024,08:00,[07:45-08:00[,S,V,F,V,C,73.72,73.72
12/07/2024,08:15,[08:00-08:15[,S,F,F,C,C,49.00,49.00
12/07/2024,08:30,[08:15-08:30[,S,F,F,C,C,49.00,49.00
12/07/2024,08:45,[08:30-08:45[,S,F,F,C,C,49.00,49.00
12/07/2024,09:00,[08:45-09:00[,S,F,F,C,C,49.00,49.00
12/07/2024,09:15,[09:00-09:15[,S,F,F,C,C,41.75,41.75
12/07/2024,09:30,[09:15-09:30[,S,F,F,C,P,41.75,41.75
12/07/2024,09:45,[09:30-09:45[,S,F,F,C,P,41.75,41.75
12/07/2024,10:00,[09:45-10:00[,S,F,F,C,P,41.75,41.75
12/07/2024,10:15,[10:00-10:15[,S,F,F,C,P,41.36,41.36
12/07/2024,10:30,[10:15-10:30[,S,F,F,C,P,41.36,41.36
12/07/2024,10:45,[10:30-10:45[,S,F,F,P,P,41.36,41.36
12/07/2024,11:00,[10:45-11:00[,S,F,F,P,P,41.36,41.36
12/07/2024,11:15,[11:00-11:15[,S,F,F,P,P,41.49,41.49
12/07/2024,11:30,[11:15-11:30[,S,F,F,P,P,41.49,41.49
12/07/2024,11:45,[11:30-11:45[,S,F,F,P,P,41.49,41.49
12/07/2024,12:00,[11:45-12:00[,S,F,F,P,P,41.49,41.49
12/07/2024,12:15,[12:00-12:15[,S,F,F,P,P,41.49,41.49
12/07/2024,12:30,[12:15-12:30[,S,F,F,P,C,41.49,41.49
12/07/2024,12:45,[12:30-12:45[,S,F,F,P,C,41.49,41.49
12/07/2024,13:00,[12:45-13:00[,S,F,F,P,C,41.49,41.49
12/07/2024,13:15,[13:00-13:15[,S,F,F,C,C,41.10,41.10
12/07/2024,13:30,[13:15-13:30[,S,F,F,C,C,41.10,41.10
12/07/2024,13:45,[13:30-13:45[,S,F,F,C,C,41.10,41.10
12/07/2024,14:00,[13:45-14:00[,S,F,F,C,C,41.10,41.10
12/07/2024,14:15,[14:00-14:15[,S,F,F,C,C,38.38,36.03
12/07/2024,14:30,[14:15-14:30[,S,F,F,C,C,38.38,36.03
12/07/2024,14:45,[14:30-14:45[,S,F,F,C,C,38.38,36.03
12/07/2024,15:00,[14:45-15:00[,S,F,F,C,C,38.38,36.03
12/07/2024,15:15,[15:00-15:15[,S,F,F,C,C,29.65,24.45
12/07/2024,15:30,[15:15-15:30[,S,F,F,C,C,29.65,24.45
12/07/2024,15:45,[15:30-15:45[,S,F,F,C,C,29.65,24.45
12/07/2024,16:00,[15:45-16:00[,S,F,F,C,C,29.65,24.45
12/07/2024,16:15,[16:00-16:15[,S,F,F,C,C,38.36,38.36
12/07/2024,16:30,[16:15-16:30[,S,F,F,C,C,38.36,38.36
12/07/2024,16:45,[16:30-16:45[,S,F,F,C,C,38.36,38.36
12/07/2024,17:00,[16:45-17:00[,S,F,F,C,C,38.36,38.36
12/07/2024,17:15,[17:00-17:15[,S,F,F,C,C,41.49,41.49
12/07/2024,17:30,[17:15-17:30[,S,F,F,C,C,41.49,41.49
12/07/2024,17:45,[17:30-17:45[,S,F,F,C,C,41.49,41.49
12/07/2024,18:00,[17:45-18:00[,S,F,F,C,C,41.49,41.49
12/07/2024,18:15,[18:00-18:15[,S,F,F,C,C,52.20,52.20
12/07/2024,18:30,[18:15-18:30[,S,F,F,C,C,52.20,52.20
12/07/2024,18:45,[18:30-18:45[,S,F,F,C,C,52.20,52.20
12/07/2024,19:00,[18:45-19:00[,S,F,F,C,C,52.20,52.20
12/07/2024,19:15,[19:00-19:15[,S,F,F,C,C,75.58,75.58
12/07/2024,19:30,[19:15-19:30[,S,F,F,C,C,75.58,75.58
12/07/2024,19:45,[19:30-19:45[,S,F,F,P,C,75.58,75.58
12/07/2024,20:00,[19:45-20:00[,S,F,F,P,C,75.58,75.58
12/07/2024,20:15,[20:00-20:15[,S,F,F,P,C,89.93,89.93
12/07/2024,20:30,[20:15-20:30[,S,F,F,P,C,89.93,89.93
12/07/2024,20:45,[20:30-20:45[,S,F,F,P,C,89.93,89.93
12/07/2024,21:00,[20:45-21:00[,S,F,F,P,C,89.93,89.93
12/07/2024,21:15,[21:00-21:15[,S,F,F,C,C,87.00,87.00
12/07/2024,21:30,[21:15-21:30[,S,F,F,C,C,87.00,87.00
12/07/2024,21:45,[21:30-21:45[,S,F,F,C,C,87.00,87.00
12/07/2024,22:00,[21:45-22:00[,S,F,F,C,C,87.00,87.00
12/07/2024,22:15,[22:00-22:15[,S,V,F,V,C,79.97,79.97
12/07/2024,22:30,[22:15-22:30[,S,V,F,V,C,79.97,79.97
12/07/2024,22:45,[22:30-22:45[,S,V,F,V,C,79.97,79.97
12/07/2024,23:00,[22:45-23:00[,S,V,F,V,C,79.97,79.97
12/07/2024,23:15,[23:00-23:15[,S,V,F,V,C,90.22,90.22
12/07/2024,23:30,[23:15-23:30[,S,V,F,V,C,90.22,90.22
12/07/2024,23:45,[23:30-23:45[,S,V,F,V,C,90.22,90.22
12/07/2024,23:59,[23:45-00:00[,S,V,F,V,C,90.22,90.22
13/07/2024,00:15,[00:00-00:15[,S,V,V,V,V,86.11,86.11
13/07/2024,00:30,[00:15-00:30[,S,V,V,V,V,86.11,86.11
13/07/2024,00:45,[00:30-00:45[,S,V,V,V,V,86.11,86.11
13/07/2024,01:00,[00:45-01:00[,S,V,V,V,V,86.11,86.11
13/07/2024,01:15,[01:00-01:15[,S,V,V,V,V,75.90,75.90
13/07/2024,01:30,[01:15-01:30[,S,V,V,V,V,75.90,75.90
13/07/2024,01:45,[01:30-01:45[,S,V,V,V,V,75.90,75.90
13/07/2024,02:00,[01:45-02:00[,S,V,V,V,V,75.90,75.90
13/07/2024,02:15,[02:00-02:15[,S,V,V,V,V,75.59,75.59
13/07/2024,02:30,[02:15-02:30[,S,V,V,V,V,75.59,75.59
13/07/2024,02:45,[02:30-02:45[,S,V,V,V,V,75.59,75.59
13/07/2024,03:00,[02:45-03:00[,S,V,V,V,V,75.59,75.59
13/07/2024,03:15,[03:00-03:15[,S,V,V,V,V,79.00,79.00
13/07/2024,03:30,[03:15-03:30[,S,V,V,V,V,79.00,79.00
13/07/2024,03:45,[03:30-03:45[,S,V,V,V,V,79.00,79.00
13/07/2024,04:00,[03:45-04:00[,S,V,V,V,V,79.00,79.00
13/07/2024,04:15,[04:00-04:15[,S,V,V,V,V,83.61,83.61
13/07/2024,04:30,[04:15-04:30[,S,V,V,V,V,83.61,83.61
13/07/2024,04:45,[04:30-04:45[,S,V,V,V,V,83.61,83.61
13/07/2024,05:00,[04:45-05:00[,S,V,V,V,V,83.61,83.61
13/07/2024,05:15,[05:00-05:15[,S,V,V,V,V,86.22,86.22
13/07/2024,05:30,[05:15-05:30[,S,V,V,V,V,86.22,86.22
13/07/2024,05:45,[05:30-05:45[,S,V,V,V,V,86.22,86.22
13/07/2024,06:00,[05:45-06:00[,S,V,V,V,V,86.22,86.22
13/07/2024,06:15,[06:00-06:15[,S,V,V,V,V,86.46,86.46
13/07/2024,06:30,[06:15-06:30[,S,V,V,V,V,86.46,86.46
13/07/2024,06:45,[06:30-06:45[,S,V,V,V,V,86.46,86.46
13/07/2024,07:00,[06:45-07:00[,S,V,V,V,V,86.46,86.46
13/07/2024,07:15,[07:00-07:15[,S,V,V,V,V,50.01,50.01
13/07/2024,07:30,[07:15-07:30[,S,V,V,V,V,50.01,50.01
13/07/2024,07:45,[07:30-07:45[,S,V,V,V,V,50.01,50.01
13/07/2024,08:00,[07:45-08:00[,S,V,V,V,V,50.01,50.01
13/07/2024,08:15,[08:00-08:15[,S,F,V,C,V,43.99,43.99
13/07/2024,08:30,[08:15-08:30[,S,F,V,C,V,43.99,43.99
13/07/2024,08:45,[08:30-08:45[,S,F,V,C,V,43.99,43.99
13/07/2024,09:00,[08:45-09:00[,S,F,V,C,V,43.99,43.99
13/07/2024,09:15,[09:00-09:15[,S,F,F,C,C,10.00,10.00
13/07/2024,09:30,[09:15-09:30[,S,F,F,C,C,10.00,10.00
13/07/2024,09:45,[09:30-09:45[,S,F,F,C,C,10.00,10.00
13/07/2024,10:00,[09:45-10:00[,S,F,F,C,C,10.00,10.00
13/07/2024,10:15,[10:00-10:15[,S,F,F,C,C,3.32,3.32
13/07/2024,10:30,[10:15-10:30[,S,F,F,C,C,3.32,3.32
13/07/2024,10:45,[10:30-10:45[,S,F,F,P,C,3.32,3.32
13/07/2024,11:00,[10:45-11:00[,S,F,F,P,C,3.32,3.32
13/07/2024,11:15,[11:00-11:15[,S,F,F,P,C,1.90,0.44
13/07/2024,11:30,[11:15-11:30[,S,F,F,P,C,1.90,0.44
13/07/2024,11:45,[11:30-11:45[,S,F,F,P,C,1.90,0.44
13/07/2024,12:00,[11:45-12:00[,S,F,F,P,C,1.90,0.44
13/07/2024,12:15,[12:00-12:15[,S,F,F,P,C,1.89,0.44
13/07/2024,12:30,[12:15-12:30[,S,F,F,P,C,1.89,0.44
13/07/2024,12:45,[12:30-12:45[,S,F,F,P,C,1.89,0.44
13/07/2024,13:00,[12:45-13:00[,S,F,F,P,C,1.89,0.44
13/07/2024,13:15,[13:00-13:15[,S,F,F,C,C,0.00,0.00
13/07/2024,13:30,[13:15-13:30[,S,F,F,C,C,0.00,0.00
13/07/2024,13:45,[13:30-13:45[,S,F,F,C,C,0.00,0.00
13/07/2024,14:00,[13:45-14:00[,S,F,F,C,C,0.00,0.00
13/07/2024,14:15,[14:00-14:15[,S,F,V,C,V,0.00,0.00
13/07/2024,14:30,[14:15-14:30[,S,F,V,C,V,0.00,0.00
13/07/2024,14:45,[14:30-14:45[,S,F,V,C,V,0.00,0.00
13/07/2024,15:00,[14:45-15:00[,S,F,V,C,V,0.00,0.00
13/07/2024,15:15,[15:00-15:15[,S,F,V,C,V,0.00,0.00
13/07/2024,15:30,[15:15-15:30[,S,F,V,C,V,0.00,0.00
13/07/2024,15:45,[15:30-15:45[,S,F,V,C,V,0.00,0.00
13/07/2024,16:00,[15:45-16:00[,S,F,V,C,V,0.00,0.00
13/07/2024,16:15,[16:00-16:15[,S,F,V,C,V,0.90,0.90
13/07/2024,16:30,[16:15-16:30[,S,F,V,C,V,0.90,0.90
13/07/2024,16:45,[16:30-16:45[,S,F,V,C,V,0.90,0.90
13/07/2024,17:00,[16:45-17:00[,S,F,V,C,V,0.90,0.90
13/07/2024,17:15,[17:00-17:15[,S,F,V,C,V,30.51,30.51
13/07/2024,17:30,[17:15-17:30[,S,F,V,C,V,30.51,30.51
13/07/2024,17:45,[17:30-17:45[,S,F,V,C,V,30.51,30.51
13/07/2024,18:00,[17:45-18:00[,S,F,V,C,V,30.51,30.51
13/07/2024,18:15,[18:00-18:15[,S,F,V,C,V,49.38,49.38
13/07/2024,18:30,[18:15-18:30[,S,F,V,C,V,49.38,49.38
13/07/2024,18:45,[18:30-18:45[,S,F,V,C,V,49.38,49.38
13/07/2024,19:00,[18:45-19:00[,S,F,V,C,V,49.38,49.38
13/07/2024,19:15,[19:00-19:15[,S,F,V,C,V,75.45,75.45
13/07/2024,19:30,[19:15-19:30[,S,F,V,C,V,75.45,75.45
13/07/2024,19:45,[19:30-19:45[,S,F,V,P,V,75.45,75.45
13/07/2024,20:00,[19:45-20:00[,S,F,V,P,V,75.45,75.45
13/07/2024,20:15,[20:00-20:15[,S,F,F,P,C,97.81,97.81
13/07/2024,20:30,[20:15-20:30[,S,F,F,P,C,97.81,97.81
13/07/2024,20:45,[20:30-20:45[,S,F,F,P,C,97.81,97.81
13/07/2024,21:00,[20:45-21:00[,S,F,F,P,C,97.81,97.81
13/07/2024,21:15,[21:00-21:15[,S,F,F,C,C,107.48,107.48
13/07/2024,21:30,[21:15-21:30[,S,F,F,C,C,107.48,107.48
13/07/2024,21:45,[21:30-21:45[,S,F,F,C,C,107.48,107.48
13/07/2024,22:00,[21:45-22:00[,S,F,F,C,C,107.48,107.48
13/07/2024,22:15,[22:00-22:15[,S,V,V,V,V,100.16,100.16
13/07/2024,22:30,[22:15-22:30[,S,V,V,V,V,100.16,100.16
13/07/2024,22:45,[22:30-22:45[,S,V,V,V,V,100.16,100.16
13/07/2024,23:00,[22:45-23:00[,S,V,V,V,V,100.16,100.16
13/07/2024,23:15,[23:00-23:15[,S,V,V,V,V,107.51,107.51
13/07/2024,23:30,[23:15-23:30[,S,V,V,V,V,107.51,107.51
13/07/2024,23:45,[23:30-23:45[,S,V,V,V,V,107.51,107.51
13/07/2024,23:59,[23:45-00:00[,S,V,V,V,V,107.51,107.51
14/07/2024,00:15,[00:00-00:15[,S,V,V,V,V,99.22,99.22
14/07/2024,00:30,[00:15-00:30[,S,V,V,V,V,99.22,99.22
14/07/2024,00:45,[00:30-00:45[,S,V,V,V,V,99.22,99.22
14/07/2024,01:00,[00:45-01:00[,S,V,V,V,V,99.22,99.22
14/07/2024,01:15,[01:00-01:15[,S,V,V,V,V,97.94,97.94
14/07/2024,01:30,[01:15-01:30[,S,V,V,V,V,97.94,97.94
14/07/2024,01:45,[01:30-01:45[,S,V,V,V,V,97.94,97.94
14/07/2024,02:00,[01:45-02:00[,S,V,V,V,V,97.94,97.94
14/07/2024,02:15,[02:00-02:15[,S,V,V,V,V,96.71,96.71
14/07/2024,02:30,[02:15-02:30[,S,V,V,V,V,96.71,96.71
14/07/2024,02:45,[02:30-02:45[,S,V,V,V,V,96.71,96.71
14/07/2024,03:00,[02:45-03:00[,S,V,V,V,V,96.71,96.71
14/07/2024,03:15,[03:00-03:15[,S,V,V,V,V,96.71,96.71
14/07/2024,03:30,[03:15-03:30[,S,V,V,V,V,96.71,96.71
14/07/2024,03:45,[03:30-03:45[,S,V,V,V,V,96.71,96.71
14/07/2024,04:00,[03:45-04:00[,S,V,V,V,V,96.71,96.71
14/07/2024,04:15,[04:00-04:15[,S,V,V,V,V,95.41,95.41
14/07/2024,04:30,[04:15-04:30[,S,V,V,V,V,95.41,95.41
14/07/2024,04:45,[04:30-04:45[,S,V,V,V,V,95.41,95.41
14/07/2024,05:00,[04:45-05:00[,S,V,V,V,V,95.41,95.41
14/07/2024,05:15,[05:00-05:15[,S,V,V,V,V,96.80,96.80
14/07/2024,05:30,[05:15-05:30[,S,V,V,V,V,96.80,96.80
14/07/2024,05:45,[05:30-05:45[,S,V,V,V,V,96.80,96.80
14/07/2024,06:00,[05:45-06:00[,S,V,V,V,V,96.80,96.80
14/07/2024,06:15,[06:00-06:15[,S,V,V,V,V,86.32,86.32
14/07/2024,06:30,[06:15-06:30[,S,V,V,V,V,86.32,86.32
14/07/2024,06:45,[06:30-06:45[,S,V,V,V,V,86.32,86.32
14/07/2024,07:00,[06:45-07:00[,S,V,V,V,V,86.32,86.32
14/07/2024,07:15,[07:00-07:15[,S,V,V,V,V,46.00,46.00
14/07/2024,07:30,[07:15-07:30[,S,V,V,V,V,46.00,46.00
14/07/2024,07:45,[07:30-07:45[,S,V,V,V,V,46.00,46.00
14/07/2024,08:00,[07:45-08:00[,S,V,V,V,V,46.00,46.00
14/07/2024,08:15,[08:00-08:15[,S,F,V,C,V,0.44,0.44
14/07/2024,08:30,[08:15-08:30[,S,F,V,C,V,0.44,0.44
14/07/2024,08:45,[08:30-08:45[,S,F,V,C,V,0.44,0.44
14/07/2024,09:00,[08:45-09:00[,S,F,V,C,V,0.44,0.44
14/07/2024,09:15,[09:00-09:15[,S,F,V,C,V,-0.01,-0.01
14/07/2024,09:30,[09:15-09:30[,S,F,V,C,V,-0.01,-0.01
14/07/2024,09:45,[09:30-09:45[,S,F,V,C,V,-0.01,-0.01
14/07/2024,10:00,[09:45-10:00[,S,F,V,C,V,-0.01,-0.01
14/07/2024,10:15,[10:00-10:15[,S,F,V,C,V,0.95,-0.62
14/07/2024,10:30,[10:15-10:30[,S,F,V,C,V,0.95,-0.62
14/07/2024,10:45,[10:30-10:45[,S,F,V,P,V,0.95,-0.62
14/07/2024,11:00,[10:45-11:00[,S,F,V,P,V,0.95,-0.62
14/07/2024,11:15,[11:00-11:15[,S,F,V,P,V,0.95,-0.80
14/07/2024,11:30,[11:15-11:30[,S,F,V,P,V,0.95,-0.80
14/07/2024,11:45,[11:30-11:45[,S,F,V,P,V,0.95,-0.80
14/07/2024,12:00,[11:45-12:00[,S,F,V,P,V,0.95,-0.80
14/07/2024,12:15,[12:00-12:15[,S,F,V,P,V,0.95,-0.62
14/07/2024,12:30,[12:15-12:30[,S,F,V,P,V,0.95,-0.62
14/07/2024,12:45,[12:30-12:45[,S,F,V,P,V,0.95,-0.62
14/07/2024,13:00,[12:45-13:00[,S,F,V,P,V,0.95,-0.62
14/07/2024,13:15,[13:00-13:15[,S,F,V,C,V,0.00,-0.62
14/07/2024,13:30,[13:15-13:30[,S,F,V,C,V,0.00,-0.62
14/07/2024,13:45,[13:30-13:45[,S,F,V,C,V,0.00,-0.62
14/07/2024,14:00,[13:45-14:00[,S,F,V,C,V,0.00,-0.62
14/07/2024,14:15,[14:00-14:15[,S,F,V,C,V,-0.95,-0.95
14/07/2024,14:30,[14:15-14:30[,S,F,V,C,V,-0.95,-0.95
14/07/2024,14:45,[14:30-14:45[,S,F,V,C,V,-0.95,-0.95
14/07/2024,15:00,[14:45-15:00[,S,F,V,C,V,-0.95,-0.95
14/07/2024,15:15,[15:00-15:15[,S,F,V,C,V,-0.95,-0.95
14/07/2024,15:30,[15:15-15:30[,S,F,V,C,V,-0.95,-0.95
14/07/2024,15:45,[15:30-15:45[,S,F,V,C,V,-0.95,-0.95
14/07/2024,16:00,[15:45-16:00[,S,F,V,C,V,-0.95,-0.95
14/07/2024,16:15,[16:00-16:15[,S,F,V,C,V,0.00,0.00
14/07/2024,16:30,[16:15-16:30[,S,F,V,C,V,0.00,0.00
14/07/2024,16:45,[16:30-16:45[,S,F,V,C,V,0.00,0.00
14/07/2024,17:00,[16:45-17:00[,S,F,V,C,V,0.00,0.00
14/07/2024,17:15,[17:00-17:15[,S,F,V,C,V,9.79,9.79
14/07/2024,17:30,[17:15-17:30[,S,F,V,C,V,9.79,9.79
14/07/2024,17:45,[17:30-17:45[,S,F,V,C,V,9.79,9.79
14/07/2024,18:00,[17:45-18:00[,S,F,V,C,V,9.79,9.79
14/07/2024,18:15,[18:00-18:15[,S,F,V,C,V,44.81,44.81
14/07/2024,18:30,[18:15-18:30[,S,F,V,C,V,44.81,44.81
14/07/2024,18:45,[18:30-18:45[,S,F,V,C,V,44.81,44.81
14/07/2024,19:00,[18:45-19:00[,S,F,V,C,V,44.81,44.81
14/07/2024,19:15,[19:00-19:15[,S,F,V,C,V,74.57,74.57
14/07/2024,19:30,[19:15-19:30[,S,F,V,C,V,74.57,74.57
14/07/2024,19:45,[19:30-19:45[,S,F,V,P,V,74.57,74.57
14/07/2024,20:00,[19:45-20:00[,S,F,V,P,V,74.57,74.57
14/07/2024,20:15,[20:00-20:15[,S,F,V,P,V,99.31,99.31
14/07/2024,20:30,[20:15-20:30[,S,F,V,P,V,99.31,99.31
14/07/2024,20:45,[20:30-20:45[,S,F,V,P,V,99.31,99.31
14/07/2024,21:00,[20:45-21:00[,S,F,V,P,V,99.31,99.31
14/07/2024,21:15,[21:00-21:15[,S,F,V,C,V,109.91,109.91
14/07/2024,21:30,[21:15-21:30[,S,F,V,C,V,109.91,109.91
14/07/2024,21:45,[21:30-21:45[,S,F,V,C,V,109.91,109.91
14/07/2024,22:00,[21:45-22:00[,S,F,V,C,V,109.91,109.91
14/07/2024,22:15,[22:00-22:15[,S,V,V,V,V,97.89,97.89
14/07/2024,22:30,[22:15-22:30[,S,V,V,V,V,97.89,97.89
14/07/2024,22:45,[22:30-22:45[,S,V,V,V,V,97.89,97.89
14/07/2024,23:00,[22:45-23:00[,S,V,V,V,V,97.89,97.89
14/07/2024,23:15,[23:00-23:15[,S,V,V,V,V,89.61,89.61
14/07/2024,23:30,[23:15-23:30[,S,V,V,V,V,89.61,89.61
14/07/2024,23:45,[23:30-23:45[,S,V,V,V,V,89.61,89.61
14/07/2024,23:59,[23:45-00:00[,S,V,V,V,V,89.61,89.61
15/07/2024,00:15,[00:00-00:15[,S,V,V,V,V,75.00,75.00
15/07/2024,00:30,[00:15-00:30[,S,V,V,V,V,75.00,75.00
15/07/2024,00:45,[00:30-00:45[,S,V,V,V,V,75.00,75.00
15/07/2024,01:00,[00:45-01:00[,S,V,V,V,V,75.00,75.00
15/07/2024,01:15,[01:00-01:15[,S,V,V,V,V,60.31,60.31
15/07/2024,01:30,[01:15-01:30[,S,V,V,V,V,60.31,60.31
15/07/2024,01:45,[01:30-01:45[,S,V,V,V,V,60.31,60.31
15/07/2024,02:00,[01:45-02:00[,S,V,V,V,V,60.31,60.31
15/07/2024,02:15,[02:00-02:15[,S,V,V,V,V,60.31,60.31
15/07/2024,02:30,[02:15-02:30[,S,V,V,V,V,60.31,60.31
15/07/2024,02:45,[02:30-02:45[,S,V,V,V,V,60.31,60.31
15/07/2024,03:00,[02:45-03:00[,S,V,V,V,V,60.31,60.31
15/07/2024,03:15,[03:00-03:15[,S,V,V,V,V,59.79,59.79
15/07/2024,03:30,[03:15-03:30[,S,V,V,V,V,59.79,59.79
15/07/2024,03:45,[03:30-03:45[,S,V,V,V,V,59.79,59.79
15/07/2024,04:00,[03:45-04:00[,S,V,V,V,V,59.79,59.79
15/07/2024,04:15,[04:00-04:15[,S,V,V,V,V,59.92,59.92
15/07/2024,04:30,[04:15-04:30[,S,V,V,V,V,59.92,59.92
15/07/2024,04:45,[04:30-04:45[,S,V,V,V,V,59.92,59.92
15/07/2024,05:00,[04:45-05:00[,S,V,V,V,V,59.92,59.92
15/07/2024,05:15,[05:00-05:15[,S,V,V,V,V,66.56,66.56
15/07/2024,05:30,[05:15-05:30[,S,V,V,V,V,66.56,66.56
15/07/2024,05:45,[05:30-05:45[,S,V,V,V,V,66.56,66.56
15/07/2024,06:00,[05:45-06:00[,S,V,V,V,V,66.56,66.56
15/07/2024,06:15,[06:00-06:15[,S,V,V,V,V,89.87,89.87
15/07/2024,06:30,[06:15-06:30[,S,V,V,V,V,89.87,89.87
15/07/2024,06:45,[06:30-06:45[,S,V,V,V,V,89.87,89.87
15/07/2024,07:00,[06:45-07:00[,S,V,V,V,V,89.87,89.87
15/07/2024,07:15,[07:00-07:15[,S,V,F,V,C,82.15,82.15
15/07/2024,07:30,[07:15-07:30[,S,V,F,V,C,82.15,82.15
15/07/2024,07:45,[07:30-07:45[,S,V,F,V,C,82.15,82.15
15/07/2024,08:00,[07:45-08:00[,S,V,F,V,C,82.15,82.15
15/07/2024,08:15,[08:00-08:15[,S,F,F,C,C,62.01,62.01
15/07/2024,08:30,[08:15-08:30[,S,F,F,C,C,62.01,62.01
15/07/2024,08:45,[08:30-08:45[,S,F,F,C,C,62.01,62.01
15/07/2024,09:00,[08:45-09:00[,S,F,F,C,C,62.01,62.01
15/07/2024,09:15,[09:00-09:15[,S,F,F,C,C,39.49,39.49
15/07/2024,09:30,[09:15-09:30[,S,F,F,C,P,39.49,39.49
15/07/2024,09:45,[09:30-09:45[,S,F,F,C,P,39.49,39.49
15/07/2024,10:00,[09:45-10:00[,S,F,F,C,P,39.49,39.49
15/07/2024,10:15,[10:00-10:15[,S,F,F,C,P,15.84,15.84
15/07/2024,10:30,[10:15-10:30[,S,F,F,C,P,15.84,15.84
15/07/2024,10:45,[10:30-10:45[,S,F,F,P,P,15.84,15.84
15/07/2024,11:00,[10:45-11:00[,S,F,F,P,P,15.84,15.84
15/07/2024,11:15,[11:00-11:15[,S,F,F,P,P,6.06,6.06
15/07/2024,11:30,[11:15-11:30[,S,F,F,P,P,6.06,6.06
15/07/2024,11:45,[11:30-11:45[,S,F,F,P,P,6.06,6.06
15/07/2024,12:00,[11:45-12:00[,S,F,F,P,P,6.06,6.06
15/07/2024,12:15,[12:00-12:15[,S,F,F,P,P,3.74,3.74
15/07/2024,12:30,[12:15-12:30[,S,F,F,P,C,3.74,3.74
15/07/2024,12:45,[12:30-12:45[,S,F,F,P,C,3.74,3.74
15/07/2024,13:00,[12:45-13:00[,S,F,F,P,C,3.74,3.74
15/07/2024,13:15,[13:00-13:15[,S,F,F,C,C,3.90,3.90
15/07/2024,13:30,[13:15-13:30[,S,F,F,C,C,3.90,3.90
15/07/2024,13:45,[13:30-13:45[,S,F,F,C,C,3.90,3.90
15/07/2024,14:00,[13:45-14:00[,S,F,F,C,C,3.90,3.90
15/07/2024,14:15,[14:00-14:15[,S,F,F,C,C,7.48,7.48
15/07/2024,14:30,[14:15-14:30[,S,F,F,C,C,7.48,7.48
15/07/2024,14:45,[14:30-14:45[,S,F,F,C,C,7.48,7.48
15/07/2024,15:00,[14:45-15:00[,S,F,F,C,C,7.48,7.48
15/07/2024,15:15,[15:00-15:15[,S,F,F,C,C,5.99,5.99
15/07/2024,15:30,[15:15-15:30[,S,F,F,C,C,5.99,5.99
15/07/2024,15:45,[15:30-15:45[,S,F,F,C,C,5.99,5.99
15/07/2024,16:00,[15:45-16:00[,S,F,F,C,C,5.99,5.99
15/07/2024,16:15,[16:00-16:15[,S,F,F,C,C,14.00,14.00
15/07/2024,16:30,[16:15-16:30[,S,F,F,C,C,14.00,14.00
15/07/2024,16:45,[16:30-16:45[,S,F,F,C,C,14.00,14.00
15/07/2024,17:00,[16:45-17:00[,S,F,F,C,C,14.00,14.00
15/07/2024,17:15,[17:00-17:15[,S,F,F,C,C,40.00,40.00
15/07/2024,17:30,[17:15-17:30[,S,F,F,C,C,40.00,40.00
15/07/2024,17:45,[17:30-17:45[,S,F,F,C,C,40.00,40.00
15/07/2024,18:00,[17:45-18:00[,S,F,F,C,C,40.00,40.00
15/07/2024,18:15,[18:00-18:15[,S,F,F,C,C,60.00,60.00
15/07/2024,18:30,[18:15-18:30[,S,F,F,C,C,60.00,60.00
15/07/2024,18:45,[18:30-18:45[,S,F,F,C,C,60.00,60.00
15/07/2024,19:00,[18:45-19:00[,S,F,F,C,C,60.00,60.00
15/07/2024,19:15,[19:00-19:15[,S,F,F,C,C,80.00,80.00
15/07/2024,19:30,[19:15-19:30[,S,F,F,C,C,80.00,80.00
15/07/2024,19:45,[19:30-19:45[,S,F,F,P,C,80.00,80.00
15/07/2024,20:00,[19:45-20:00[,S,F,F,P,C,80.00,80.00
15/07/2024,20:15,[20:00-20:15[,S,F,F,P,C,108.78,108.78
15/07/2024,20:30,[20:15-20:30[,S,F,F,P,C,108.78,108.78
15/07/2024,20:45,[20:30-20:45[,S,F,F,P,C,108.78,108.78
15/07/2024,21:00,[20:45-21:00[,S,F,F,P,C,108.78,108.78
15/07/2024,21:15,[21:00-21:15[,S,F,F,C,C,109.37,109.37
15/07/2024,21:30,[21:15-21:30[,S,F,F,C,C,109.37,109.37
15/07/2024,21:45,[21:30-21:45[,S,F,F,C,C,109.37,109.37
15/07/2024,22:00,[21:45-22:00[,S,F,F,C,C,109.37,109.37
15/07/2024,22:15,[22:00-22:15[,S,V,F,V,C,94.70,94.70
15/07/2024,22:30,[22:15-22:30[,S,V,F,V,C,94.70,94.70
15/07/2024,22:45,[22:30-22:45[,S,V,F,V,C,94.70,94.70
15/07/2024,23:00,[22:45-23:00[,S,V,F,V,C,94.70,94.70
15/07/2024,23:15,[23:00-23:15[,S,V,F,V,C,105.48,105.48
15/07/2024,23:30,[23:15-23:30[,S,V,F,V,C,105.48,105.48
15/07/2024,23:45,[23:30-23:45[,S,V,F,V,C,105.48,105.48
15/07/2024,23:59,[23:45-00:00[,S,V,F,V,C,105.48,105.48
16/07/2024,00:15,[00:00-00:15[,S,V,V,V,V,97.15,97.15
16/07/2024,00:30,[00:15-00:30[,S,V,V,V,V,97.15,97.15
16/07/2024,00:45,[00:30-00:45[,S,V,V,V,V,97.15,97.15
16/07/2024,01:00,[00:45-01:00[,S,V,V,V,V,97.15,97.15
16/07/2024,01:15,[01:00-01:15[,S,V,V,V,V,97.15,97.15
16/07/2024,01:30,[01:15-01:30[,S,V,V,V,V,97.15,97.15
16/07/2024,01:45,[01:30-01:45[,S,V,V,V,V,97.15,97.15
16/07/2024,02:00,[01:45-02:00[,S,V,V,V,V,97.15,97.15
16/07/2024,02:15,[02:00-02:15[,S,V,V,V,V,97.00,97.00
16/07/2024,02:30,[02:15-02:30[,S,V,V,V,V,97.00,97.00
16/07/2024,02:45,[02:30-02:45[,S,V,V,V,V,97.00,97.00
16/07/2024,03:00,[02:45-03:00[,S,V,V,V,V,97.00,97.00
16/07/2024,03:15,[03:00-03:15[,S,V,V,V,V,97.15,97.15
16/07/2024,03:30,[03:15-03:30[,S,V,V,V,V,97.15,97.15
16/07/2024,03:45,[03:30-03:45[,S,V,V,V,V,97.15,97.15
16/07/2024,04:00,[03:45-04:00[,S,V,V,V,V,97.15,97.15
16/07/2024,04:15,[04:00-04:15[,S,V,V,V,V,100.10,100.10
16/07/2024,04:30,[04:15-04:30[,S,V,V,V,V,100.10,100.10
16/07/2024,04:45,[04:30-04:45[,S,V,V,V,V,100.10,100.10
16/07/2024,05:00,[04:45-05:00[,S,V,V,V,V,100.10,100.10
16/07/2024,05:15,[05:00-05:15[,S,V,V,V,V,98.70,98.70
16/07/2024,05:30,[05:15-05:30[,S,V,V,V,V,98.70,98.70
16/07/2024,05:45,[05:30-05:45[,S,V,V,V,V,98.70,98.70
16/07/2024,06:00,[05:45-06:00[,S,V,V,V,V,98.70,98.70
16/07/2024,06:15,[06:00-06:15[,S,V,V,V,V,108.00,108.00
16/07/2024,06:30,[06:15-06:30[,S,V,V,V,V,108.00,108.00
16/07/2024,06:45,[06:30-06:45[,S,V,V,V,V,108.00,108.00
16/07/2024,07:00,[06:45-07:00[,S,V,V,V,V,108.00,108.00
16/07/2024,07:15,[07:00-07:15[,S,V,F,V,C,98.45,98.45
16/07/2024,07:30,[07:15-07:30[,S,V,F,V,C,98.45,98.45
16/07/2024,07:45,[07:30-07:45[,S,V,F,V,C,98.45,98.45
16/07/2024,08:00,[07:45-08:00[,S,V,F,V,C,98.45,98.45
16/07/2024,08:15,[08:00-08:15[,S,F,F,C,C,86.75,86.75
16/07/2024,08:30,[08:15-08:30[,S,F,F,C,C,86.75,86.75
16/07/2024,08:45,[08:30-08:45[,S,F,F,C,C,86.75,86.75
16/07/2024,09:00,[08:45-09:00[,S,F,F,C,C,86.75,86.75
16/07/2024,09:15,[09:00-09:15[,S,F,F,C,C,73.28,73.28
16/07/2024,09:30,[09:15-09:30[,S,F,F,C,P,73.28,73.28
16/07/2024,09:45,[09:30-09:45[,S,F,F,C,P,73.28,73.28
16/07/2024,10:00,[09:45-10:00[,S,F,F,C,P,73.28,73.28
16/07/2024,10:15,[10:00-10:15[,S,F,F,C,P,61.59,61.59
16/07/2024,10:30,[10:15-10:30[,S,F,F,C,P,61.59,61.59
16/07/2024,10:45,[10:30-10:45[,S,F,F,P,P,61.59,61.59
16/07/2024,11:00,[10:45-11:00[,S,F,F,P,P,61.59,61.59
16/07/2024,11:15,[11:00-11:15[,S,F,F,P,P,61.38,61.38
16/07/2024,11:30,[11:15-11:30[,S,F,F,P,P,61.38,61.38
16/07/2024,11:45,[11:30-11:45[,S,F,F,P,P,61.38,61.38
16/07/2024,12:00,[11:45-12:00[,S,F,F,P,P,61.38,61.38
16/07/2024,12:15,[12:00-12:15[,S,F,F,P,P,61.38,61.38
16/07/2024,12:30,[12:15-12:30[,S,F,F,P,C,61.38,61.38
16/07/2024,12:45,[12:30-12:45[,S,F,F,P,C,61.38,61.38
16/07/2024,13:00,[12:45-13:00[,S,F,F,P,C,61.38,61.38
16/07/2024,13:15,[13:00-13:15[,S,F,F,C,C,60.31,60.31
16/07/2024,13:30,[13:15-13:30[,S,F,F,C,C,60.31,60.31
16/07/2024,13:45,[13:30-13:45[,S,F,F,C,C,60.31,60.31
16/07/2024,14:00,[13:45-14:00[,S,F,F,C,C,60.31,60.31
16/07/2024,14:15,[14:00-14:15[,S,F,F,C,C,59.92,59.92
16/07/2024,14:30,[14:15-14:30[,S,F,F,C,C,59.92,59.92
16/07/2024,14:45,[14:30-14:45[,S,F,F,C,C,59.92,59.92
16/07/2024,15:00,[14:45-15:00[,S,F,F,C,C,59.92,59.92
16/07/2024,15:15,[15:00-15:15[,S,F,F,C,C,59.79,59.79
16/07/2024,15:30,[15:15-15:30[,S,F,F,C,C,59.79,59.79
16/07/2024,15:45,[15:30-15:45[,S,F,F,C,C,59.79,59.79
16/07/2024,16:00,[15:45-16:00[,S,F,F,C,C,59.79,59.79
16/07/2024,16:15,[16:00-16:15[,S,F,F,C,C,60.18,60.18
16/07/2024,16:30,[16:15-16:30[,S,F,F,C,C,60.18,60.18
16/07/2024,16:45,[16:30-16:45[,S,F,F,C,C,60.18,60.18
16/07/2024,17:00,[16:45-17:00[,S,F,F,C,C,60.18,60.18
16/07/2024,17:15,[17:00-17:15[,S,F,F,C,C,67.77,67.77
16/07/2024,17:30,[17:15-17:30[,S,F,F,C,C,67.77,67.77
16/07/2024,17:45,[17:30-17:45[,S,F,F,C,C,67.77,67.77
16/07/2024,18:00,[17:45-18:00[,S,F,F,C,C,67.77,67.77
16/07/2024,18:15,[18:00-18:15[,S,F,F,C,C,94.50,94.50
16/07/2024,18:30,[18:15-18:30[,S,F,F,C,C,94.50,94.50
16/07/2024,18:45,[18:30-18:45[,S,F,F,C,C,94.50,94.50
16/07/2024,19:00,[18:45-19:00[,S,F,F,C,C,94.50,94.50
16/07/2024,19:15,[19:00-19:15[,S,F,F,C,C,109.11,109.11
16/07/2024,19:30,[19:15-19:30[,S,F,F,C,C,109.11,109.11
16/07/2024,19:45,[19:30-19:45[,S,F,F,P,C,109.11,109.11
16/07/2024,20:00,[19:45-20:00[,S,F,F,P,C,109.11,109.11
16/07/2024,20:15,[20:00-20:15[,S,F,F,P,C,125.02,125.02
16/07/2024,20:30,[20:15-20:30[,S,F,F,P,C,125.02,125.02
16/07/2024,20:45,[20:30-20:45[,S,F,F,P,C,125.02,125.02
16/07/2024,21:00,[20:45-21:00[,S,F,F,P,C,125.02,125.02
16/07/2024,21:15,[21:00-21:15[,S,F,F,C,C,115.00,115.00
16/07/2024,21:30,[21:15-21:30[,S,F,F,C,C,115.00,115.00
16/07/2024,21:45,[21:30-21:45[,S,F,F,C,C,115.00,115.00
16/07/2024,22:00,[21:45-22:00[,S,F,F,C,C,115.00,115.00
16/07/2024,22:15,[22:00-22:15[,S,V,F,V,C,98.70,98.70
16/07/2024,22:30,[22:15-22:30[,S,V,F,V,C,98.70,98.70
16/07/2024,22:45,[22:30-22:45[,S,V,F,V,C,98.70,98.70
16/07/2024,23:00,[22:45-23:00[,S,V,F,V,C,98.70,98.70
16/07/2024,23:15,[23:00-23:15[,S,V,F,V,C,101.78,101.78
16/07/2024,23:30,[23:15-23:30[,S,V,F,V,C,101.78,101.78
16/07/2024,23:45,[23:30-23:45[,S,V,F,V,C,101.78,101.78
16/07/2024,23:59,[23:45-00:00[,S,V,F,V,C,101.78,101.78
17/07/2024,00:15,[00:00-00:15[,S,V,V,V,V,96.02,96.02
17/07/2024,00:30,[00:15-00:30[,S,V,V,V,V,96.02,96.02
17/07/2024,00:45,[00:30-00:45[,S,V,V,V,V,96.02,96.02
17/07/2024,01:00,[00:45-01:00[,S,V,V,V,V,96.02,96.02
17/07/2024,01:15,[01:00-01:15[,S,V,V,V,V,92.23,92.23
17/07/2024,01:30,[01:15-01:30[,S,V,V,V,V,92.23,92.23
17/07/2024,01:45,[01:30-01:45[,S,V,V,V,V,92.23,92.23
17/07/2024,02:00,[01:45-02:00[,S,V,V,V,V,92.23,92.23
17/07/2024,02:15,[02:00-02:15[,S,V,V,V,V,94.95,94.95
17/07/2024,02:30,[02:15-02:30[,S,V,V,V,V,94.95,94.95
17/07/2024,02:45,[02:30-02:45[,S,V,V,V,V,94.95,94.95
17/07/2024,03:00,[02:45-03:00[,S,V,V,V,V,94.95,94.95
17/07/2024,03:15,[03:00-03:15[,S,V,V,V,V,96.25,96.25
17/07/2024,03:30,[03:15-03:30[,S,V,V,V,V,96.25,96.25
17/07/2024,03:45,[03:30-03:45[,S,V,V,V,V,96.25,96.25
17/07/2024,04:00,[03:45-04:00[,S,V,V,V,V,96.25,96.25
17/07/2024,04:15,[04:00-04:15[,S,V,V,V,V,96.25,96.25
17/07/2024,04:30,[04:15-04:30[,S,V,V,V,V,96.25,96.25
17/07/2024,04:45,[04:30-04:45[,S,V,V,V,V,96.25,96.25
17/07/2024,05:00,[04:45-05:00[,S,V,V,V,V,96.25,96.25
17/07/2024,05:15,[05:00-05:15[,S,V,V,V,V,107.00,107.00
17/07/2024,05:30,[05:15-05:30[,S,V,V,V,V,107.00,107.00
17/07/2024,05:45,[05:30-05:45[,S,V,V,V,V,107.00,107.00
17/07/2024,06:00,[05:45-06:00[,S,V,V,V,V,107.00,107.00
17/07/2024,06:15,[06:00-06:15[,S,V,V,V,V,113.22,113.22
17/07/2024,06:30,[06:15-06:30[,S,V,V,V,V,113.22,113.22
17/07/2024,06:45,[06:30-06:45[,S,V,V,V,V,113.22,113.22
17/07/2024,07:00,[06:45-07:00[,S,V,V,V,V,113.22,113.22
17/07/2024,07:15,[07:00-07:15[,S,V,F,V,C,105.70,105.70
17/07/2024,07:30,[07:15-07:30[,S,V,F,V,C,105.70,105.70
17/07/2024,07:45,[07:30-07:45[,S,V,F,V,C,105.70,105.70
17/07/2024,08:00,[07:45-08:00[,S,V,F,V,C,105.70,105.70
17/07/2024,08:15,[08:00-08:15[,S,F,F,C,C,97.55,97.55
17/07/2024,08:30,[08:15-08:30[,S,F,F,C,C,97.55,97.55
17/07/2024,08:45,[08:30-08:45[,S,F,F,C,C,97.55,97.55
17/07/2024,09:00,[08:45-09:00[,S,F,F,C,C,97.55,97.55
17/07/2024,09:15,[09:00-09:15[,S,F,F,C,C,93.65,93.65
17/07/2024,09:30,[09:15-09:30[,S,F,F,C,P,93.65,93.65
17/07/2024,09:45,[09:30-09:45[,S,F,F,C,P,93.65,93.65
17/07/2024,10:00,[09:45-10:00[,S,F,F,C,P,93.65,93.65
17/07/2024,10:15,[10:00-10:15[,S,F,F,C,P,75.00,75.00
17/07/2024,10:30,[10:15-10:30[,S,F,F,C,P,75.00,75.00
17/07/2024,10:45,[10:30-10:45[,S,F,F,P,P,75.00,75.00
17/07/2024,11:00,[10:45-11:00[,S,F,F,P,P,75.00,75.00
17/07/2024,11:15,[11:00-11:15[,S,F,F,P,P,71.38,71.38
17/07/2024,11:30,[11:15-11:30[,S,F,F,P,P,71.38,71.38
17/07/2024,11:45,[11:30-11:45[,S,F,F,P,P,71.38,71.38
17/07/2024,12:00,[11:45-12:00[,S,F,F,P,P,71.38,71.38
17/07/2024,12:15,[12:00-12:15[,S,F,F,P,P,70.18,70.18
17/07/2024,12:30,[12:15-12:30[,S,F,F,P,C,70.18,70.18
17/07/2024,12:45,[12:30-12:45[,S,F,F,P,C,70.18,70.18
17/07/2024,13:00,[12:45-13:00[,S,F,F,P,C,70.18,70.18
17/07/2024,13:15,[13:00-13:15[,S,F,F,C,C,70.00,70.00
17/07/2024,13:30,[13:15-13:30[,S,F,F,C,C,70.00,70.00
17/07/2024,13:45,[13:30-13:45[,S,F,F,C,C,70.00,70.00
17/07/2024,14:00,[13:45-14:00[,S,F,F,C,C,70.00,70.00
17/07/2024,14:15,[14:00-14:15[,S,F,F,C,C,69.79,69.79
17/07/2024,14:30,[14:15-14:30[,S,F,F,C,C,69.79,69.79
17/07/2024,14:45,[14:30-14:45[,S,F,F,C,C,69.79,69.79
17/07/2024,15:00,[14:45-15:00[,S,F,F,C,C,69.79,69.79
17/07/2024,15:15,[15:00-15:15[,S,F,F,C,C,69.66,69.66
17/07/2024,15:30,[15:15-15:30[,S,F,F,C,C,69.66,69.66
17/07/2024,15:45,[15:30-15:45[,S,F,F,C,C,69.66,69.66
17/07/2024,16:00,[15:45-16:00[,S,F,F,C,C,69.66,69.66
17/07/2024,16:15,[16:00-16:15[,S,F,F,C,C,70.18,70.18
17/07/2024,16:30,[16:15-16:30[,S,F,F,C,C,70.18,70.18
17/07/2024,16:45,[16:30-16:45[,S,F,F,C,C,70.18,70.18
17/07/2024,17:00,[16:45-17:00[,S,F,F,C,C,70.18,70.18
17/07/2024,17:15,[17:00-17:15[,S,F,F,C,C,87.69,87.69
17/07/2024,17:30,[17:15-17:30[,S,F,F,C,C,87.69,87.69
17/07/2024,17:45,[17:30-17:45[,S,F,F,C,C,87.69,87.69
17/07/2024,18:00,[17:45-18:00[,S,F,F,C,C,87.69,87.69
17/07/2024,18:15,[18:00-18:15[,S,F,F,C,C,104.63,104.63
17/07/2024,18:30,[18:15-18:30[,S,F,F,C,C,104.63,104.63
17/07/2024,18:45,[18:30-18:45[,S,F,F,C,C,104.63,104.63
17/07/2024,19:00,[18:45-19:00[,S,F,F,C,C,104.63,104.63
17/07/2024,19:15,[19:00-19:15[,S,F,F,C,C,115.75,115.75
17/07/2024,19:30,[19:15-19:30[,S,F,F,C,C,115.75,115.75
17/07/2024,19:45,[19:30-19:45[,S,F,F,P,C,115.75,115.75
17/07/2024,20:00,[19:45-20:00[,S,F,F,P,C,115.75,115.75
17/07/2024,20:15,[20:00-20:15[,S,F,F,P,C,125.26,125.26
17/07/2024,20:30,[20:15-20:30[,S,F,F,P,C,125.26,125.26
17/07/2024,20:45,[20:30-20:45[,S,F,F,P,C,125.26,125.26
17/07/2024,21:00,[20:45-21:00[,S,F,F,P,C,125.26,125.26
17/07/2024,21:15,[21:00-21:15[,S,F,F,C,C,127.00,127.00
17/07/2024,21:30,[21:15-21:30[,S,F,F,C,C,127.00,127.00
17/07/2024,21:45,[21:30-21:45[,S,F,F,C,C,127.00,127.00
17/07/2024,22:00,[21:45-22:00[,S,F,F,C,C,127.00,127.00
17/07/2024,22:15,[22:00-22:15[,S,V,F,V,C,115.01,115.01
17/07/2024,22:30,[22:15-22:30[,S,V,F,V,C,115.01,115.01
17/07/2024,22:45,[22:30-22:45[,S,V,F,V,C,115.01,115.01
17/07/2024,23:00,[22:45-23:00[,S,V,F,V,C,115.01,115.01
17/07/2024,23:15,[23:00-23:15[,S,V,F,V,C,108.13,108.13
17/07/2024,23:30,[23:15-23:30[,S,V,F,V,C,108.13,108.13
17/07/2024,23:45,[23:30-23:45[,S,V,F,V,C,108.13,108.13
17/07/2024,23:59,[23:45-00:00[,S,V,F,V,C,108.13,108.13
18/07/2024,00:15,[00:00-00:15[,S,V,V,V,V,100.50,100.50
18/07/2024,00:30,[00:15-00:30[,S,V,V,V,V,100.50,100.50
18/07/2024,00:45,[00:30-00:45[,S,V,V,V,V,100.50,100.50
18/07/2024,01:00,[00:45-01:00[,S,V,V,V,V,100.50,100.50
18/07/2024,01:15,[01:00-01:15[,S,V,V,V,V,96.37,96.37
18/07/2024,01:30,[01:15-01:30[,S,V,V,V,V,96.37,96.37
18/07/2024,01:45,[01:30-01:45[,S,V,V,V,V,96.37,96.37
18/07/2024,02:00,[01:45-02:00[,S,V,V,V,V,96.37,96.37
18/07/2024,02:15,[02:00-02:15[,S,V,V,V,V,96.08,96.08
18/07/2024,02:30,[02:15-02:30[,S,V,V,V,V,96.08,96.08
18/07/2024,02:45,[02:30-02:45[,S,V,V,V,V,96.08,96.08
18/07/2024,03:00,[02:45-03:00[,S,V,V,V,V,96.08,96.08
18/07/2024,03:15,[03:00-03:15[,S,V,V,V,V,96.18,96.18
18/07/2024,03:30,[03:15-03:30[,S,V,V,V,V,96.18,96.18
18/07/2024,03:45,[03:30-03:45[,S,V,V,V,V,96.18,96.18
18/07/2024,04:00,[03:45-04:00[,S,V,V,V,V,96.18,96.18
18/07/2024,04:15,[04:00-04:15[,S,V,V,V,V,97.48,97.48
18/07/2024,04:30,[04:15-04:30[,S,V,V,V,V,97.48,97.48
18/07/2024,04:45,[04:30-04:45[,S,V,V,V,V,97.48,97.48
18/07/2024,05:00,[04:45-05:00[,S,V,V,V,V,97.48,97.48
18/07/2024,05:15,[05:00-05:15[,S,V,V,V,V,107.31,107.31
18/07/2024,05:30,[05:15-05:30[,S,V,V,V,V,107.31,107.31
18/07/2024,05:45,[05:30-05:45[,S,V,V,V,V,107.31,107.31
18/07/2024,06:00,[05:45-06:00[,S,V,V,V,V,107.31,107.31
18/07/2024,06:15,[06:00-06:15[,S,V,V,V,V,111.94,111.94
18/07/2024,06:30,[06:15-06:30[,S,V,V,V,V,111.94,111.94
18/07/2024,06:45,[06:30-06:45[,S,V,V,V,V,111.94,111.94
18/07/2024,07:00,[06:45-07:00[,S,V,V,V,V,111.94,111.94
18/07/2024,07:15,[07:00-07:15[,S,V,F,V,C,107.21,107.21
18/07/2024,07:30,[07:15-07:30[,S,V,F,V,C,107.21,107.21
18/07/2024,07:45,[07:30-07:45[,S,V,F,V,C,107.21,107.21
18/07/2024,08:00,[07:45-08:00[,S,V,F,V,C,107.21,107.21
18/07/2024,08:15,[08:00-08:15[,S,F,F,C,C,93.58,93.58
18/07/2024,08:30,[08:15-08:30[,S,F,F,C,C,93.58,93.58
18/07/2024,08:45,[08:30-08:45[,S,F,F,C,C,93.58,93.58
18/07/2024,09:00,[08:45-09:00[,S,F,F,C,C,93.58,93.58
18/07/2024,09:15,[09:00-09:15[,S,F,F,C,C,94.00,94.00
18/07/2024,09:30,[09:15-09:30[,S,F,F,C,P,94.00,94.00
18/07/2024,09:45,[09:30-09:45[,S,F,F,C,P,94.00,94.00
18/07/2024,10:00,[09:45-10:00[,S,F,F,C,P,94.00,94.00
18/07/2024,10:15,[10:00-10:15[,S,F,F,C,P,90.98,90.98
18/07/2024,10:30,[10:15-10:30[,S,F,F,C,P,90.98,90.98
18/07/2024,10:45,[10:30-10:45[,S,F,F,P,P,90.98,90.98
18/07/2024,11:00,[10:45-11:00[,S,F,F,P,P,90.98,90.98
18/07/2024,11:15,[11:00-11:15[,S,F,F,P,P,86.38,86.38
18/07/2024,11:30,[11:15-11:30[,S,F,F,P,P,86.38,86.38
18/07/2024,11:45,[11:30-11:45[,S,F,F,P,P,86.38,86.38
18/07/2024,12:00,[11:45-12:00[,S,F,F,P,P,86.38,86.38
18/07/2024,12:15,[12:00-12:15[,S,F,F,P,P,84.61,84.61
18/07/2024,12:30,[12:15-12:30[,S,F,F,P,C,84.61,84.61
18/07/2024,12:45,[12:30-12:45[,S,F,F,P,C,84.61,84.61
18/07/2024,13:00,[12:45-13:00[,S,F,F,P,C,84.61,84.61
18/07/2024,13:15,[13:00-13:15[,S,F,F,C,C,83.00,83.00
18/07/2024,13:30,[13:15-13:30[,S,F,F,C,C,83.00,83.00
18/07/2024,13:45,[13:30-13:45[,S,F,F,C,C,83.00,83.00
18/07/2024,14:00,[13:45-14:00[,S,F,F,C,C,83.00,83.00
18/07/2024,14:15,[14:00-14:15[,S,F,F,C,C,79.21,79.21
18/07/2024,14:30,[14:15-14:30[,S,F,F,C,C,79.21,79.21
18/07/2024,14:45,[14:30-14:45[,S,F,F,C,C,79.21,79.21
18/07/2024,15:00,[14:45-15:00[,S,F,F,C,C,79.21,79.21
18/07/2024,15:15,[15:00-15:15[,S,F,F,C,C,80.00,80.00
18/07/2024,15:30,[15:15-15:30[,S,F,F,C,C,80.00,80.00
18/07/2024,15:45,[15:30-15:45[,S,F,F,C,C,80.00,80.00
18/07/2024,16:00,[15:45-16:00[,S,F,F,C,C,80.00,80.00
18/07/2024,16:15,[16:00-16:15[,S,F,F,C,C,90.00,90.00
18/07/2024,16:30,[16:15-16:30[,S,F,F,C,C,90.00,90.00
18/07/2024,16:45,[16:30-16:45[,S,F,F,C,C,90.00,90.00
18/07/2024,17:00,[16:45-17:00[,S,F,F,C,C,90.00,90.00
18/07/2024,17:15,[17:00-17:15[,S,F,F,C,C,102.85,102.85
18/07/2024,17:30,[17:15-17:30[,S,F,F,C,C,102.85,102.85
18/07/2024,17:45,[17:30-17:45[,S,F,F,C,C,102.85,102.85
18/07/2024,18:00,[17:45-18:00[,S,F,F,C,C,102.85,102.85
18/07/2024,18:15,[18:00-18:15[,S,F,F,C,C,121.22,121.22
18/07/2024,18:30,[18:15-18:30[,S,F,F,C,C,121.22,121.22
18/07/2024,18:45,[18:30-18:45[,S,F,F,C,C,121.22,121.22
18/07/2024,19:00,[18:45-19:00[,S,F,F,C,C,121.22,121.22
18/07/2024,19:15,[19:00-19:15[,S,F,F,C,C,130.05,130.05
18/07/2024,19:30,[19:15-19:30[,S,F,F,C,C,130.05,130.05
18/07/2024,19:45,[19:30-19:45[,S,F,F,P,C,130.05,130.05
18/07/2024,20:00,[19:45-20:00[,S,F,F,P,C,130.05,130.05
18/07/2024,20:15,[20:00-20:15[,S,F,F,P,C,138.23,138.23
18/07/2024,20:30,[20:15-20:30[,S,F,F,P,C,138.23,138.23
18/07/2024,20:45,[20:30-20:45[,S,F,F,P,C,138.23,138.23
18/07/2024,21:00,[20:45-21:00[,S,F,F,P,C,138.23,138.23
18/07/2024,21:15,[21:00-21:15[,S,F,F,C,C,124.24,124.24
18/07/2024,21:30,[21:15-21:30[,S,F,F,C,C,124.24,124.24
18/07/2024,21:45,[21:30-21:45[,S,F,F,C,C,124.24,124.24
18/07/2024,22:00,[21:45-22:00[,S,F,F,C,C,124.24,124.24
18/07/2024,22:15,[22:00-22:15[,S,V,F,V,C,113.22,113.22
18/07/2024,22:30,[22:15-22:30[,S,V,F,V,C,113.22,113.22
18/07/2024,22:45,[22:30-22:45[,S,V,F,V,C,113.22,113.22
18/07/2024,23:00,[22:45-23:00[,S,V,F,V,C,113.22,113.22
18/07/2024,23:15,[23:00-23:15[,S,V,F,V,C,108.49,108.49
18/07/2024,23:30,[23:15-23:30[,S,V,F,V,C,108.49,108.49
18/07/2024,23:45,[23:30-23:45[,S,V,F,V,C,108.49,108.49
18/07/2024,23:59,[23:45-00:00[,S,V,F,V,C,108.49,108.49
19/07/2024,00:15,[00:00-00:15[,S,V,V,V,V,106.37,106.37
19/07/2024,00:30,[00:15-00:30[,S,V,V,V,V,106.37,106.37
19/07/2024,00:45,[00:30-00:45[,S,V,V,V,V,106.37,106.37
19/07/2024,01:00,[00:45-01:00[,S,V,V,V,V,106.37,106.37
19/07/2024,01:15,[01:00-01:15[,S,V,V,V,V,103.99,103.99
19/07/2024,01:30,[01:15-01:30[,S,V,V,V,V,103.99,103.99
19/07/2024,01:45,[01:30-01:45[,S,V,V,V,V,103.99,103.99
19/07/2024,02:00,[01:45-02:00[,S,V,V,V,V,103.99,103.99
19/07/2024,02:15,[02:00-02:15[,S,V,V,V,V,103.98,103.98
19/07/2024,02:30,[02:15-02:30[,S,V,V,V,V,103.98,103.98
19/07/2024,02:45,[02:30-02:45[,S,V,V,V,V,103.98,103.98
19/07/2024,03:00,[02:45-03:00[,S,V,V,V,V,103.98,103.98
19/07/2024,03:15,[03:00-03:15[,S,V,V,V,V,103.98,103.98
19/07/2024,03:30,[03:15-03:30[,S,V,V,V,V,103.98,103.98
19/07/2024,03:45,[03:30-03:45[,S,V,V,V,V,103.98,103.98
19/07/2024,04:00,[03:45-04:00[,S,V,V,V,V,103.98,103.98
19/07/2024,04:15,[04:00-04:15[,S,V,V,V,V,105.87,105.87
19/07/2024,04:30,[04:15-04:30[,S,V,V,V,V,105.87,105.87
19/07/2024,04:45,[04:30-04:45[,S,V,V,V,V,105.87,105.87
19/07/2024,05:00,[04:45-05:00[,S,V,V,V,V,105.87,105.87
19/07/2024,05:15,[05:00-05:15[,S,V,V,V,V,109.80,109.80
19/07/2024,05:30,[05:15-05:30[,S,V,V,V,V,109.80,109.80
19/07/2024,05:45,[05:30-05:45[,S,V,V,V,V,109.80,109.80
19/07/2024,06:00,[05:45-06:00[,S,V,V,V,V,109.80,109.80
19/07/2024,06:15,[06:00-06:15[,S,V,V,V,V,116.22,116.22
19/07/2024,06:30,[06:15-06:30[,S,V,V,V,V,116.22,116.22
19/07/2024,06:45,[06:30-06:45[,S,V,V,V,V,116.22,116.22
19/07/2024,07:00,[06:45-07:00[,S,V,V,V,V,116.22,116.22
19/07/2024,07:15,[07:00-07:15[,S,V,F,V,C,108.85,108.85
19/07/2024,07:30,[07:15-07:30[,S,V,F,V,C,108.85,108.85
19/07/2024,07:45,[07:30-07:45[,S,V,F,V,C,108.85,108.85
19/07/2024,08:00,[07:45-08:00[,S,V,F,V,C,108.85,108.85
19/07/2024,08:15,[08:00-08:15[,S,F,F,C,C,101.00,101.00
19/07/2024,08:30,[08:15-08:30[,S,F,F,C,C,101.00,101.00
19/07/2024,08:45,[08:30-08:45[,S,F,F,C,C,101.00,101.00
19/07/2024,09:00,[08:45-09:00[,S,F,F,C,C,101.00,101.00
19/07/2024,09:15,[09:00-09:15[,S,F,F,C,C,95.46,95.46
19/07/2024,09:30,[09:15-09:30[,S,F,F,C,P,95.46,95.46
19/07/2024,09:45,[09:30-09:45[,S,F,F,C,P,95.46,95.46
19/07/2024,10:00,[09:45-10:00[,S,F,F,C,P,95.46,95.46
19/07/2024,10:15,[10:00-10:15[,S,F,F,C,P,83.80,83.80
19/07/2024,10:30,[10:15-10:30[,S,F,F,C,P,83.80,83.80
19/07/2024,10:45,[10:30-10:45[,S,F,F,P,P,83.80,83.80
19/07/2024,11:00,[10:45-11:00[,S,F,F,P,P,83.80,83.80
19/07/2024,11:15,[11:00-11:15[,S,F,F,P,P,80.35,80.35
19/07/2024,11:30,[11:15-11:30[,S,F,F,P,P,80.35,80.35
19/07/2024,11:45,[11:30-11:45[,S,F,F,P,P,80.35,80.35
19/07/2024,12:00,[11:45-12:00[,S,F,F,P,P,80.35,80.35
19/07/2024,12:15,[12:00-12:15[,S,F,F,P,P,78.59,78.59
19/07/2024,12:30,[12:15-12:30[,S,F,F,P,C,78.59,78.59
19/07/2024,12:45,[12:30-12:45[,S,F,F,P,C,78.59,78.59
19/07/2024,13:00,[12:45-13:00[,S,F,F,P,C,78.59,78.59
19/07/2024,13:15,[13:00-13:15[,S,F,F,C,C,77.92,77.92
19/07/2024,13:30,[13:15-13:30[,S,F,F,C,C,77.92,77.92
19/07/2024,13:45,[13:30-13:45[,S,F,F,C,C,77.92,77.92
19/07/2024,14:00,[13:45-14:00[,S,F,F,C,C,77.92,77.92
19/07/2024,14:15,[14:00-14:15[,S,F,F,C,C,75.00,75.00
19/07/2024,14:30,[14:15-14:30[,S,F,F,C,C,75.00,75.00
19/07/2024,14:45,[14:30-14:45[,S,F,F,C,C,75.00,75.00
19/07/2024,15:00,[14:45-15:00[,S,F,F,C,C,75.00,75.00
19/07/2024,15:15,[15:00-15:15[,S,F,F,C,C,68.72,68.72
19/07/2024,15:30,[15:15-15:30[,S,F,F,C,C,68.72,68.72
19/07/2024,15:45,[15:30-15:45[,S,F,F,C,C,68.72,68.72
19/07/2024,16:00,[15:45-16:00[,S,F,F,C,C,68.72,68.72
19/07/2024,16:15,[16:00-16:15[,S,F,F,C,C,78.05,78.05
19/07/2024,16:30,[16:15-16:30[,S,F,F,C,C,78.05,78.05
19/07/2024,16:45,[16:30-16:45[,S,F,F,C,C,78.05,78.05
19/07/2024,17:00,[16:45-17:00[,S,F,F,C,C,78.05,78.05
19/07/2024,17:15,[17:00-17:15[,S,F,F,C,C,85.06,85.06
19/07/2024,17:30,[17:15-17:30[,S,F,F,C,C,85.06,85.06
19/07/2024,17:45,[17:30-17:45[,S,F,F,C,C,85.06,85.06
19/07/2024,18:00,[17:45-18:00[,S,F,F,C,C,85.06,85.06
19/07/2024,18:15,[18:00-18:15[,S,F,F,C,C,98.10,98.10
19/07/2024,18:30,[18:15-18:30[,S,F,F,C,C,98.10,98.10
19/07/2024,18:45,[18:30-18:45[,S,F,F,C,C,98.10,98.10
19/07/2024,19:00,[18:45-19:00[,S,F,F,C,C,98.10,98.10
19/07/2024,19:15,[19:00-19:15[,S,F,F,C,C,111.90,111.90
19/07/2024,19:30,[19:15-19:30[,S,F,F,C,C,111.90,111.90
19/07/2024,19:45,[19:30-19:45[,S,F,F,P,C,111.90,111.90
19/07/2024,20:00,[19:45-20:00[,S,F,F,P,C,111.90,111.90
19/07/2024,20:15,[20:00-20:15[,S,F,F,P,C,121.22,121.22
19/07/2024,20:30,[20:15-20:30[,S,F,F,P,C,121.22,121.22
19/07/2024,20:45,[20:30-20:45[,S,F,F,P,C,121.22,121.22
19/07/2024,21:00,[20:45-21:00[,S,F,F,P,C,121.22,121.22
19/07/2024,21:15,[21:00-21:15[,S,F,F,C,C,114.94,114.94
19/07/2024,21:30,[21:15-21:30[,S,F,F,C,C,114.94,114.94
19/07/2024,21:45,[21:30-21:45[,S,F,F,C,C,114.94,114.94
19/07/2024,22:00,[21:45-22:00[,S,F,F,C,C,114.94,114.94
19/07/2024,22:15,[22:00-22:15[,S,V,F,V,C,109.11,109.11
19/07/2024,22:30,[22:15-22:30[,S,V,F,V,C,109.11,109.11
19/07/2024,22:45,[22:30-22:45[,S,V,F,V,C,109.11,109.11
19/07/2024,23:00,[22:45-23:00[,S,V,F,V,C,109.11,109.11
19/07/2024,23:15,[23:00-23:15[,S,V,F,V,C,101.70,101.70
19/07/2024,23:30,[23:15-23:30[,S,V,F,V,C,101.70,101.70
19/07/2024,23:45,[23:30-23:45[,S,V,F,V,C,101.70,101.70
19/07/2024,23:59,[23:45-00:00[,S,V,F,V,C,101.70,101.70
20/07/2024,00:15,[00:00-00:15[,S,V,V,V,V,98.65,98.65
20/07/2024,00:30,[00:15-00:30[,S,V,V,V,V,98.65,98.65
20/07/2024,00:45,[00:30-00:45[,S,V,V,V,V,98.65,98.65
20/07/2024,01:00,[00:45-01:00[,S,V,V,V,V,98.65,98.65
20/07/2024,01:15,[01:00-01:15[,S,V,V,V,V,101.01,101.01
20/07/2024,01:30,[01:15-01:30[,S,V,V,V,V,101.01,101.01
20/07/2024,01:45,[01:30-01:45[,S,V,V,V,V,101.01,101.01
20/07/2024,02:00,[01:45-02:00[,S,V,V,V,V,101.01,101.01
20/07/2024,02:15,[02:00-02:15[,S,V,V,V,V,98.65,98.65
20/07/2024,02:30,[02:15-02:30[,S,V,V,V,V,98.65,98.65
20/07/2024,02:45,[02:30-02:45[,S,V,V,V,V,98.65,98.65
20/07/2024,03:00,[02:45-03:00[,S,V,V,V,V,98.65,98.65
20/07/2024,03:15,[03:00-03:15[,S,V,V,V,V,96.86,96.86
20/07/2024,03:30,[03:15-03:30[,S,V,V,V,V,96.86,96.86
20/07/2024,03:45,[03:30-03:45[,S,V,V,V,V,96.86,96.86
20/07/2024,04:00,[03:45-04:00[,S,V,V,V,V,96.86,96.86
20/07/2024,04:15,[04:00-04:15[,S,V,V,V,V,96.05,96.05
20/07/2024,04:30,[04:15-04:30[,S,V,V,V,V,96.05,96.05
20/07/2024,04:45,[04:30-04:45[,S,V,V,V,V,96.05,96.05
20/07/2024,05:00,[04:45-05:00[,S,V,V,V,V,96.05,96.05
20/07/2024,05:15,[05:00-05:15[,S,V,V,V,V,94.75,94.75
20/07/2024,05:30,[05:15-05:30[,S,V,V,V,V,94.75,94.75
20/07/2024,05:45,[05:30-05:45[,S,V,V,V,V,94.75,94.75
20/07/2024,06:00,[05:45-06:00[,S,V,V,V,V,94.75,94.75
20/07/2024,06:15,[06:00-06:15[,S,V,V,V,V,92.90,92.90
20/07/2024,06:30,[06:15-06:30[,S,V,V,V,V,92.90,92.90
20/07/2024,06:45,[06:30-06:45[,S,V,V,V,V,92.90,92.90
20/07/2024,07:00,[06:45-07:00[,S,V,V,V,V,92.90,92.90
20/07/2024,07:15,[07:00-07:15[,S,V,V,V,V,67.74,67.74
20/07/2024,07:30,[07:15-07:30[,S,V,V,V,V,67.74,67.74
20/07/2024,07:45,[07:30-07:45[,S,V,V,V,V,67.74,67.74
20/07/2024,08:00,[07:45-08:00[,S,V,V,V,V,67.74,67.74
20/07/2024,08:15,[08:00-08:15[,S,F,V,C,V,50.00,50.00
20/07/2024,08:30,[08:15-08:30[,S,F,V,C,V,50.00,50.00
20/07/2024,08:45,[08:30-08:45[,S,F,V,C,V,50.00,50.00
20/07/2024,09:00,[08:45-09:00[,S,F,V,C,V,50.00,50.00
20/07/2024,09:15,[09:00-09:15[,S,F,F,C,C,9.96,9.96
20/07/2024,09:30,[09:15-09:30[,S,F,F,C,C,9.96,9.96
20/07/2024,09:45,[09:30-09:45[,S,F,F,C,C,9.96,9.96
20/07/2024,10:00,[09:45-10:00[,S,F,F,C,C,9.96,9.96
20/07/2024,10:15,[10:00-10:15[,S,F,F,C,C,2.96,1.57
20/07/2024,10:30,[10:15-10:30[,S,F,F,C,C,2.96,1.57
20/07/2024,10:45,[10:30-10:45[,S,F,F,P,C,2.96,1.57
20/07/2024,11:00,[10:45-11:00[,S,F,F,P,C,2.96,1.57
20/07/2024,11:15,[11:00-11:15[,S,F,F,P,C,0.44,0.44
20/07/2024,11:30,[11:15-11:30[,S,F,F,P,C,0.44,0.44
20/07/2024,11:45,[11:30-11:45[,S,F,F,P,C,0.44,0.44
20/07/2024,12:00,[11:45-12:00[,S,F,F,P,C,0.44,0.44
20/07/2024,12:15,[12:00-12:15[,S,F,F,P,C,0.00,0.00
20/07/2024,12:30,[12:15-12:30[,S,F,F,P,C,0.00,0.00
20/07/2024,12:45,[12:30-12:45[,S,F,F,P,C,0.00,0.00
20/07/2024,13:00,[12:45-13:00[,S,F,F,P,C,0.00,0.00
20/07/2024,13:15,[13:00-13:15[,S,F,F,C,C,-0.01,-0.01
20/07/2024,13:30,[13:15-13:30[,S,F,F,C,C,-0.01,-0.01
20/07/2024,13:45,[13:30-13:45[,S,F,F,C,C,-0.01,-0.01
20/07/2024,14:00,[13:45-14:00[,S,F,F,C,C,-0.01,-0.01
20/07/2024,14:15,[14:00-14:15[,S,F,V,C,V,0.00,0.00
20/07/2024,14:30,[14:15-14:30[,S,F,V,C,V,0.00,0.00
20/07/2024,14:45,[14:30-14:45[,S,F,V,C,V,0.00,0.00
20/07/2024,15:00,[14:45-15:00[,S,F,V,C,V,0.00,0.00
20/07/2024,15:15,[15:00-15:15[,S,F,V,C,V,0.00,0.00
20/07/2024,15:30,[15:15-15:30[,S,F,V,C,V,0.00,0.00
20/07/2024,15:45,[15:30-15:45[,S,F,V,C,V,0.00,0.00
20/07/2024,16:00,[15:45-16:00[,S,F,V,C,V,0.00,0.00
20/07/2024,16:15,[16:00-16:15[,S,F,V,C,V,0.00,0.00
20/07/2024,16:30,[16:15-16:30[,S,F,V,C,V,0.00,0.00
20/07/2024,16:45,[16:30-16:45[,S,F,V,C,V,0.00,0.00
20/07/2024,17:00,[16:45-17:00[,S,F,V,C,V,0.00,0.00
20/07/2024,17:15,[17:00-17:15[,S,F,V,C,V,1.90,1.90
20/07/2024,17:30,[17:15-17:30[,S,F,V,C,V,1.90,1.90
20/07/2024,17:45,[17:30-17:45[,S,F,V,C,V,1.90,1.90
20/07/2024,18:00,[17:45-18:00[,S,F,V,C,V,1.90,1.90
20/07/2024,18:15,[18:00-18:15[,S,F,V,C,V,6.15,6.15
20/07/2024,18:30,[18:15-18:30[,S,F,V,C,V,6.15,6.15
20/07/2024,18:45,[18:30-18:45[,S,F,V,C,V,6.15,6.15
20/07/2024,19:00,[18:45-19:00[,S,F,V,C,V,6.15,6.15
20/07/2024,19:15,[19:00-19:15[,S,F,V,C,V,60.05,60.05
20/07/2024,19:30,[19:15-19:30[,S,F,V,C,V,60.05,60.05
20/07/2024,19:45,[19:30-19:45[,S,F,V,P,V,60.05,60.05
20/07/2024,20:00,[19:45-20:00[,S,F,V,P,V,60.05,60.05
20/07/2024,20:15,[20:00-20:15[,S,F,F,P,C,87.93,87.93
20/07/2024,20:30,[20:15-20:30[,S,F,F,P,C,87.93,87.93
20/07/2024,20:45,[20:30-20:45[,S,F,F,P,C,87.93,87.93
20/07/2024,21:00,[20:45-21:00[,S,F,F,P,C,87.93,87.93
20/07/2024,21:15,[21:00-21:15[,S,F,F,C,C,88.31,88.31
20/07/2024,21:30,[21:15-21:30[,S,F,F,C,C,88.31,88.31
20/07/2024,21:45,[21:30-21:45[,S,F,F,C,C,88.31,88.31
20/07/2024,22:00,[21:45-22:00[,S,F,F,C,C,88.31,88.31
20/07/2024,22:15,[22:00-22:15[,S,V,V,V,V,80.68,80.68
20/07/2024,22:30,[22:15-22:30[,S,V,V,V,V,80.68,80.68
20/07/2024,22:45,[22:30-22:45[,S,V,V,V,V,80.68,80.68
20/07/2024,23:00,[22:45-23:00[,S,V,V,V,V,80.68,80.68
20/07/2024,23:15,[23:00-23:15[,S,V,V,V,V,67.98,67.98
20/07/2024,23:30,[23:15-23:30[,S,V,V,V,V,67.98,67.98
20/07/2024,23:45,[23:30-23:45[,S,V,V,V,V,67.98,67.98
20/07/2024,23:59,[23:45-00:00[,S,V,V,V,V,67.98,67.98
21/07/2024,00:15,[00:00-00:15[,S,V,V,V,V,49.77,49.77
21/07/2024,00:30,[00:15-00:30[,S,V,V,V,V,49.77,49.77
21/07/2024,00:45,[00:30-00:45[,S,V,V,V,V,49.77,49.77
21/07/2024,01:00,[00:45-01:00[,S,V,V,V,V,49.77,49.77
21/07/2024,01:15,[01:00-01:15[,S,V,V,V,V,42.26,42.26
21/07/2024,01:30,[01:15-01:30[,S,V,V,V,V,42.26,42.26
21/07/2024,01:45,[01:30-01:45[,S,V,V,V,V,42.26,42.26
21/07/2024,02:00,[01:45-02:00[,S,V,V,V,V,42.26,42.26
21/07/2024,02:15,[02:00-02:15[,S,V,V,V,V,43.41,43.41
21/07/2024,02:30,[02:15-02:30[,S,V,V,V,V,43.41,43.41
21/07/2024,02:45,[02:30-02:45[,S,V,V,V,V,43.41,43.41
21/07/2024,03:00,[02:45-03:00[,S,V,V,V,V,43.41,43.41
21/07/2024,03:15,[03:00-03:15[,S,V,V,V,V,35.35,35.35
21/07/2024,03:30,[03:15-03:30[,S,V,V,V,V,35.35,35.35
21/07/2024,03:45,[03:30-03:45[,S,V,V,V,V,35.35,35.35
21/07/2024,04:00,[03:45-04:00[,S,V,V,V,V,35.35,35.35
21/07/2024,04:15,[04:00-04:15[,S,V,V,V,V,30.80,30.80
21/07/2024,04:30,[04:15-04:30[,S,V,V,V,V,30.80,30.80
21/07/2024,04:45,[04:30-04:45[,S,V,V,V,V,30.80,30.80
21/07/2024,05:00,[04:45-05:00[,S,V,V,V,V,30.80,30.80
21/07/2024,05:15,[05:00-05:15[,S,V,V,V,V,32.00,32.00
21/07/2024,05:30,[05:15-05:30[,S,V,V,V,V,32.00,32.00
21/07/2024,05:45,[05:30-05:45[,S,V,V,V,V,32.00,32.00
21/07/2024,06:00,[05:45-06:00[,S,V,V,V,V,32.00,32.00
21/07/2024,06:15,[06:00-06:15[,S,V,V,V,V,34.57,34.57
21/07/2024,06:30,[06:15-06:30[,S,V,V,V,V,34.57,34.57
21/07/2024,06:45,[06:30-06:45[,S,V,V,V,V,34.57,34.57
21/07/2024,07:00,[06:45-07:00[,S,V,V,V,V,34.57,34.57
21/07/2024,07:15,[07:00-07:15[,S,V,V,V,V,25.07,25.07
21/07/2024,07:30,[07:15-07:30[,S,V,V,V,V,25.07,25.07
21/07/2024,07:45,[07:30-07:45[,S,V,V,V,V,25.07,25.07
21/07/2024,08:00,[07:45-08:00[,S,V,V,V,V,25.07,25.07
21/07/2024,08:15,[08:00-08:15[,S,F,V,C,V,0.49,0.49
21/07/2024,08:30,[08:15-08:30[,S,F,V,C,V,0.49,0.49
21/07/2024,08:45,[08:30-08:45[,S,F,V,C,V,0.49,0.49
21/07/2024,09:00,[08:45-09:00[,S,F,V,C,V,0.49,0.49
21/07/2024,09:15,[09:00-09:15[,S,F,V,C,V,0.00,0.00
21/07/2024,09:30,[09:15-09:30[,S,F,V,C,V,0.00,0.00
21/07/2024,09:45,[09:30-09:45[,S,F,V,C,V,0.00,0.00
21/07/2024,10:00,[09:45-10:00[,S,F,V,C,V,0.00,0.00
21/07/2024,10:15,[10:00-10:15[,S,F,V,C,V,0.00,0.00
21/07/2024,10:30,[10:15-10:30[,S,F,V,C,V,0.00,0.00
21/07/2024,10:45,[10:30-10:45[,S,F,V,P,V,0.00,0.00
21/07/2024,11:00,[10:45-11:00[,S,F,V,P,V,0.00,0.00
21/07/2024,11:15,[11:00-11:15[,S,F,V,P,V,0.00,-0.01
21/07/2024,11:30,[11:15-11:30[,S,F,V,P,V,0.00,-0.01
21/07/2024,11:45,[11:30-11:45[,S,F,V,P,V,0.00,-0.01
21/07/2024,12:00,[11:45-12:00[,S,F,V,P,V,0.00,-0.01
21/07/2024,12:15,[12:00-12:15[,S,F,V,P,V,0.00,-0.10
21/07/2024,12:30,[12:15-12:30[,S,F,V,P,V,0.00,-0.10
21/07/2024,12:45,[12:30-12:45[,S,F,V,P,V,0.00,-0.10
21/07/2024,13:00,[12:45-13:00[,S,F,V,P,V,0.00,-0.10
21/07/2024,13:15,[13:00-13:15[,S,F,V,C,V,-0.03,-0.25
21/07/2024,13:30,[13:15-13:30[,S,F,V,C,V,-0.03,-0.25
21/07/2024,13:45,[13:30-13:45[,S,F,V,C,V,-0.03,-0.25
21/07/2024,14:00,[13:45-14:00[,S,F,V,C,V,-0.03,-0.25
21/07/2024,14:15,[14:00-14:15[,S,F,V,C,V,-0.01,-0.01
21/07/2024,14:30,[14:15-14:30[,S,F,V,C,V,-0.01,-0.01
21/07/2024,14:45,[14:30-14:45[,S,F,V,C,V,-0.01,-0.01
21/07/2024,15:00,[14:45-15:00[,S,F,V,C,V,-0.01,-0.01
21/07/2024,15:15,[15:00-15:15[,S,F,V,C,V,0.00,0.00
21/07/2024,15:30,[15:15-15:30[,S,F,V,C,V,0.00,0.00
21/07/2024,15:45,[15:30-15:45[,S,F,V,C,V,0.00,0.00
21/07/2024,16:00,[15:45-16:00[,S,F,V,C,V,0.00,0.00
21/07/2024,16:15,[16:00-16:15[,S,F,V,C,V,0.00,0.00
21/07/2024,16:30,[16:15-16:30[,S,F,V,C,V,0.00,0.00
21/07/2024,16:45,[16:30-16:45[,S,F,V,C,V,0.00,0.00
21/07/2024,17:00,[16:45-17:00[,S,F,V,C,V,0.00,0.00
21/07/2024,17:15,[17:00-17:15[,S,F,V,C,V,0.10,0.10
21/07/2024,17:30,[17:15-17:30[,S,F,V,C,V,0.10,0.10
21/07/2024,17:45,[17:30-17:45[,S,F,V,C,V,0.10,0.10
21/07/2024,18:00,[17:45-18:00[,S,F,V,C,V,0.10,0.10
21/07/2024,18:15,[18:00-18:15[,S,F,V,C,V,25.06,25.06
21/07/2024,18:30,[18:15-18:30[,S,F,V,C,V,25.06,25.06
21/07/2024,18:45,[18:30-18:45[,S,F,V,C,V,25.06,25.06
21/07/2024,19:00,[18:45-19:00[,S,F,V,C,V,25.06,25.06
21/07/2024,19:15,[19:00-19:15[,S,F,V,C,V,59.00,59.00
21/07/2024,19:30,[19:15-19:30[,S,F,V,C,V,59.00,59.00
21/07/2024,19:45,[19:30-19:45[,S,F,V,P,V,59.00,59.00
21/07/2024,20:00,[19:45-20:00[,S,F,V,P,V,59.00,59.00
21/07/2024,20:15,[20:00-20:15[,S,F,V,P,V,95.00,95.00
21/07/2024,20:30,[20:15-20:30[,S,F,V,P,V,95.00,95.00
21/07/2024,20:45,[20:30-20:45[,S,F,V,P,V,95.00,95.00
21/07/2024,21:00,[20:45-21:00[,S,F,V,P,V,95.00,95.00
21/07/2024,21:15,[21:00-21:15[,S,F,V,C,V,95.44,95.44
21/07/2024,21:30,[21:15-21:30[,S,F,V,C,V,95.44,95.44
21/07/2024,21:45,[21:30-21:45[,S,F,V,C,V,95.44,95.44
21/07/2024,22:00,[21:45-22:00[,S,F,V,C,V,95.44,95.44
21/07/2024,22:15,[22:00-22:15[,S,V,V,V,V,93.98,93.98
21/07/2024,22:30,[22:15-22:30[,S,V,V,V,V,93.98,93.98
21/07/2024,22:45,[22:30-22:45[,S,V,V,V,V,93.98,93.98
21/07/2024,23:00,[22:45-23:00[,S,V,V,V,V,93.98,93.98
21/07/2024,23:15,[23:00-23:15[,S,V,V,V,V,94.50,94.50
21/07/2024,23:30,[23:15-23:30[,S,V,V,V,V,94.50,94.50
21/07/2024,23:45,[23:30-23:45[,S,V,V,V,V,94.50,94.50
21/07/2024,23:59,[23:45-00:00[,S,V,V,V,V,94.50,94.50
22/07/2024,00:15,[00:00-00:15[,S,V,V,V,V,90.90,90.90
22/07/2024,00:30,[00:15-00:30[,S,V,V,V,V,90.90,90.90
22/07/2024,00:45,[00:30-00:45[,S,V,V,V,V,90.90,90.90
22/07/2024,01:00,[00:45-01:00[,S,V,V,V,V,90.90,90.90
22/07/2024,01:15,[01:00-01:15[,S,V,V,V,V,80.00,80.00
22/07/2024,01:30,[01:15-01:30[,S,V,V,V,V,80.00,80.00
22/07/2024,01:45,[01:30-01:45[,S,V,V,V,V,80.00,80.00
22/07/2024,02:00,[01:45-02:00[,S,V,V,V,V,80.00,80.00
22/07/2024,02:15,[02:00-02:15[,S,V,V,V,V,77.98,77.98
22/07/2024,02:30,[02:15-02:30[,S,V,V,V,V,77.98,77.98
22/07/2024,02:45,[02:30-02:45[,S,V,V,V,V,77.98,77.98
22/07/2024,03:00,[02:45-03:00[,S,V,V,V,V,77.98,77.98
22/07/2024,03:15,[03:00-03:15[,S,V,V,V,V,76.31,76.31
22/07/2024,03:30,[03:15-03:30[,S,V,V,V,V,76.31,76.31
22/07/2024,03:45,[03:30-03:45[,S,V,V,V,V,76.31,76.31
22/07/2024,04:00,[03:45-04:00[,S,V,V,V,V,76.31,76.31
22/07/2024,04:15,[04:00-04:15[,S,V,V,V,V,82.00,82.00
22/07/2024,04:30,[04:15-04:30[,S,V,V,V,V,82.00,82.00
22/07/2024,04:45,[04:30-04:45[,S,V,V,V,V,82.00,82.00
22/07/2024,05:00,[04:45-05:00[,S,V,V,V,V,82.00,82.00
22/07/2024,05:15,[05:00-05:15[,S,V,V,V,V,92.21,92.21
22/07/2024,05:30,[05:15-05:30[,S,V,V,V,V,92.21,92.21
22/07/2024,05:45,[05:30-05:45[,S,V,V,V,V,92.21,92.21
22/07/2024,06:00,[05:45-06:00[,S,V,V,V,V,92.21,92.21
22/07/2024,06:15,[06:00-06:15[,S,V,V,V,V,96.11,96.11
22/07/2024,06:30,[06:15-06:30[,S,V,V,V,V,96.11,96.11
22/07/2024,06:45,[06:30-06:45[,S,V,V,V,V,96.11,96.11
22/07/2024,07:00,[06:45-07:00[,S,V,V,V,V,96.11,96.11
22/07/2024,07:15,[07:00-07:15[,S,V,F,V,C,94.81,94.81
22/07/2024,07:30,[07:15-07:30[,S,V,F,V,C,94.81,94.81
22/07/2024,07:45,[07:30-07:45[,S,V,F,V,C,94.81,94.81
22/07/2024,08:00,[07:45-08:00[,S,V,F,V,C,94.81,94.81
22/07/2024,08:15,[08:00-08:15[,S,F,F,C,C,63.37,63.37
22/07/2024,08:30,[08:15-08:30[,S,F,F,C,C,63.37,63.37
22/07/2024,08:45,[08:30-08:45[,S,F,F,C,C,63.37,63.37
22/07/2024,09:00,[08:45-09:00[,S,F,F,C,C,63.37,63.37
22/07/2024,09:15,[09:00-09:15[,S,F,F,C,C,56.18,56.18
22/07/2024,09:30,[09:15-09:30[,S,F,F,C,P,56.18,56.18
22/07/2024,09:45,[09:30-09:45[,S,F,F,C,P,56.18,56.18
22/07/2024,10:00,[09:45-10:00[,S,F,F,C,P,56.18,56.18
22/07/2024,10:15,[10:00-10:15[,S,F,F,C,P,54.99,54.99
22/07/2024,10:30,[10:15-10:30[,S,F,F,C,P,54.99,54.99
22/07/2024,10:45,[10:30-10:45[,S,F,F,P,P,54.99,54.99
22/07/2024,11:00,[10:45-11:00[,S,F,F,P,P,54.99,54.99
22/07/2024,11:15,[11:00-11:15[,S,F,F,P,P,55.66,55.66
22/07/2024,11:30,[11:15-11:30[,S,F,F,P,P,55.66,55.66
22/07/2024,11:45,[11:30-11:45[,S,F,F,P,P,55.66,55.66
22/07/2024,12:00,[11:45-12:00[,S,F,F,P,P,55.66,55.66
22/07/2024,12:15,[12:00-12:15[,S,F,F,P,P,56.05,56.05
22/07/2024,12:30,[12:15-12:30[,S,F,F,P,C,56.05,56.05
22/07/2024,12:45,[12:30-12:45[,S,F,F,P,C,56.05,56.05
22/07/2024,13:00,[12:45-13:00[,S,F,F,P,C,56.05,56.05
22/07/2024,13:15,[13:00-13:15[,S,F,F,C,C,56.18,56.18
22/07/2024,13:30,[13:15-13:30[,S,F,F,C,C,56.18,56.18
22/07/2024,13:45,[13:30-13:45[,S,F,F,C,C,56.18,56.18
22/07/2024,14:00,[13:45-14:00[,S,F,F,C,C,56.18,56.18
22/07/2024,14:15,[14:00-14:15[,S,F,F,C,C,55.92,55.92
22/07/2024,14:30,[14:15-14:30[,S,F,F,C,C,55.92,55.92
22/07/2024,14:45,[14:30-14:45[,S,F,F,C,C,55.92,55.92
22/07/2024,15:00,[14:45-15:00[,S,F,F,C,C,55.92,55.92
22/07/2024,15:15,[15:00-15:15[,S,F,F,C,C,55.79,55.79
22/07/2024,15:30,[15:15-15:30[,S,F,F,C,C,55.79,55.79
22/07/2024,15:45,[15:30-15:45[,S,F,F,C,C,55.79,55.79
22/07/2024,16:00,[15:45-16:00[,S,F,F,C,C,55.79,55.79
22/07/2024,16:15,[16:00-16:15[,S,F,F,C,C,56.31,56.31
22/07/2024,16:30,[16:15-16:30[,S,F,F,C,C,56.31,56.31
22/07/2024,16:45,[16:30-16:45[,S,F,F,C,C,56.31,56.31
22/07/2024,17:00,[16:45-17:00[,S,F,F,C,C,56.31,56.31
22/07/2024,17:15,[17:00-17:15[,S,F,F,C,C,63.37,63.37
22/07/2024,17:30,[17:15-17:30[,S,F,F,C,C,63.37,63.37
22/07/2024,17:45,[17:30-17:45[,S,F,F,C,C,63.37,63.37
22/07/2024,18:00,[17:45-18:00[,S,F,F,C,C,63.37,63.37
22/07/2024,18:15,[18:00-18:15[,S,F,F,C,C,91.32,91.32
22/07/2024,18:30,[18:15-18:30[,S,F,F,C,C,91.32,91.32
22/07/2024,18:45,[18:30-18:45[,S,F,F,C,C,91.32,91.32
22/07/2024,19:00,[18:45-19:00[,S,F,F,C,C,91.32,91.32
22/07/2024,19:15,[19:00-19:15[,S,F,F,C,C,106.55,106.55
22/07/2024,19:30,[19:15-19:30[,S,F,F,C,C,106.55,106.55
22/07/2024,19:45,[19:30-19:45[,S,F,F,P,C,106.55,106.55
22/07/2024,20:00,[19:45-20:00[,S,F,F,P,C,106.55,106.55
22/07/2024,20:15,[20:00-20:15[,S,F,F,P,C,133.58,133.58
22/07/2024,20:30,[20:15-20:30[,S,F,F,P,C,133.58,133.58
22/07/2024,20:45,[20:30-20:45[,S,F,F,P,C,133.58,133.58
22/07/2024,21:00,[20:45-21:00[,S,F,F,P,C,133.58,133.58
22/07/2024,21:15,[21:00-21:15[,S,F,F,C,C,114.43,114.43
22/07/2024,21:30,[21:15-21:30[,S,F,F,C,C,114.43,114.43
22/07/2024,21:45,[21:30-21:45[,S,F,F,C,C,114.43,114.43
22/07/2024,22:00,[21:45-22:00[,S,F,F,C,C,114.43,114.43
22/07/2024,22:15,[22:00-22:15[,S,V,F,V,C,104.21,104.21
22/07/2024,22:30,[22:15-22:30[,S,V,F,V,C,104.21,104.21
22/07/2024,22:45,[22:30-22:45[,S,V,F,V,C,104.21,104.21
22/07/2024,23:00,[22:45-23:00[,S,V,F,V,C,104.21,104.21
22/07/2024,23:15,[23:00-23:15[,S,V,F,V,C,101.98,101.98
22/07/2024,23:30,[23:15-23:30[,S,V,F,V,C,101.98,101.98
22/07/2024,23:45,[23:30-23:45[,S,V,F,V,C,101.98,101.98
22/07/2024,23:59,[23:45-00:00[,S,V,F,V,C,101.98,101.98
23/07/2024,00:15,[00:00-00:15[,S,V,V,V,V,99.74,99.74
23/07/2024,00:30,[00:15-00:30[,S,V,V,V,V,99.74,99.74
23/07/2024,00:45,[00:30-00:45[,S,V,V,V,V,99.74,99.74
23/07/2024,01:00,[00:45-01:00[,S,V,V,V,V,99.74,99.74
23/07/2024,01:15,[01:00-01:15[,S,V,V,V,V,96.02,96.02
23/07/2024,01:30,[01:15-01:30[,S,V,V,V,V,96.02,96.02
23/07/2024,01:45,[01:30-01:45[,S,V,V,V,V,96.02,96.02
23/07/2024,02:00,[01:45-02:00[,S,V,V,V,V,96.02,96.02
23/07/2024,02:15,[02:00-02:15[,S,V,V,V,V,96.02,96.02
23/07/2024,02:30,[02:15-02:30[,S,V,V,V,V,96.02,96.02
23/07/2024,02:45,[02:30-02:45[,S,V,V,V,V,96.02,96.02
23/07/2024,03:00,[02:45-03:00[,S,V,V,V,V,96.02,96.02
23/07/2024,03:15,[03:00-03:15[,S,V,V,V,V,98.62,98.62
23/07/2024,03:30,[03:15-03:30[,S,V,V,V,V,98.62,98.62
23/07/2024,03:45,[03:30-03:45[,S,V,V,V,V,98.62,98.62
23/07/2024,04:00,[03:45-04:00[,S,V,V,V,V,98.62,98.62
23/07/2024,04:15,[04:00-04:15[,S,V,V,V,V,102.00,102.00
23/07/2024,04:30,[04:15-04:30[,S,V,V,V,V,102.00,102.00
23/07/2024,04:45,[04:30-04:45[,S,V,V,V,V,102.00,102.00
23/07/2024,05:00,[04:45-05:00[,S,V,V,V,V,102.00,102.00
23/07/2024,05:15,[05:00-05:15[,S,V,V,V,V,103.92,103.92
23/07/2024,05:30,[05:15-05:30[,S,V,V,V,V,103.92,103.92
23/07/2024,05:45,[05:30-05:45[,S,V,V,V,V,103.92,103.92
23/07/2024,06:00,[05:45-06:00[,S,V,V,V,V,103.92,103.92
23/07/2024,06:15,[06:00-06:15[,S,V,V,V,V,106.05,106.05
23/07/2024,06:30,[06:15-06:30[,S,V,V,V,V,106.05,106.05
23/07/2024,06:45,[06:30-06:45[,S,V,V,V,V,106.05,106.05
23/07/2024,07:00,[06:45-07:00[,S,V,V,V,V,106.05,106.05
23/07/2024,07:15,[07:00-07:15[,S,V,F,V,C,102.50,102.50
23/07/2024,07:30,[07:15-07:30[,S,V,F,V,C,102.50,102.50
23/07/2024,07:45,[07:30-07:45[,S,V,F,V,C,102.50,102.50
23/07/2024,08:00,[07:45-08:00[,S,V,F,V,C,102.50,102.50
23/07/2024,08:15,[08:00-08:15[,S,F,F,C,C,90.82,90.82
23/07/2024,08:30,[08:15-08:30[,S,F,F,C,C,90.82,90.82
23/07/2024,08:45,[08:30-08:45[,S,F,F,C,C,90.82,90.82
23/07/2024,09:00,[08:45-09:00[,S,F,F,C,C,90.82,90.82
23/07/2024,09:15,[09:00-09:15[,S,F,F,C,C,70.70,70.70
23/07/2024,09:30,[09:15-09:30[,S,F,F,C,P,70.70,70.70
23/07/2024,09:45,[09:30-09:45[,S,F,F,C,P,70.70,70.70
23/07/2024,10:00,[09:45-10:00[,S,F,F,C,P,70.70,70.70
23/07/2024,10:15,[10:00-10:15[,S,F,F,C,P,66.18,66.18
23/07/2024,10:30,[10:15-10:30[,S,F,F,C,P,66.18,66.18
23/07/2024,10:45,[10:30-10:45[,S,F,F,P,P,66.18,66.18
23/07/2024,11:00,[10:45-11:00[,S,F,F,P,P,66.18,66.18
23/07/2024,11:15,[11:00-11:15[,S,F,F,P,P,70.00,70.00
23/07/2024,11:30,[11:15-11:30[,S,F,F,P,P,70.00,70.00
23/07/2024,11:45,[11:30-11:45[,S,F,F,P,P,70.00,70.00
23/07/2024,12:00,[11:45-12:00[,S,F,F,P,P,70.00,70.00
23/07/2024,12:15,[12:00-12:15[,S,F,F,P,P,72.20,72.20
23/07/2024,12:30,[12:15-12:30[,S,F,F,P,C,72.20,72.20
23/07/2024,12:45,[12:30-12:45[,S,F,F,P,C,72.20,72.20
23/07/2024,13:00,[12:45-13:00[,S,F,F,P,C,72.20,72.20
23/07/2024,13:15,[13:00-13:15[,S,F,F,C,C,74.14,74.14
23/07/2024,13:30,[13:15-13:30[,S,F,F,C,C,74.14,74.14
23/07/2024,13:45,[13:30-13:45[,S,F,F,C,C,74.14,74.14
23/07/2024,14:00,[13:45-14:00[,S,F,F,C,C,74.14,74.14
23/07/2024,14:15,[14:00-14:15[,S,F,F,C,C,70.70,70.70
23/07/2024,14:30,[14:15-14:30[,S,F,F,C,C,70.70,70.70
23/07/2024,14:45,[14:30-14:45[,S,F,F,C,C,70.70,70.70
23/07/2024,15:00,[14:45-15:00[,S,F,F,C,C,70.70,70.70
23/07/2024,15:15,[15:00-15:15[,S,F,F,C,C,70.70,70.70
23/07/2024,15:30,[15:15-15:30[,S,F,F,C,C,70.70,70.70
23/07/2024,15:45,[15:30-15:45[,S,F,F,C,C,70.70,70.70
23/07/2024,16:00,[15:45-16:00[,S,F,F,C,C,70.70,70.70
23/07/2024,16:15,[16:00-16:15[,S,F,F,C,C,80.00,80.00
23/07/2024,16:30,[16:15-16:30[,S,F,F,C,C,80.00,80.00
23/07/2024,16:45,[16:30-16:45[,S,F,F,C,C,80.00,80.00
23/07/2024,17:00,[16:45-17:00[,S,F,F,C,C,80.00,80.00
23/07/2024,17:15,[17:00-17:15[,S,F,F,C,C,84.32,84.32
23/07/2024,17:30,[17:15-17:30[,S,F,F,C,C,84.32,84.32
23/07/2024,17:45,[17:30-17:45[,S,F,F,C,C,84.32,84.32
23/07/2024,18:00,[17:45-18:00[,S,F,F,C,C,84.32,84.32
23/07/2024,18:15,[18:00-18:15[,S,F,F,C,C,100.00,100.00
23/07/2024,18:30,[18:15-18:30[,S,F,F,C,C,100.00,100.00
23/07/2024,18:45,[18:30-18:45[,S,F,F,C,C,100.00,100.00
23/07/2024,19:00,[18:45-19:00[,S,F,F,C,C,100.00,100.00
23/07/2024,19:15,[19:00-19:15[,S,F,F,C,C,106.57,106.57
23/07/2024,19:30,[19:15-19:30[,S,F,F,C,C,106.57,106.57
23/07/2024,19:45,[19:30-19:45[,S,F,F,P,C,106.57,106.57
23/07/2024,20:00,[19:45-20:00[,S,F,F,P,C,106.57,106.57
23/07/2024,20:15,[20:00-20:15[,S,F,F,P,C,122.23,122.23
23/07/2024,20:30,[20:15-20:30[,S,F,F,P,C,122.23,122.23
23/07/2024,20:45,[20:30-20:45[,S,F,F,P,C,122.23,122.23
23/07/2024,21:00,[20:45-21:00[,S,F,F,P,C,122.23,122.23
23/07/2024,21:15,[21:00-21:15[,S,F,F,C,C,110.00,110.00
23/07/2024,21:30,[21:15-21:30[,S,F,F,C,C,110.00,110.00
23/07/2024,21:45,[21:30-21:45[,S,F,F,C,C,110.00,110.00
23/07/2024,22:00,[21:45-22:00[,S,F,F,C,C,110.00,110.00
23/07/2024,22:15,[22:00-22:15[,S,V,F,V,C,106.04,106.04
23/07/2024,22:30,[22:15-22:30[,S,V,F,V,C,106.04,106.04
23/07/2024,22:45,[22:30-22:45[,S,V,F,V,C,106.04,106.04
23/07/2024,23:00,[22:45-23:00[,S,V,F,V,C,106.04,106.04
23/07/2024,23:15,[23:00-23:15[,S,V,F,V,C,104.38,104.38
23/07/2024,23:30,[23:15-23:30[,S,V,F,V,C,104.38,104.38
23/07/2024,23:45,[23:30-23:45[,S,V,F,V,C,104.38,104.38
23/07/2024,23:59,[23:45-00:00[,S,V,F,V,C,104.38,104.38
24/07/2024,00:15,[00:00-00:15[,S,V,V,V,V,100.00,100.00
24/07/2024,00:30,[00:15-00:30[,S,V,V,V,V,100.00,100.00
24/07/2024,00:45,[00:30-00:45[,S,V,V,V,V,100.00,100.00
24/07/2024,01:00,[00:45-01:00[,S,V,V,V,V,100.00,100.00
24/07/2024,01:15,[01:00-01:15[,S,V,V,V,V,98.00,98.00
24/07/2024,01:30,[01:15-01:30[,S,V,V,V,V,98.00,98.00
24/07/2024,01:45,[01:30-01:45[,S,V,V,V,V,98.00,98.00
24/07/2024,02:00,[01:45-02:00[,S,V,V,V,V,98.00,98.00
24/07/2024,02:15,[02:00-02:15[,S,V,V,V,V,99.07,99.07
24/07/2024,02:30,[02:15-02:30[,S,V,V,V,V,99.07,99.07
24/07/2024,02:45,[02:30-02:45[,S,V,V,V,V,99.07,99.07
24/07/2024,03:00,[02:45-03:00[,S,V,V,V,V,99.07,99.07
24/07/2024,03:15,[03:00-03:15[,S,V,V,V,V,100.00,100.00
24/07/2024,03:30,[03:15-03:30[,S,V,V,V,V,100.00,100.00
24/07/2024,03:45,[03:30-03:45[,S,V,V,V,V,100.00,100.00
24/07/2024,04:00,[03:45-04:00[,S,V,V,V,V,100.00,100.00
24/07/2024,04:15,[04:00-04:15[,S,V,V,V,V,102.43,102.43
24/07/2024,04:30,[04:15-04:30[,S,V,V,V,V,102.43,102.43
24/07/2024,04:45,[04:30-04:45[,S,V,V,V,V,102.43,102.43
24/07/2024,05:00,[04:45-05:00[,S,V,V,V,V,102.43,102.43
24/07/2024,05:15,[05:00-05:15[,S,V,V,V,V,107.90,107.90
24/07/2024,05:30,[05:15-05:30[,S,V,V,V,V,107.90,107.90
24/07/2024,05:45,[05:30-05:45[,S,V,V,V,V,107.90,107.90
24/07/2024,06:00,[05:45-06:00[,S,V,V,V,V,107.90,107.90
24/07/2024,06:15,[06:00-06:15[,S,V,V,V,V,110.62,110.62
24/07/2024,06:30,[06:15-06:30[,S,V,V,V,V,110.62,110.62
24/07/2024,06:45,[06:30-06:45[,S,V,V,V,V,110.62,110.62
24/07/2024,07:00,[06:45-07:00[,S,V,V,V,V,110.62,110.62
24/07/2024,07:15,[07:00-07:15[,S,V,F,V,C,105.30,105.30
24/07/2024,07:30,[07:15-07:30[,S,V,F,V,C,105.30,105.30
24/07/2024,07:45,[07:30-07:45[,S,V,F,V,C,105.30,105.30
24/07/2024,08:00,[07:45-08:00[,S,V,F,V,C,105.30,105.30
24/07/2024,08:15,[08:00-08:15[,S,F,F,C,C,92.57,92.57
24/07/2024,08:30,[08:15-08:30[,S,F,F,C,C,92.57,92.57
24/07/2024,08:45,[08:30-08:45[,S,F,F,C,C,92.57,92.57
24/07/2024,09:00,[08:45-09:00[,S,F,F,C,C,92.57,92.57
24/07/2024,09:15,[09:00-09:15[,S,F,F,C,C,84.77,84.77
24/07/2024,09:30,[09:15-09:30[,S,F,F,C,P,84.77,84.77
24/07/2024,09:45,[09:30-09:45[,S,F,F,C,P,84.77,84.77
24/07/2024,10:00,[09:45-10:00[,S,F,F,C,P,84.77,84.77
24/07/2024,10:15,[10:00-10:15[,S,F,F,C,P,76.00,76.00
24/07/2024,10:30,[10:15-10:30[,S,F,F,C,P,76.00,76.00
24/07/2024,10:45,[10:30-10:45[,S,F,F,P,P,76.00,76.00
24/07/2024,11:00,[10:45-11:00[,S,F,F,P,P,76.00,76.00
24/07/2024,11:15,[11:00-11:15[,S,F,F,P,P,80.00,80.00
24/07/2024,11:30,[11:15-11:30[,S,F,F,P,P,80.00,80.00
24/07/2024,11:45,[11:30-11:45[,S,F,F,P,P,80.00,80.00
24/07/2024,12:00,[11:45-12:00[,S,F,F,P,P,80.00,80.00
24/07/2024,12:15,[12:00-12:15[,S,F,F,P,P,82.00,82.00
24/07/2024,12:30,[12:15-12:30[,S,F,F,P,C,82.00,82.00
24/07/2024,12:45,[12:30-12:45[,S,F,F,P,C,82.00,82.00
24/07/2024,13:00,[12:45-13:00[,S,F,F,P,C,82.00,82.00
24/07/2024,13:15,[13:00-13:15[,S,F,F,C,C,80.00,80.00
24/07/2024,13:30,[13:15-13:30[,S,F,F,C,C,80.00,80.00
24/07/2024,13:45,[13:30-13:45[,S,F,F,C,C,80.00,80.00
24/07/2024,14:00,[13:45-14:00[,S,F,F,C,C,80.00,80.00
24/07/2024,14:15,[14:00-14:15[,S,F,F,C,C,75.80,75.80
24/07/2024,14:30,[14:15-14:30[,S,F,F,C,C,75.80,75.80
24/07/2024,14:45,[14:30-14:45[,S,F,F,C,C,75.80,75.80
24/07/2024,15:00,[14:45-15:00[,S,F,F,C,C,75.80,75.80
24/07/2024,15:15,[15:00-15:15[,S,F,F,C,C,75.31,75.31
24/07/2024,15:30,[15:15-15:30[,S,F,F,C,C,75.31,75.31
24/07/2024,15:45,[15:30-15:45[,S,F,F,C,C,75.31,75.31
24/07/2024,16:00,[15:45-16:00[,S,F,F,C,C,75.31,75.31
24/07/2024,16:15,[16:00-16:15[,S,F,F,C,C,75.99,75.99
24/07/2024,16:30,[16:15-16:30[,S,F,F,C,C,75.99,75.99
24/07/2024,16:45,[16:30-16:45[,S,F,F,C,C,75.99,75.99
24/07/2024,17:00,[16:45-17:00[,S,F,F,C,C,75.99,75.99
24/07/2024,17:15,[17:00-17:15[,S,F,F,C,C,76.01,76.01
24/07/2024,17:30,[17:15-17:30[,S,F,F,C,C,76.01,76.01
24/07/2024,17:45,[17:30-17:45[,S,F,F,C,C,76.01,76.01
24/07/2024,18:00,[17:45-18:00[,S,F,F,C,C,76.01,76.01
24/07/2024,18:15,[18:00-18:15[,S,F,F,C,C,99.07,99.07
24/07/2024,18:30,[18:15-18:30[,S,F,F,C,C,99.07,99.07
24/07/2024,18:45,[18:30-18:45[,S,F,F,C,C,99.07,99.07
24/07/2024,19:00,[18:45-19:00[,S,F,F,C,C,99.07,99.07
24/07/2024,19:15,[19:00-19:15[,S,F,F,C,C,108.98,108.98
24/07/2024,19:30,[19:15-19:30[,S,F,F,C,C,108.98,108.98
24/07/2024,19:45,[19:30-19:45[,S,F,F,P,C,108.98,108.98
24/07/2024,20:00,[19:45-20:00[,S,F,F,P,C,108.98,108.98
24/07/2024,20:15,[20:00-20:15[,S,F,F,P,C,124.11,124.11
24/07/2024,20:30,[20:15-20:30[,S,F,F,P,C,124.11,124.11
24/07/2024,20:45,[20:30-20:45[,S,F,F,P,C,124.11,124.11
24/07/2024,21:00,[20:45-21:00[,S,F,F,P,C,124.11,124.11
24/07/2024,21:15,[21:00-21:15[,S,F,F,C,C,111.70,111.70
24/07/2024,21:30,[21:15-21:30[,S,F,F,C,C,111.70,111.70
24/07/2024,21:45,[21:30-21:45[,S,F,F,C,C,111.70,111.70
24/07/2024,22:00,[21:45-22:00[,S,F,F,C,C,111.70,111.70
24/07/2024,22:15,[22:00-22:15[,S,V,F,V,C,107.11,107.11
24/07/2024,22:30,[22:15-22:30[,S,V,F,V,C,107.11,107.11
24/07/2024,22:45,[22:30-22:45[,S,V,F,V,C,107.11,107.11
24/07/2024,23:00,[22:45-23:00[,S,V,F,V,C,107.11,107.11
24/07/2024,23:15,[23:00-23:15[,S,V,F,V,C,105.35,105.35
24/07/2024,23:30,[23:15-23:30[,S,V,F,V,C,105.35,105.35
24/07/2024,23:45,[23:30-23:45[,S,V,F,V,C,105.35,105.35
24/07/2024,23:59,[23:45-00:00[,S,V,F,V,C,105.35,105.35
25/07/2024,00:15,[00:00-00:15[,S,V,V,V,V,100.00,100.00
25/07/2024,00:30,[00:15-00:30[,S,V,V,V,V,100.00,100.00
25/07/2024,00:45,[00:30-00:45[,S,V,V,V,V,100.00,100.00
25/07/2024,01:00,[00:45-01:00[,S,V,V,V,V,100.00,100.00
25/07/2024,01:15,[01:00-01:15[,S,V,V,V,V,99.60,99.60
25/07/2024,01:30,[01:15-01:30[,S,V,V,V,V,99.60,99.60
25/07/2024,01:45,[01:30-01:45[,S,V,V,V,V,99.60,99.60
25/07/2024,02:00,[01:45-02:00[,S,V,V,V,V,99.60,99.60
25/07/2024,02:15,[02:00-02:15[,S,V,V,V,V,100.84,100.84
25/07/2024,02:30,[02:15-02:30[,S,V,V,V,V,100.84,100.84
25/07/2024,02:45,[02:30-02:45[,S,V,V,V,V,100.84,100.84
25/07/2024,03:00,[02:45-03:00[,S,V,V,V,V,100.84,100.84
25/07/2024,03:15,[03:00-03:15[,S,V,V,V,V,101.59,101.59
25/07/2024,03:30,[03:15-03:30[,S,V,V,V,V,101.59,101.59
25/07/2024,03:45,[03:30-03:45[,S,V,V,V,V,101.59,101.59
25/07/2024,04:00,[03:45-04:00[,S,V,V,V,V,101.59,101.59
25/07/2024,04:15,[04:00-04:15[,S,V,V,V,V,103.82,103.82
25/07/2024,04:30,[04:15-04:30[,S,V,V,V,V,103.82,103.82
25/07/2024,04:45,[04:30-04:45[,S,V,V,V,V,103.82,103.82
25/07/2024,05:00,[04:45-05:00[,S,V,V,V,V,103.82,103.82
25/07/2024,05:15,[05:00-05:15[,S,V,V,V,V,105.64,105.64
25/07/2024,05:30,[05:15-05:30[,S,V,V,V,V,105.64,105.64
25/07/2024,05:45,[05:30-05:45[,S,V,V,V,V,105.64,105.64
25/07/2024,06:00,[05:45-06:00[,S,V,V,V,V,105.64,105.64
25/07/2024,06:15,[06:00-06:15[,S,V,V,V,V,110.61,110.61
25/07/2024,06:30,[06:15-06:30[,S,V,V,V,V,110.61,110.61
25/07/2024,06:45,[06:30-06:45[,S,V,V,V,V,110.61,110.61
25/07/2024,07:00,[06:45-07:00[,S,V,V,V,V,110.61,110.61
25/07/2024,07:15,[07:00-07:15[,S,V,F,V,C,101.96,101.96
25/07/2024,07:30,[07:15-07:30[,S,V,F,V,C,101.96,101.96
25/07/2024,07:45,[07:30-07:45[,S,V,F,V,C,101.96,101.96
25/07/2024,08:00,[07:45-08:00[,S,V,F,V,C,101.96,101.96
25/07/2024,08:15,[08:00-08:15[,S,F,F,C,C,75.04,75.04
25/07/2024,08:30,[08:15-08:30[,S,F,F,C,C,75.04,75.04
25/07/2024,08:45,[08:30-08:45[,S,F,F,C,C,75.04,75.04
25/07/2024,09:00,[08:45-09:00[,S,F,F,C,C,75.04,75.04
25/07/2024,09:15,[09:00-09:15[,S,F,F,C,C,72.80,70.79
25/07/2024,09:30,[09:15-09:30[,S,F,F,C,P,72.80,70.79
25/07/2024,09:45,[09:30-09:45[,S,F,F,C,P,72.80,70.79
25/07/2024,10:00,[09:45-10:00[,S,F,F,C,P,72.80,70.79
25/07/2024,10:15,[10:00-10:15[,S,F,F,C,P,72.80,70.02
25/07/2024,10:30,[10:15-10:30[,S,F,F,C,P,72.80,70.02
25/07/2024,10:45,[10:30-10:45[,S,F,F,P,P,72.80,70.02
25/07/2024,11:00,[10:45-11:00[,S,F,F,P,P,72.80,70.02
25/07/2024,11:15,[11:00-11:15[,S,F,F,P,P,72.59,70.92
25/07/2024,11:30,[11:15-11:30[,S,F,F,P,P,72.59,70.92
25/07/2024,11:45,[11:30-11:45[,S,F,F,P,P,72.59,70.92
25/07/2024,12:00,[11:45-12:00[,S,F,F,P,P,72.59,70.92
25/07/2024,12:15,[12:00-12:15[,S,F,F,P,P,71.05,71.05
25/07/2024,12:30,[12:15-12:30[,S,F,F,P,C,71.05,71.05
25/07/2024,12:45,[12:30-12:45[,S,F,F,P,C,71.05,71.05
25/07/2024,13:00,[12:45-13:00[,S,F,F,P,C,71.05,71.05
25/07/2024,13:15,[13:00-13:15[,S,F,F,C,C,70.79,70.79
25/07/2024,13:30,[13:15-13:30[,S,F,F,C,C,70.79,70.79
25/07/2024,13:45,[13:30-13:45[,S,F,F,C,C,70.79,70.79
25/07/2024,14:00,[13:45-14:00[,S,F,F,C,C,70.79,70.79
25/07/2024,14:15,[14:00-14:15[,S,F,F,C,C,63.37,63.37
25/07/2024,14:30,[14:15-14:30[,S,F,F,C,C,63.37,63.37
25/07/2024,14:45,[14:30-14:45[,S,F,F,C,C,63.37,63.37
25/07/2024,15:00,[14:45-15:00[,S,F,F,C,C,63.37,63.37
25/07/2024,15:15,[15:00-15:15[,S,F,F,C,C,59.10,59.10
25/07/2024,15:30,[15:15-15:30[,S,F,F,C,C,59.10,59.10
25/07/2024,15:45,[15:30-15:45[,S,F,F,C,C,59.10,59.10
25/07/2024,16:00,[15:45-16:00[,S,F,F,C,C,59.10,59.10
25/07/2024,16:15,[16:00-16:15[,S,F,F,C,C,59.33,59.33
25/07/2024,16:30,[16:15-16:30[,S,F,F,C,C,59.33,59.33
25/07/2024,16:45,[16:30-16:45[,S,F,F,C,C,59.33,59.33
25/07/2024,17:00,[16:45-17:00[,S,F,F,C,C,59.33,59.33
25/07/2024,17:15,[17:00-17:15[,S,F,F,C,C,70.92,70.92
25/07/2024,17:30,[17:15-17:30[,S,F,F,C,C,70.92,70.92
25/07/2024,17:45,[17:30-17:45[,S,F,F,C,C,70.92,70.92
25/07/2024,18:00,[17:45-18:00[,S,F,F,C,C,70.92,70.92
25/07/2024,18:15,[18:00-18:15[,S,F,F,C,C,86.93,86.93
25/07/2024,18:30,[18:15-18:30[,S,F,F,C,C,86.93,86.93
25/07/2024,18:45,[18:30-18:45[,S,F,F,C,C,86.93,86.93
25/07/2024,19:00,[18:45-19:00[,S,F,F,C,C,86.93,86.93
25/07/2024,19:15,[19:00-19:15[,S,F,F,C,C,106.44,106.44
25/07/2024,19:30,[19:15-19:30[,S,F,F,C,C,106.44,106.44
25/07/2024,19:45,[19:30-19:45[,S,F,F,P,C,106.44,106.44
25/07/2024,20:00,[19:45-20:00[,S,F,F,P,C,106.44,106.44
25/07/2024,20:15,[20:00-20:15[,S,F,F,P,C,116.52,116.52
25/07/2024,20:30,[20:15-20:30[,S,F,F,P,C,116.52,116.52
25/07/2024,20:45,[20:30-20:45[,S,F,F,P,C,116.52,116.52
25/07/2024,21:00,[20:45-21:00[,S,F,F,P,C,116.52,116.52
25/07/2024,21:15,[21:00-21:15[,S,F,F,C,C,113.97,113.97
25/07/2024,21:30,[21:15-21:30[,S,F,F,C,C,113.97,113.97
25/07/2024,21:45,[21:30-21:45[,S,F,F,C,C,113.97,113.97
25/07/2024,22:00,[21:45-22:00[,S,F,F,C,C,113.97,113.97
25/07/2024,22:15,[22:00-22:15[,S,V,F,V,C,107.74,107.74
25/07/2024,22:30,[22:15-22:30[,S,V,F,V,C,107.74,107.74
25/07/2024,22:45,[22:30-22:45[,S,V,F,V,C,107.74,107.74
25/07/2024,23:00,[22:45-23:00[,S,V,F,V,C,107.74,107.74
25/07/2024,23:15,[23:00-23:15[,S,V,F,V,C,105.44,105.44
25/07/2024,23:30,[23:15-23:30[,S,V,F,V,C,105.44,105.44
25/07/2024,23:45,[23:30-23:45[,S,V,F,V,C,105.44,105.44
25/07/2024,23:59,[23:45-00:00[,S,V,F,V,C,105.44,105.44
26/07/2024,00:15,[00:00-00:15[,S,V,V,V,V,104.71,104.71
26/07/2024,00:30,[00:15-00:30[,S,V,V,V,V,104.71,104.71
26/07/2024,00:45,[00:30-00:45[,S,V,V,V,V,104.71,104.71
26/07/2024,01:00,[00:45-01:00[,S,V,V,V,V,104.71,104.71
26/07/2024,01:15,[01:00-01:15[,S,V,V,V,V,104.31,104.31
26/07/2024,01:30,[01:15-01:30[,S,V,V,V,V,104.31,104.31
26/07/2024,01:45,[01:30-01:45[,S,V,V,V,V,104.31,104.31
26/07/2024,02:00,[01:45-02:00[,S,V,V,V,V,104.31,104.31
26/07/2024,02:15,[02:00-02:15[,S,V,V,V,V,104.71,104.71
26/07/2024,02:30,[02:15-02:30[,S,V,V,V,V,104.71,104.71
26/07/2024,02:45,[02:30-02:45[,S,V,V,V,V,104.71,104.71
26/07/2024,03:00,[02:45-03:00[,S,V,V,V,V,104.71,104.71
26/07/2024,03:15,[03:00-03:15[,S,V,V,V,V,104.98,104.98
26/07/2024,03:30,[03:15-03:30[,S,V,V,V,V,104.98,104.98
26/07/2024,03:45,[03:30-03:45[,S,V,V,V,V,104.98,104.98
26/07/2024,04:00,[03:45-04:00[,S,V,V,V,V,104.98,104.98
26/07/2024,04:15,[04:00-04:15[,S,V,V,V,V,105.22,105.22
26/07/2024,04:30,[04:15-04:30[,S,V,V,V,V,105.22,105.22
26/07/2024,04:45,[04:30-04:45[,S,V,V,V,V,105.22,105.22
26/07/2024,05:00,[04:45-05:00[,S,V,V,V,V,105.22,105.22
26/07/2024,05:15,[05:00-05:15[,S,V,V,V,V,106.20,106.20
26/07/2024,05:30,[05:15-05:30[,S,V,V,V,V,106.20,106.20
26/07/2024,05:45,[05:30-05:45[,S,V,V,V,V,106.20,106.20
26/07/2024,06:00,[05:45-06:00[,S,V,V,V,V,106.20,106.20
26/07/2024,06:15,[06:00-06:15[,S,V,V,V,V,110.10,110.10
26/07/2024,06:30,[06:15-06:30[,S,V,V,V,V,110.10,110.10
26/07/2024,06:45,[06:30-06:45[,S,V,V,V,V,110.10,110.10
26/07/2024,07:00,[06:45-07:00[,S,V,V,V,V,110.10,110.10
26/07/2024,07:15,[07:00-07:15[,S,V,F,V,C,106.01,106.01
26/07/2024,07:30,[07:15-07:30[,S,V,F,V,C,106.01,106.01
26/07/2024,07:45,[07:30-07:45[,S,V,F,V,C,106.01,106.01
26/07/2024,08:00,[07:45-08:00[,S,V,F,V,C,106.01,106.01
26/07/2024,08:15,[08:00-08:15[,S,F,F,C,C,102.88,102.88
26/07/2024,08:30,[08:15-08:30[,S,F,F,C,C,102.88,102.88
26/07/2024,08:45,[08:30-08:45[,S,F,F,C,C,102.88,102.88
26/07/2024,09:00,[08:45-09:00[,S,F,F,C,C,102.88,102.88
26/07/2024,09:15,[09:00-09:15[,S,F,F,C,C,84.00,84.00
26/07/2024,09:30,[09:15-09:30[,S,F,F,C,P,84.00,84.00
26/07/2024,09:45,[09:30-09:45[,S,F,F,C,P,84.00,84.00
26/07/2024,10:00,[09:45-10:00[,S,F,F,C,P,84.00,84.00
26/07/2024,10:15,[10:00-10:15[,S,F,F,C,P,75.99,75.99
26/07/2024,10:30,[10:15-10:30[,S,F,F,C,P,75.99,75.99
26/07/2024,10:45,[10:30-10:45[,S,F,F,P,P,75.99,75.99
26/07/2024,11:00,[10:45-11:00[,S,F,F,P,P,75.99,75.99
26/07/2024,11:15,[11:00-11:15[,S,F,F,P,P,75.29,75.29
26/07/2024,11:30,[11:15-11:30[,S,F,F,P,P,75.29,75.29
26/07/2024,11:45,[11:30-11:45[,S,F,F,P,P,75.29,75.29
26/07/2024,12:00,[11:45-12:00[,S,F,F,P,P,75.29,75.29
26/07/2024,12:15,[12:00-12:15[,S,F,F,P,P,75.01,75.01
26/07/2024,12:30,[12:15-12:30[,S,F,F,P,C,75.01,75.01
26/07/2024,12:45,[12:30-12:45[,S,F,F,P,C,75.01,75.01
26/07/2024,13:00,[12:45-13:00[,S,F,F,P,C,75.01,75.01
26/07/2024,13:15,[13:00-13:15[,S,F,F,C,C,72.80,72.80
26/07/2024,13:30,[13:15-13:30[,S,F,F,C,C,72.80,72.80
26/07/2024,13:45,[13:30-13:45[,S,F,F,C,C,72.80,72.80
26/07/2024,14:00,[13:45-14:00[,S,F,F,C,C,72.80,72.80
26/07/2024,14:15,[14:00-14:15[,S,F,F,C,C,71.97,71.97
26/07/2024,14:30,[14:15-14:30[,S,F,F,C,C,71.97,71.97
26/07/2024,14:45,[14:30-14:45[,S,F,F,C,C,71.97,71.97
26/07/2024,15:00,[14:45-15:00[,S,F,F,C,C,71.97,71.97
26/07/2024,15:15,[15:00-15:15[,S,F,F,C,C,71.20,71.20
26/07/2024,15:30,[15:15-15:30[,S,F,F,C,C,71.20,71.20
26/07/2024,15:45,[15:30-15:45[,S,F,F,C,C,71.20,71.20
26/07/2024,16:00,[15:45-16:00[,S,F,F,C,C,71.20,71.20
26/07/2024,16:15,[16:00-16:15[,S,F,F,C,C,72.80,72.80
26/07/2024,16:30,[16:15-16:30[,S,F,F,C,C,72.80,72.80
26/07/2024,16:45,[16:30-16:45[,S,F,F,C,C,72.80,72.80
26/07/2024,17:00,[16:45-17:00[,S,F,F,C,C,72.80,72.80
26/07/2024,17:15,[17:00-17:15[,S,F,F,C,C,76.00,76.00
26/07/2024,17:30,[17:15-17:30[,S,F,F,C,C,76.00,76.00
26/07/2024,17:45,[17:30-17:45[,S,F,F,C,C,76.00,76.00
26/07/2024,18:00,[17:45-18:00[,S,F,F,C,C,76.00,76.00
26/07/2024,18:15,[18:00-18:15[,S,F,F,C,C,95.00,95.00
26/07/2024,18:30,[18:15-18:30[,S,F,F,C,C,95.00,95.00
26/07/2024,18:45,[18:30-18:45[,S,F,F,C,C,95.00,95.00
26/07/2024,19:00,[18:45-19:00[,S,F,F,C,C,95.00,95.00
26/07/2024,19:15,[19:00-19:15[,S,F,F,C,C,107.26,107.26
26/07/2024,19:30,[19:15-19:30[,S,F,F,C,C,107.26,107.26
26/07/2024,19:45,[19:30-19:45[,S,F,F,P,C,107.26,107.26
26/07/2024,20:00,[19:45-20:00[,S,F,F,P,C,107.26,107.26
26/07/2024,20:15,[20:00-20:15[,S,F,F,P,C,122.23,122.23
26/07/2024,20:30,[20:15-20:30[,S,F,F,P,C,122.23,122.23
26/07/2024,20:45,[20:30-20:45[,S,F,F,P,C,122.23,122.23
26/07/2024,21:00,[20:45-21:00[,S,F,F,P,C,122.23,122.23
26/07/2024,21:15,[21:00-21:15[,S,F,F,C,C,113.97,113.97
26/07/2024,21:30,[21:15-21:30[,S,F,F,C,C,113.97,113.97
26/07/2024,21:45,[21:30-21:45[,S,F,F,C,C,113.97,113.97
26/07/2024,22:00,[21:45-22:00[,S,F,F,C,C,113.97,113.97
26/07/2024,22:15,[22:00-22:15[,S,V,F,V,C,109.44,109.44
26/07/2024,22:30,[22:15-22:30[,S,V,F,V,C,109.44,109.44
26/07/2024,22:45,[22:30-22:45[,S,V,F,V,C,109.44,109.44
26/07/2024,23:00,[22:45-23:00[,S,V,F,V,C,109.44,109.44
26/07/2024,23:15,[23:00-23:15[,S,V,F,V,C,106.51,106.51
26/07/2024,23:30,[23:15-23:30[,S,V,F,V,C,106.51,106.51
26/07/2024,23:45,[23:30-23:45[,S,V,F,V,C,106.51,106.51
26/07/2024,23:59,[23:45-00:00[,S,V,F,V,C,106.51,106.51
27/07/2024,00:15,[00:00-00:15[,S,V,V,V,V,108.47,108.47
27/07/2024,00:30,[00:15-00:30[,S,V,V,V,V,108.47,108.47
27/07/2024,00:45,[00:30-00:45[,S,V,V,V,V,108.47,108.47
27/07/2024,01:00,[00:45-01:00[,S,V,V,V,V,108.47,108.47
27/07/2024,01:15,[01:00-01:15[,S,V,V,V,V,104.48,104.48
27/07/2024,01:30,[01:15-01:30[,S,V,V,V,V,104.48,104.48
27/07/2024,01:45,[01:30-01:45[,S,V,V,V,V,104.48,104.48
27/07/2024,02:00,[01:45-02:00[,S,V,V,V,V,104.48,104.48
27/07/2024,02:15,[02:00-02:15[,S,V,V,V,V,106.09,106.09
27/07/2024,02:30,[02:15-02:30[,S,V,V,V,V,106.09,106.09
27/07/2024,02:45,[02:30-02:45[,S,V,V,V,V,106.09,106.09
27/07/2024,03:00,[02:45-03:00[,S,V,V,V,V,106.09,106.09
27/07/2024,03:15,[03:00-03:15[,S,V,V,V,V,106.09,106.09
27/07/2024,03:30,[03:15-03:30[,S,V,V,V,V,106.09,106.09
27/07/2024,03:45,[03:30-03:45[,S,V,V,V,V,106.09,106.09
27/07/2024,04:00,[03:45-04:00[,S,V,V,V,V,106.09,106.09
27/07/2024,04:15,[04:00-04:15[,S,V,V,V,V,106.09,106.09
27/07/2024,04:30,[04:15-04:30[,S,V,V,V,V,106.09,106.09
27/07/2024,04:45,[04:30-04:45[,S,V,V,V,V,106.09,106.09
27/07/2024,05:00,[04:45-05:00[,S,V,V,V,V,106.09,106.09
27/07/2024,05:15,[05:00-05:15[,S,V,V,V,V,108.21,108.21
27/07/2024,05:30,[05:15-05:30[,S,V,V,V,V,108.21,108.21
27/07/2024,05:45,[05:30-05:45[,S,V,V,V,V,108.21,108.21
27/07/2024,06:00,[05:45-06:00[,S,V,V,V,V,108.21,108.21
27/07/2024,06:15,[06:00-06:15[,S,V,V,V,V,107.71,107.71
27/07/2024,06:30,[06:15-06:30[,S,V,V,V,V,107.71,107.71
27/07/2024,06:45,[06:30-06:45[,S,V,V,V,V,107.71,107.71
27/07/2024,07:00,[06:45-07:00[,S,V,V,V,V,107.71,107.71
27/07/2024,07:15,[07:00-07:15[,S,V,V,V,V,102.20,102.20
27/07/2024,07:30,[07:15-07:30[,S,V,V,V,V,102.20,102.20
27/07/2024,07:45,[07:30-07:45[,S,V,V,V,V,102.20,102.20
27/07/2024,08:00,[07:45-08:00[,S,V,V,V,V,102.20,102.20
27/07/2024,08:15,[08:00-08:15[,S,F,V,C,V,72.96,72.96
27/07/2024,08:30,[08:15-08:30[,S,F,V,C,V,72.96,72.96
27/07/2024,08:45,[08:30-08:45[,S,F,V,C,V,72.96,72.96
27/07/2024,09:00,[08:45-09:00[,S,F,V,C,V,72.96,72.96
27/07/2024,09:15,[09:00-09:15[,S,F,F,C,C,58.99,58.99
27/07/2024,09:30,[09:15-09:30[,S,F,F,C,C,58.99,58.99
27/07/2024,09:45,[09:30-09:45[,S,F,F,C,C,58.99,58.99
27/07/2024,10:00,[09:45-10:00[,S,F,F,C,C,58.99,58.99
27/07/2024,10:15,[10:00-10:15[,S,F,F,C,C,58.50,58.50
27/07/2024,10:30,[10:15-10:30[,S,F,F,C,C,58.50,58.50
27/07/2024,10:45,[10:30-10:45[,S,F,F,P,C,58.50,58.50
27/07/2024,11:00,[10:45-11:00[,S,F,F,P,C,58.50,58.50
27/07/2024,11:15,[11:00-11:15[,S,F,F,P,C,36.00,36.00
27/07/2024,11:30,[11:15-11:30[,S,F,F,P,C,36.00,36.00
27/07/2024,11:45,[11:30-11:45[,S,F,F,P,C,36.00,36.00
27/07/2024,12:00,[11:45-12:00[,S,F,F,P,C,36.00,36.00
27/07/2024,12:15,[12:00-12:15[,S,F,F,P,C,17.80,17.80
27/07/2024,12:30,[12:15-12:30[,S,F,F,P,C,17.80,17.80
27/07/2024,12:45,[12:30-12:45[,S,F,F,P,C,17.80,17.80
27/07/2024,13:00,[12:45-13:00[,S,F,F,P,C,17.80,17.80
27/07/2024,13:15,[13:00-13:15[,S,F,F,C,C,17.92,17.92
27/07/2024,13:30,[13:15-13:30[,S,F,F,C,C,17.92,17.92
27/07/2024,13:45,[13:30-13:45[,S,F,F,C,C,17.92,17.92
27/07/2024,14:00,[13:45-14:00[,S,F,F,C,C,17.92,17.92
27/07/2024,14:15,[14:00-14:15[,S,F,V,C,V,18.80,18.80
27/07/2024,14:30,[14:15-14:30[,S,F,V,C,V,18.80,18.80
27/07/2024,14:45,[14:30-14:45[,S,F,V,C,V,18.80,18.80
27/07/2024,15:00,[14:45-15:00[,S,F,V,C,V,18.80,18.80
27/07/2024,15:15,[15:00-15:15[,S,F,V,C,V,15.00,15.00
27/07/2024,15:30,[15:15-15:30[,S,F,V,C,V,15.00,15.00
27/07/2024,15:45,[15:30-15:45[,S,F,V,C,V,15.00,15.00
27/07/2024,16:00,[15:45-16:00[,S,F,V,C,V,15.00,15.00
27/07/2024,16:15,[16:00-16:15[,S,F,V,C,V,31.51,31.51
27/07/2024,16:30,[16:15-16:30[,S,F,V,C,V,31.51,31.51
27/07/2024,16:45,[16:30-16:45[,S,F,V,C,V,31.51,31.51
27/07/2024,17:00,[16:45-17:00[,S,F,V,C,V,31.51,31.51
27/07/2024,17:15,[17:00-17:15[,S,F,V,C,V,55.24,55.24
27/07/2024,17:30,[17:15-17:30[,S,F,V,C,V,55.24,55.24
27/07/2024,17:45,[17:30-17:45[,S,F,V,C,V,55.24,55.24
27/07/2024,18:00,[17:45-18:00[,S,F,V,C,V,55.24,55.24
27/07/2024,18:15,[18:00-18:15[,S,F,V,C,V,67.84,67.84
27/07/2024,18:30,[18:15-18:30[,S,F,V,C,V,67.84,67.84
27/07/2024,18:45,[18:30-18:45[,S,F,V,C,V,67.84,67.84
27/07/2024,19:00,[18:45-19:00[,S,F,V,C,V,67.84,67.84
27/07/2024,19:15,[19:00-19:15[,S,F,V,C,V,103.18,103.18
27/07/2024,19:30,[19:15-19:30[,S,F,V,C,V,103.18,103.18
27/07/2024,19:45,[19:30-19:45[,S,F,V,P,V,103.18,103.18
27/07/2024,20:00,[19:45-20:00[,S,F,V,P,V,103.18,103.18
27/07/2024,20:15,[20:00-20:15[,S,F,F,P,C,117.92,117.92
27/07/2024,20:30,[20:15-20:30[,S,F,F,P,C,117.92,117.92
27/07/2024,20:45,[20:30-20:45[,S,F,F,P,C,117.92,117.92
27/07/2024,21:00,[20:45-21:00[,S,F,F,P,C,117.92,117.92
27/07/2024,21:15,[21:00-21:15[,S,F,F,C,C,115.19,115.19
27/07/2024,21:30,[21:15-21:30[,S,F,F,C,C,115.19,115.19
27/07/2024,21:45,[21:30-21:45[,S,F,F,C,C,115.19,115.19
27/07/2024,22:00,[21:45-22:00[,S,F,F,C,C,115.19,115.19
27/07/2024,22:15,[22:00-22:15[,S,V,V,V,V,104.61,104.61
27/07/2024,22:30,[22:15-22:30[,S,V,V,V,V,104.61,104.61
27/07/2024,22:45,[22:30-22:45[,S,V,V,V,V,104.61,104.61
27/07/2024,23:00,[22:45-23:00[,S,V,V,V,V,104.61,104.61
27/07/2024,23:15,[23:00-23:15[,S,V,V,V,V,108.33,108.33
27/07/2024,23:30,[23:15-23:30[,S,V,V,V,V,108.33,108.33
27/07/2024,23:45,[23:30-23:45[,S,V,V,V,V,108.33,108.33
27/07/2024,23:59,[23:45-00:00[,S,V,V,V,V,108.33,108.33
28/07/2024,00:15,[00:00-00:15[,S,V,V,V,V,105.25,105.25
28/07/2024,00:30,[00:15-00:30[,S,V,V,V,V,105.25,105.25
28/07/2024,00:45,[00:30-00:45[,S,V,V,V,V,105.25,105.25
28/07/2024,01:00,[00:45-01:00[,S,V,V,V,V,105.25,105.25
28/07/2024,01:15,[01:00-01:15[,S,V,V,V,V,98.88,98.88
28/07/2024,01:30,[01:15-01:30[,S,V,V,V,V,98.88,98.88
28/07/2024,01:45,[01:30-01:45[,S,V,V,V,V,98.88,98.88
28/07/2024,02:00,[01:45-02:00[,S,V,V,V,V,98.88,98.88
28/07/2024,02:15,[02:00-02:15[,S,V,V,V,V,101.87,101.87
28/07/2024,02:30,[02:15-02:30[,S,V,V,V,V,101.87,101.87
28/07/2024,02:45,[02:30-02:45[,S,V,V,V,V,101.87,101.87
28/07/2024,03:00,[02:45-03:00[,S,V,V,V,V,101.87,101.87
28/07/2024,03:15,[03:00-03:15[,S,V,V,V,V,101.87,101.87
28/07/2024,03:30,[03:15-03:30[,S,V,V,V,V,101.87,101.87
28/07/2024,03:45,[03:30-03:45[,S,V,V,V,V,101.87,101.87
28/07/2024,04:00,[03:45-04:00[,S,V,V,V,V,101.87,101.87
28/07/2024,04:15,[04:00-04:15[,S,V,V,V,V,102.87,102.87
28/07/2024,04:30,[04:15-04:30[,S,V,V,V,V,102.87,102.87
28/07/2024,04:45,[04:30-04:45[,S,V,V,V,V,102.87,102.87
28/07/2024,05:00,[04:45-05:00[,S,V,V,V,V,102.87,102.87
28/07/2024,05:15,[05:00-05:15[,S,V,V,V,V,104.07,104.07
28/07/2024,05:30,[05:15-05:30[,S,V,V,V,V,104.07,104.07
28/07/2024,05:45,[05:30-05:45[,S,V,V,V,V,104.07,104.07
28/07/2024,06:00,[05:45-06:00[,S,V,V,V,V,104.07,104.07
28/07/2024,06:15,[06:00-06:15[,S,V,V,V,V,103.87,103.87
28/07/2024,06:30,[06:15-06:30[,S,V,V,V,V,103.87,103.87
28/07/2024,06:45,[06:30-06:45[,S,V,V,V,V,103.87,103.87
28/07/2024,07:00,[06:45-07:00[,S,V,V,V,V,103.87,103.87
28/07/2024,07:15,[07:00-07:15[,S,V,V,V,V,70.00,70.00
28/07/2024,07:30,[07:15-07:30[,S,V,V,V,V,70.00,70.00
28/07/2024,07:45,[07:30-07:45[,S,V,V,V,V,70.00,70.00
28/07/2024,08:00,[07:45-08:00[,S,V,V,V,V,70.00,70.00
28/07/2024,08:15,[08:00-08:15[,S,F,V,C,V,50.00,50.00
28/07/2024,08:30,[08:15-08:30[,S,F,V,C,V,50.00,50.00
28/07/2024,08:45,[08:30-08:45[,S,F,V,C,V,50.00,50.00
28/07/2024,09:00,[08:45-09:00[,S,F,V,C,V,50.00,50.00
28/07/2024,09:15,[09:00-09:15[,S,F,V,C,V,0.44,0.44
28/07/2024,09:30,[09:15-09:30[,S,F,V,C,V,0.44,0.44
28/07/2024,09:45,[09:30-09:45[,S,F,V,C,V,0.44,0.44
28/07/2024,10:00,[09:45-10:00[,S,F,V,C,V,0.44,0.44
28/07/2024,10:15,[10:00-10:15[,S,F,V,C,V,0.00,0.00
28/07/2024,10:30,[10:15-10:30[,S,F,V,C,V,0.00,0.00
28/07/2024,10:45,[10:30-10:45[,S,F,V,P,V,0.00,0.00
28/07/2024,11:00,[10:45-11:00[,S,F,V,P,V,0.00,0.00
28/07/2024,11:15,[11:00-11:15[,S,F,V,P,V,0.00,0.00
28/07/2024,11:30,[11:15-11:30[,S,F,V,P,V,0.00,0.00
28/07/2024,11:45,[11:30-11:45[,S,F,V,P,V,0.00,0.00
28/07/2024,12:00,[11:45-12:00[,S,F,V,P,V,0.00,0.00
28/07/2024,12:15,[12:00-12:15[,S,F,V,P,V,0.00,0.00
28/07/2024,12:30,[12:15-12:30[,S,F,V,P,V,0.00,0.00
28/07/2024,12:45,[12:30-12:45[,S,F,V,P,V,0.00,0.00
28/07/2024,13:00,[12:45-13:00[,S,F,V,P,V,0.00,0.00
28/07/2024,13:15,[13:00-13:15[,S,F,V,C,V,0.00,0.00
28/07/2024,13:30,[13:15-13:30[,S,F,V,C,V,0.00,0.00
28/07/2024,13:45,[13:30-13:45[,S,F,V,C,V,0.00,0.00
28/07/2024,14:00,[13:45-14:00[,S,F,V,C,V,0.00,0.00
28/07/2024,14:15,[14:00-14:15[,S,F,V,C,V,0.00,0.00
28/07/2024,14:30,[14:15-14:30[,S,F,V,C,V,0.00,0.00
28/07/2024,14:45,[14:30-14:45[,S,F,V,C,V,0.00,0.00
28/07/2024,15:00,[14:45-15:00[,S,F,V,C,V,0.00,0.00
28/07/2024,15:15,[15:00-15:15[,S,F,V,C,V,0.00,0.00
28/07/2024,15:30,[15:15-15:30[,S,F,V,C,V,0.00,0.00
28/07/2024,15:45,[15:30-15:45[,S,F,V,C,V,0.00,0.00
28/07/2024,16:00,[15:45-16:00[,S,F,V,C,V,0.00,0.00
28/07/2024,16:15,[16:00-16:15[,S,F,V,C,V,0.15,0.15
28/07/2024,16:30,[16:15-16:30[,S,F,V,C,V,0.15,0.15
28/07/2024,16:45,[16:30-16:45[,S,F,V,C,V,0.15,0.15
28/07/2024,17:00,[16:45-17:00[,S,F,V,C,V,0.15,0.15
28/07/2024,17:15,[17:00-17:15[,S,F,V,C,V,41.26,41.26
28/07/2024,17:30,[17:15-17:30[,S,F,V,C,V,41.26,41.26
28/07/2024,17:45,[17:30-17:45[,S,F,V,C,V,41.26,41.26
28/07/2024,18:00,[17:45-18:00[,S,F,V,C,V,41.26,41.26
28/07/2024,18:15,[18:00-18:15[,S,F,V,C,V,66.84,66.84
28/07/2024,18:30,[18:15-18:30[,S,F,V,C,V,66.84,66.84
28/07/2024,18:45,[18:30-18:45[,S,F,V,C,V,66.84,66.84
28/07/2024,19:00,[18:45-19:00[,S,F,V,C,V,66.84,66.84
28/07/2024,19:15,[19:00-19:15[,S,F,V,C,V,105.47,105.47
28/07/2024,19:30,[19:15-19:30[,S,F,V,C,V,105.47,105.47
28/07/2024,19:45,[19:30-19:45[,S,F,V,P,V,105.47,105.47
28/07/2024,20:00,[19:45-20:00[,S,F,V,P,V,105.47,105.47
28/07/2024,20:15,[20:00-20:15[,S,F,V,P,V,115.98,115.98
28/07/2024,20:30,[20:15-20:30[,S,F,V,P,V,115.98,115.98
28/07/2024,20:45,[20:30-20:45[,S,F,V,P,V,115.98,115.98
28/07/2024,21:00,[20:45-21:00[,S,F,V,P,V,115.98,115.98
28/07/2024,21:15,[21:00-21:15[,S,F,V,C,V,125.50,125.50
28/07/2024,21:30,[21:15-21:30[,S,F,V,C,V,125.50,125.50
28/07/2024,21:45,[21:30-21:45[,S,F,V,C,V,125.50,125.50
28/07/2024,22:00,[21:45-22:00[,S,F,V,C,V,125.50,125.50
28/07/2024,22:15,[22:00-22:15[,S,V,V,V,V,117.20,117.20
28/07/2024,22:30,[22:15-22:30[,S,V,V,V,V,117.20,117.20
28/07/2024,22:45,[22:30-22:45[,S,V,V,V,V,117.20,117.20
28/07/2024,23:00,[22:45-23:00[,S,V,V,V,V,117.20,117.20
28/07/2024,23:15,[23:00-23:15[,S,V,V,V,V,113.64,113.64
28/07/2024,23:30,[23:15-23:30[,S,V,V,V,V,113.64,113.64
28/07/2024,23:45,[23:30-23:45[,S,V,V,V,V,113.64,113.64
28/07/2024,23:59,[23:45-00:00[,S,V,V,V,V,113.64,113.64
29/07/2024,00:15,[00:00-00:15[,S,V,V,V,V,110.98,110.98
29/07/2024,00:30,[00:15-00:30[,S,V,V,V,V,110.98,110.98
29/07/2024,00:45,[00:30-00:45[,S,V,V,V,V,110.98,110.98
29/07/2024,01:00,[00:45-01:00[,S,V,V,V,V,110.98,110.98
29/07/2024,01:15,[01:00-01:15[,S,V,V,V,V,106.91,106.91
29/07/2024,01:30,[01:15-01:30[,S,V,V,V,V,106.91,106.91
29/07/2024,01:45,[01:30-01:45[,S,V,V,V,V,106.91,106.91
29/07/2024,02:00,[01:45-02:00[,S,V,V,V,V,106.91,106.91
29/07/2024,02:15,[02:00-02:15[,S,V,V,V,V,106.41,106.41
29/07/2024,02:30,[02:15-02:30[,S,V,V,V,V,106.41,106.41
29/07/2024,02:45,[02:30-02:45[,S,V,V,V,V,106.41,106.41
29/07/2024,03:00,[02:45-03:00[,S,V,V,V,V,106.41,106.41
29/07/2024,03:15,[03:00-03:15[,S,V,V,V,V,106.91,106.91
29/07/2024,03:30,[03:15-03:30[,S,V,V,V,V,106.91,106.91
29/07/2024,03:45,[03:30-03:45[,S,V,V,V,V,106.91,106.91
29/07/2024,04:00,[03:45-04:00[,S,V,V,V,V,106.91,106.91
29/07/2024,04:15,[04:00-04:15[,S,V,V,V,V,106.91,106.91
29/07/2024,04:30,[04:15-04:30[,S,V,V,V,V,106.91,106.91
29/07/2024,04:45,[04:30-04:45[,S,V,V,V,V,106.91,106.91
29/07/2024,05:00,[04:45-05:00[,S,V,V,V,V,106.91,106.91
29/07/2024,05:15,[05:00-05:15[,S,V,V,V,V,109.15,109.15
29/07/2024,05:30,[05:15-05:30[,S,V,V,V,V,109.15,109.15
29/07/2024,05:45,[05:30-05:45[,S,V,V,V,V,109.15,109.15
29/07/2024,06:00,[05:45-06:00[,S,V,V,V,V,109.15,109.15
29/07/2024,06:15,[06:00-06:15[,S,V,V,V,V,112.03,112.03
29/07/2024,06:30,[06:15-06:30[,S,V,V,V,V,112.03,112.03
29/07/2024,06:45,[06:30-06:45[,S,V,V,V,V,112.03,112.03
29/07/2024,07:00,[06:45-07:00[,S,V,V,V,V,112.03,112.03
29/07/2024,07:15,[07:00-07:15[,S,V,F,V,C,112.46,112.46
29/07/2024,07:30,[07:15-07:30[,S,V,F,V,C,112.46,112.46
29/07/2024,07:45,[07:30-07:45[,S,V,F,V,C,112.46,112.46
29/07/2024,08:00,[07:45-08:00[,S,V,F,V,C,112.46,112.46
29/07/2024,08:15,[08:00-08:15[,S,F,F,C,C,111.93,111.93
29/07/2024,08:30,[08:15-08:30[,S,F,F,C,C,111.93,111.93
29/07/2024,08:45,[08:30-08:45[,S,F,F,C,C,111.93,111.93
29/07/2024,09:00,[08:45-09:00[,S,F,F,C,C,111.93,111.93
29/07/2024,09:15,[09:00-09:15[,S,F,F,C,C,111.41,111.41
29/07/2024,09:30,[09:15-09:30[,S,F,F,C,P,111.41,111.41
29/07/2024,09:45,[09:30-09:45[,S,F,F,C,P,111.41,111.41
29/07/2024,10:00,[09:45-10:00[,S,F,F,C,P,111.41,111.41
29/07/2024,10:15,[10:00-10:15[,S,F,F,C,P,106.91,106.91
29/07/2024,10:30,[10:15-10:30[,S,F,F,C,P,106.91,106.91
29/07/2024,10:45,[10:30-10:45[,S,F,F,P,P,106.91,106.91
29/07/2024,11:00,[10:45-11:00[,S,F,F,P,P,106.91,106.91
29/07/2024,11:15,[11:00-11:15[,S,F,F,P,P,104.31,104.31
29/07/2024,11:30,[11:15-11:30[,S,F,F,P,P,104.31,104.31
29/07/2024,11:45,[11:30-11:45[,S,F,F,P,P,104.31,104.31
29/07/2024,12:00,[11:45-12:00[,S,F,F,P,P,104.31,104.31
29/07/2024,12:15,[12:00-12:15[,S,F,F,P,P,100.00,100.00
29/07/2024,12:30,[12:15-12:30[,S,F,F,P,C,100.00,100.00
29/07/2024,12:45,[12:30-12:45[,S,F,F,P,C,100.00,100.00
29/07/2024,13:00,[12:45-13:00[,S,F,F,P,C,100.00,100.00
29/07/2024,13:15,[13:00-13:15[,S,F,F,C,C,99.09,99.09
29/07/2024,13:30,[13:15-13:30[,S,F,F,C,C,99.09,99.09
29/07/2024,13:45,[13:30-13:45[,S,F,F,C,C,99.09,99.09
29/07/2024,14:00,[13:45-14:00[,S,F,F,C,C,99.09,99.09
29/07/2024,14:15,[14:00-14:15[,S,F,F,C,C,93.00,93.00
29/07/2024,14:30,[14:15-14:30[,S,F,F,C,C,93.00,93.00
29/07/2024,14:45,[14:30-14:45[,S,F,F,C,C,93.00,93.00
29/07/2024,15:00,[14:45-15:00[,S,F,F,C,C,93.00,93.00
29/07/2024,15:15,[15:00-15:15[,S,F,F,C,C,93.56,93.56
29/07/2024,15:30,[15:15-15:30[,S,F,F,C,C,93.56,93.56
29/07/2024,15:45,[15:30-15:45[,S,F,F,C,C,93.56,93.56
29/07/2024,16:00,[15:45-16:00[,S,F,F,C,C,93.56,93.56
29/07/2024,16:15,[16:00-16:15[,S,F,F,C,C,102.76,102.76
29/07/2024,16:30,[16:15-16:30[,S,F,F,C,C,102.76,102.76
29/07/2024,16:45,[16:30-16:45[,S,F,F,C,C,102.76,102.76
29/07/2024,17:00,[16:45-17:00[,S,F,F,C,C,102.76,102.76
29/07/2024,17:15,[17:00-17:15[,S,F,F,C,C,106.41,106.41
29/07/2024,17:30,[17:15-17:30[,S,F,F,C,C,106.41,106.41
29/07/2024,17:45,[17:30-17:45[,S,F,F,C,C,106.41,106.41
29/07/2024,18:00,[17:45-18:00[,S,F,F,C,C,106.41,106.41
29/07/2024,18:15,[18:00-18:15[,S,F,F,C,C,107.67,107.67
29/07/2024,18:30,[18:15-18:30[,S,F,F,C,C,107.67,107.67
29/07/2024,18:45,[18:30-18:45[,S,F,F,C,C,107.67,107.67
29/07/2024,19:00,[18:45-19:00[,S,F,F,C,C,107.67,107.67
29/07/2024,19:15,[19:00-19:15[,S,F,F,C,C,112.22,112.22
29/07/2024,19:30,[19:15-19:30[,S,F,F,C,C,112.22,112.22
29/07/2024,19:45,[19:30-19:45[,S,F,F,P,C,112.22,112.22
29/07/2024,20:00,[19:45-20:00[,S,F,F,P,C,112.22,112.22
29/07/2024,20:15,[20:00-20:15[,S,F,F,P,C,135.01,135.01
29/07/2024,20:30,[20:15-20:30[,S,F,F,P,C,135.01,135.01
29/07/2024,20:45,[20:30-20:45[,S,F,F,P,C,135.01,135.01
29/07/2024,21:00,[20:45-21:00[,S,F,F,P,C,135.01,135.01
29/07/2024,21:15,[21:00-21:15[,S,F,F,C,C,129.00,129.00
29/07/2024,21:30,[21:15-21:30[,S,F,F,C,C,129.00,129.00
29/07/2024,21:45,[21:30-21:45[,S,F,F,C,C,129.00,129.00
29/07/2024,22:00,[21:45-22:00[,S,F,F,C,C,129.00,129.00
29/07/2024,22:15,[22:00-22:15[,S,V,F,V,C,111.98,111.98
29/07/2024,22:30,[22:15-22:30[,S,V,F,V,C,111.98,111.98
29/07/2024,22:45,[22:30-22:45[,S,V,F,V,C,111.98,111.98
29/07/2024,23:00,[22:45-23:00[,S,V,F,V,C,111.98,111.98
29/07/2024,23:15,[23:00-23:15[,S,V,F,V,C,110.20,110.20
29/07/2024,23:30,[23:15-23:30[,S,V,F,V,C,110.20,110.20
29/07/2024,23:45,[23:30-23:45[,S,V,F,V,C,110.20,110.20
29/07/2024,23:59,[23:45-00:00[,S,V,F,V,C,110.20,110.20
30/07/2024,00:15,[00:00-00:15[,S,V,V,V,V,108.83,108.83
30/07/2024,00:30,[00:15-00:30[,S,V,V,V,V,108.83,108.83
30/07/2024,00:45,[00:30-00:45[,S,V,V,V,V,108.83,108.83
30/07/2024,01:00,[00:45-01:00[,S,V,V,V,V,108.83,108.83
30/07/2024,01:15,[01:00-01:15[,S,V,V,V,V,107.83,107.83
30/07/2024,01:30,[01:15-01:30[,S,V,V,V,V,107.83,107.83
30/07/2024,01:45,[01:30-01:45[,S,V,V,V,V,107.83,107.83
30/07/2024,02:00,[01:45-02:00[,S,V,V,V,V,107.83,107.83
30/07/2024,02:15,[02:00-02:15[,S,V,V,V,V,108.33,108.33
30/07/2024,02:30,[02:15-02:30[,S,V,V,V,V,108.33,108.33
30/07/2024,02:45,[02:30-02:45[,S,V,V,V,V,108.33,108.33
30/07/2024,03:00,[02:45-03:00[,S,V,V,V,V,108.33,108.33
30/07/2024,03:15,[03:00-03:15[,S,V,V,V,V,108.48,108.48
30/07/2024,03:30,[03:15-03:30[,S,V,V,V,V,108.48,108.48
30/07/2024,03:45,[03:30-03:45[,S,V,V,V,V,108.48,108.48
30/07/2024,04:00,[03:45-04:00[,S,V,V,V,V,108.48,108.48
30/07/2024,04:15,[04:00-04:15[,S,V,V,V,V,108.95,108.95
30/07/2024,04:30,[04:15-04:30[,S,V,V,V,V,108.95,108.95
30/07/2024,04:45,[04:30-04:45[,S,V,V,V,V,108.95,108.95
30/07/2024,05:00,[04:45-05:00[,S,V,V,V,V,108.95,108.95
30/07/2024,05:15,[05:00-05:15[,S,V,V,V,V,109.13,109.13
30/07/2024,05:30,[05:15-05:30[,S,V,V,V,V,109.13,109.13
30/07/2024,05:45,[05:30-05:45[,S,V,V,V,V,109.13,109.13
30/07/2024,06:00,[05:45-06:00[,S,V,V,V,V,109.13,109.13
30/07/2024,06:15,[06:00-06:15[,S,V,V,V,V,111.43,111.43
30/07/2024,06:30,[06:15-06:30[,S,V,V,V,V,111.43,111.43
30/07/2024,06:45,[06:30-06:45[,S,V,V,V,V,111.43,111.43
30/07/2024,07:00,[06:45-07:00[,S,V,V,V,V,111.43,111.43
30/07/2024,07:15,[07:00-07:15[,S,V,F,V,C,110.06,110.06
30/07/2024,07:30,[07:15-07:30[,S,V,F,V,C,110.06,110.06
30/07/2024,07:45,[07:30-07:45[,S,V,F,V,C,110.06,110.06
30/07/2024,08:00,[07:45-08:00[,S,V,F,V,C,110.06,110.06
30/07/2024,08:15,[08:00-08:15[,S,F,F,C,C,106.23,106.23
30/07/2024,08:30,[08:15-08:30[,S,F,F,C,C,106.23,106.23
30/07/2024,08:45,[08:30-08:45[,S,F,F,C,C,106.23,106.23
30/07/2024,09:00,[08:45-09:00[,S,F,F,C,C,106.23,106.23
30/07/2024,09:15,[09:00-09:15[,S,F,F,C,C,88.50,88.50
30/07/2024,09:30,[09:15-09:30[,S,F,F,C,P,88.50,88.50
30/07/2024,09:45,[09:30-09:45[,S,F,F,C,P,88.50,88.50
30/07/2024,10:00,[09:45-10:00[,S,F,F,C,P,88.50,88.50
30/07/2024,10:15,[10:00-10:15[,S,F,F,C,P,76.59,75.97
30/07/2024,10:30,[10:15-10:30[,S,F,F,C,P,76.59,75.97
30/07/2024,10:45,[10:30-10:45[,S,F,F,P,P,76.59,75.97
30/07/2024,11:00,[10:45-11:00[,S,F,F,P,P,76.59,75.97
30/07/2024,11:15,[11:00-11:15[,S,F,F,P,P,76.59,75.58
30/07/2024,11:30,[11:15-11:30[,S,F,F,P,P,76.59,75.58
30/07/2024,11:45,[11:30-11:45[,S,F,F,P,P,76.59,75.58
30/07/2024,12:00,[11:45-12:00[,S,F,F,P,P,76.59,75.58
30/07/2024,12:15,[12:00-12:15[,S,F,F,P,P,75.00,75.00
30/07/2024,12:30,[12:15-12:30[,S,F,F,P,C,75.00,75.00
30/07/2024,12:45,[12:30-12:45[,S,F,F,P,C,75.00,75.00
30/07/2024,13:00,[12:45-13:00[,S,F,F,P,C,75.00,75.00
30/07/2024,13:15,[13:00-13:15[,S,F,F,C,C,74.98,74.98
30/07/2024,13:30,[13:15-13:30[,S,F,F,C,C,74.98,74.98
30/07/2024,13:45,[13:30-13:45[,S,F,F,C,C,74.98,74.98
30/07/2024,14:00,[13:45-14:00[,S,F,F,C,C,74.98,74.98
30/07/2024,14:15,[14:00-14:15[,S,F,F,C,C,68.43,68.43
30/07/2024,14:30,[14:15-14:30[,S,F,F,C,C,68.43,68.43
30/07/2024,14:45,[14:30-14:45[,S,F,F,C,C,68.43,68.43
30/07/2024,15:00,[14:45-15:00[,S,F,F,C,C,68.43,68.43
30/07/2024,15:15,[15:00-15:15[,S,F,F,C,C,64.00,64.00
30/07/2024,15:30,[15:15-15:30[,S,F,F,C,C,64.00,64.00
30/07/2024,15:45,[15:30-15:45[,S,F,F,C,C,64.00,64.00
30/07/2024,16:00,[15:45-16:00[,S,F,F,C,C,64.00,64.00
30/07/2024,16:15,[16:00-16:15[,S,F,F,C,C,73.99,73.99
30/07/2024,16:30,[16:15-16:30[,S,F,F,C,C,73.99,73.99
30/07/2024,16:45,[16:30-16:45[,S,F,F,C,C,73.99,73.99
30/07/2024,17:00,[16:45-17:00[,S,F,F,C,C,73.99,73.99
30/07/2024,17:15,[17:00-17:15[,S,F,F,C,C,83.74,83.74
30/07/2024,17:30,[17:15-17:30[,S,F,F,C,C,83.74,83.74
30/07/2024,17:45,[17:30-17:45[,S,F,F,C,C,83.74,83.74
30/07/2024,18:00,[17:45-18:00[,S,F,F,C,C,83.74,83.74
30/07/2024,18:15,[18:00-18:15[,S,F,F,C,C,108.31,108.31
30/07/2024,18:30,[18:15-18:30[,S,F,F,C,C,108.31,108.31
30/07/2024,18:45,[18:30-18:45[,S,F,F,C,C,108.31,108.31
30/07/2024,19:00,[18:45-19:00[,S,F,F,C,C,108.31,108.31
30/07/2024,19:15,[19:00-19:15[,S,F,F,C,C,113.03,113.03
30/07/2024,19:30,[19:15-19:30[,S,F,F,C,C,113.03,113.03
30/07/2024,19:45,[19:30-19:45[,S,F,F,P,C,113.03,113.03
30/07/2024,20:00,[19:45-20:00[,S,F,F,P,C,113.03,113.03
30/07/2024,20:15,[20:00-20:15[,S,F,F,P,C,142.48,142.48
30/07/2024,20:30,[20:15-20:30[,S,F,F,P,C,142.48,142.48
30/07/2024,20:45,[20:30-20:45[,S,F,F,P,C,142.48,142.48
30/07/2024,21:00,[20:45-21:00[,S,F,F,P,C,142.48,142.48
30/07/2024,21:15,[21:00-21:15[,S,F,F,C,C,142.48,142.48
30/07/2024,21:30,[21:15-21:30[,S,F,F,C,C,142.48,142.48
30/07/2024,21:45,[21:30-21:45[,S,F,F,C,C,142.48,142.48
30/07/2024,22:00,[21:45-22:00[,S,F,F,C,C,142.48,142.48
30/07/2024,22:15,[22:00-22:15[,S,V,F,V,C,117.00,117.00
30/07/2024,22:30,[22:15-22:30[,S,V,F,V,C,117.00,117.00
30/07/2024,22:45,[22:30-22:45[,S,V,F,V,C,117.00,117.00
30/07/2024,23:00,[22:45-23:00[,S,V,F,V,C,117.00,117.00
30/07/2024,23:15,[23:00-23:15[,S,V,F,V,C,115.82,115.82
30/07/2024,23:30,[23:15-23:30[,S,V,F,V,C,115.82,115.82
30/07/2024,23:45,[23:30-23:45[,S,V,F,V,C,115.82,115.82
30/07/2024,23:59,[23:45-00:00[,S,V,F,V,C,115.82,115.82
31/07/2024,00:15,[00:00-00:15[,S,V,V,V,V,112.14,112.14
31/07/2024,00:30,[00:15-00:30[,S,V,V,V,V,112.14,112.14
31/07/2024,00:45,[00:30-00:45[,S,V,V,V,V,112.14,112.14
31/07/2024,01:00,[00:45-01:00[,S,V,V,V,V,112.14,112.14
31/07/2024,01:15,[01:00-01:15[,S,V,V,V,V,111.14,111.14
31/07/2024,01:30,[01:15-01:30[,S,V,V,V,V,111.14,111.14
31/07/2024,01:45,[01:30-01:45[,S,V,V,V,V,111.14,111.14
31/07/2024,02:00,[01:45-02:00[,S,V,V,V,V,111.14,111.14
31/07/2024,02:15,[02:00-02:15[,S,V,V,V,V,112.14,112.14
31/07/2024,02:30,[02:15-02:30[,S,V,V,V,V,112.14,112.14
31/07/2024,02:45,[02:30-02:45[,S,V,V,V,V,112.14,112.14
31/07/2024,03:00,[02:45-03:00[,S,V,V,V,V,112.14,112.14
31/07/2024,03:15,[03:00-03:15[,S,V,V,V,V,112.44,112.44
31/07/2024,03:30,[03:15-03:30[,S,V,V,V,V,112.44,112.44
31/07/2024,03:45,[03:30-03:45[,S,V,V,V,V,112.44,112.44
31/07/2024,04:00,[03:45-04:00[,S,V,V,V,V,112.44,112.44
31/07/2024,04:15,[04:00-04:15[,S,V,V,V,V,113.03,113.03
31/07/2024,04:30,[04:15-04:30[,S,V,V,V,V,113.03,113.03
31/07/2024,04:45,[04:30-04:45[,S,V,V,V,V,113.03,113.03
31/07/2024,05:00,[04:45-05:00[,S,V,V,V,V,113.03,113.03
31/07/2024,05:15,[05:00-05:15[,S,V,V,V,V,115.34,115.34
31/07/2024,05:30,[05:15-05:30[,S,V,V,V,V,115.34,115.34
31/07/2024,05:45,[05:30-05:45[,S,V,V,V,V,115.34,115.34
31/07/2024,06:00,[05:45-06:00[,S,V,V,V,V,115.34,115.34
31/07/2024,06:15,[06:00-06:15[,S,V,V,V,V,118.48,118.48
31/07/2024,06:30,[06:15-06:30[,S,V,V,V,V,118.48,118.48
31/07/2024,06:45,[06:30-06:45[,S,V,V,V,V,118.48,118.48
31/07/2024,07:00,[06:45-07:00[,S,V,V,V,V,118.48,118.48
31/07/2024,07:15,[07:00-07:15[,S,V,F,V,C,115.34,115.34
31/07/2024,07:30,[07:15-07:30[,S,V,F,V,C,115.34,115.34
31/07/2024,07:45,[07:30-07:45[,S,V,F,V,C,115.34,115.34
31/07/2024,08:00,[07:45-08:00[,S,V,F,V,C,115.34,115.34
31/07/2024,08:15,[08:00-08:15[,S,F,F,C,C,111.14,111.14
31/07/2024,08:30,[08:15-08:30[,S,F,F,C,C,111.14,111.14
31/07/2024,08:45,[08:30-08:45[,S,F,F,C,C,111.14,111.14
31/07/2024,09:00,[08:45-09:00[,S,F,F,C,C,111.14,111.14
31/07/2024,09:15,[09:00-09:15[,S,F,F,C,C,110.33,105.00
31/07/2024,09:30,[09:15-09:30[,S,F,F,C,P,110.33,105.00
31/07/2024,09:45,[09:30-09:45[,S,F,F,C,P,110.33,105.00
31/07/2024,10:00,[09:45-10:00[,S,F,F,C,P,110.33,105.00
31/07/2024,10:15,[10:00-10:15[,S,F,F,C,P,86.10,86.10
31/07/2024,10:30,[10:15-10:30[,S,F,F,C,P,86.10,86.10
31/07/2024,10:45,[10:30-10:45[,S,F,F,P,P,86.10,86.10
31/07/2024,11:00,[10:45-11:00[,S,F,F,P,P,86.10,86.10
31/07/2024,11:15,[11:00-11:15[,S,F,F,P,P,82.10,82.10
31/07/2024,11:30,[11:15-11:30[,S,F,F,P,P,82.10,82.10
31/07/2024,11:45,[11:30-11:45[,S,F,F,P,P,82.10,82.10
31/07/2024,12:00,[11:45-12:00[,S,F,F,P,P,82.10,82.10
31/07/2024,12:15,[12:00-12:15[,S,F,F,P,P,81.97,81.97
31/07/2024,12:30,[12:15-12:30[,S,F,F,P,C,81.97,81.97
31/07/2024,12:45,[12:30-12:45[,S,F,F,P,C,81.97,81.97
31/07/2024,13:00,[12:45-13:00[,S,F,F,P,C,81.97,81.97
31/07/2024,13:15,[13:00-13:15[,S,F,F,C,C,81.71,81.71
31/07/2024,13:30,[13:15-13:30[,S,F,F,C,C,81.71,81.71
31/07/2024,13:45,[13:30-13:45[,S,F,F,C,C,81.71,81.71
31/07/2024,14:00,[13:45-14:00[,S,F,F,C,C,81.71,81.71
31/07/2024,14:15,[14:00-14:15[,S,F,F,C,C,80.01,80.01
31/07/2024,14:30,[14:15-14:30[,S,F,F,C,C,80.01,80.01
31/07/2024,14:45,[14:30-14:45[,S,F,F,C,C,80.01,80.01
31/07/2024,15:00,[14:45-15:00[,S,F,F,C,C,80.01,80.01
31/07/2024,15:15,[15:00-15:15[,S,F,F,C,C,79.59,79.59
31/07/2024,15:30,[15:15-15:30[,S,F,F,C,C,79.59,79.59
31/07/2024,15:45,[15:30-15:45[,S,F,F,C,C,79.59,79.59
31/07/2024,16:00,[15:45-16:00[,S,F,F,C,C,79.59,79.59
31/07/2024,16:15,[16:00-16:15[,S,F,F,C,C,79.80,79.80
31/07/2024,16:30,[16:15-16:30[,S,F,F,C,C,79.80,79.80
31/07/2024,16:45,[16:30-16:45[,S,F,F,C,C,79.80,79.80
31/07/2024,17:00,[16:45-17:00[,S,F,F,C,C,79.80,79.80
31/07/2024,17:15,[17:00-17:15[,S,F,F,C,C,94.37,94.37
31/07/2024,17:30,[17:15-17:30[,S,F,F,C,C,94.37,94.37
31/07/2024,17:45,[17:30-17:45[,S,F,F,C,C,94.37,94.37
31/07/2024,18:00,[17:45-18:00[,S,F,F,C,C,94.37,94.37
31/07/2024,18:15,[18:00-18:15[,S,F,F,C,C,111.14,111.14
31/07/2024,18:30,[18:15-18:30[,S,F,F,C,C,111.14,111.14
31/07/2024,18:45,[18:30-18:45[,S,F,F,C,C,111.14,111.14
31/07/2024,19:00,[18:45-19:00[,S,F,F,C,C,111.14,111.14
31/07/2024,19:15,[19:00-19:15[,S,F,F,C,C,117.53,117.53
31/07/2024,19:30,[19:15-19:30[,S,F,F,C,C,117.53,117.53
31/07/2024,19:45,[19:30-19:45[,S,F,F,P,C,117.53,117.53
31/07/2024,20:00,[19:45-20:00[,S,F,F,P,C,117.53,117.53
31/07/2024,20:15,[20:00-20:15[,S,F,F,P,C,142.48,142.48
31/07/2024,20:30,[20:15-20:30[,S,F,F,P,C,142.48,142.48
31/07/2024,20:45,[20:30-20:45[,S,F,F,P,C,142.48,142.48
31/07/2024,21:00,[20:45-21:00[,S,F,F,P,C,142.48,142.48
31/07/2024,21:15,[21:00-21:15[,S,F,F,C,C,132.40,132.40
31/07/2024,21:30,[21:15-21:30[,S,F,F,C,C,132.40,132.40
31/07/2024,21:45,[21:30-21:45[,S,F,F,C,C,132.40,132.40
31/07/2024,22:00,[21:45-22:00[,S,F,F,C,C,132.40,132.40
31/07/2024,22:15,[22:00-22:15[,S,V,F,V,C,116.98,116.98
31/07/2024,22:30,[22:15-22:30[,S,V,F,V,C,116.98,116.98
31/07/2024,22:45,[22:30-22:45[,S,V,F,V,C,116.98,116.98
31/07/2024,23:00,[22:45-23:00[,S,V,F,V,C,116.98,116.98
31/07/2024,23:15,[23:00-23:15[,S,V,F,V,C,117.02,117.02
31/07/2024,23:30,[23:15-23:30[,S,V,F,V,C,117.02,117.02
31/07/2024,23:45,[23:30-23:45[,S,V,F,V,C,117.02,117.02
31/07/2024,23:59,[23:45-00:00[,S,V,F,V,C,117.02,117.02
01/08/2024,00:15,[00:00-00:15[,S,V,V,V,V,113.14,113.14
01/08/2024,00:30,[00:15-00:30[,S,V,V,V,V,113.14,113.14
01/08/2024,00:45,[00:30-00:45[,S,V,V,V,V,113.14,113.14
01/08/2024,01:00,[00:45-01:00[,S,V,V,V,V,113.14,113.14
01/08/2024,01:15,[01:00-01:15[,S,V,V,V,V,112.38,112.38
01/08/2024,01:30,[01:15-01:30[,S,V,V,V,V,112.38,112.38
01/08/2024,01:45,[01:30-01:45[,S,V,V,V,V,112.38,112.38
01/08/2024,02:00,[01:45-02:00[,S,V,V,V,V,112.38,112.38
01/08/2024,02:15,[02:00-02:15[,S,V,V,V,V,112.64,112.64
01/08/2024,02:30,[02:15-02:30[,S,V,V,V,V,112.64,112.64
01/08/2024,02:45,[02:30-02:45[,S,V,V,V,V,112.64,112.64
01/08/2024,03:00,[02:45-03:00[,S,V,V,V,V,112.64,112.64
01/08/2024,03:15,[03:00-03:15[,S,V,V,V,V,112.58,112.58
01/08/2024,03:30,[03:15-03:30[,S,V,V,V,V,112.58,112.58
01/08/2024,03:45,[03:30-03:45[,S,V,V,V,V,112.58,112.58
01/08/2024,04:00,[03:45-04:00[,S,V,V,V,V,112.58,112.58
01/08/2024,04:15,[04:00-04:15[,S,V,V,V,V,112.88,112.88
01/08/2024,04:30,[04:15-04:30[,S,V,V,V,V,112.88,112.88
01/08/2024,04:45,[04:30-04:45[,S,V,V,V,V,112.88,112.88
01/08/2024,05:00,[04:45-05:00[,S,V,V,V,V,112.88,112.88
01/08/2024,05:15,[05:00-05:15[,S,V,V,V,V,116.84,116.84
01/08/2024,05:30,[05:15-05:30[,S,V,V,V,V,116.84,116.84
01/08/2024,05:45,[05:30-05:45[,S,V,V,V,V,116.84,116.84
01/08/2024,06:00,[05:45-06:00[,S,V,V,V,V,116.84,116.84
01/08/2024,06:15,[06:00-06:15[,S,V,V,V,V,120.72,120.72
01/08/2024,06:30,[06:15-06:30[,S,V,V,V,V,120.72,120.72
01/08/2024,06:45,[06:30-06:45[,S,V,V,V,V,120.72,120.72
01/08/2024,07:00,[06:45-07:00[,S,V,V,V,V,120.72,120.72
01/08/2024,07:15,[07:00-07:15[,S,V,F,V,C,116.84,116.84
01/08/2024,07:30,[07:15-07:30[,S,V,F,V,C,116.84,116.84
01/08/2024,07:45,[07:30-07:45[,S,V,F,V,C,116.84,116.84
01/08/2024,08:00,[07:45-08:00[,S,V,F,V,C,116.84,116.84
01/08/2024,08:15,[08:00-08:15[,S,F,F,C,C,112.82,112.82
01/08/2024,08:30,[08:15-08:30[,S,F,F,C,C,112.82,112.82
01/08/2024,08:45,[08:30-08:45[,S,F,F,C,C,112.82,112.82
01/08/2024,09:00,[08:45-09:00[,S,F,F,C,C,112.82,112.82
01/08/2024,09:15,[09:00-09:15[,S,F,F,C,C,111.92,111.92
01/08/2024,09:30,[09:15-09:30[,S,F,F,C,P,111.92,111.92
01/08/2024,09:45,[09:30-09:45[,S,F,F,C,P,111.92,111.92
01/08/2024,10:00,[09:45-10:00[,S,F,F,C,P,111.92,111.92
01/08/2024,10:15,[10:00-10:15[,S,F,F,C,P,98.00,98.00
01/08/2024,10:30,[10:15-10:30[,S,F,F,C,P,98.00,98.00
01/08/2024,10:45,[10:30-10:45[,S,F,F,P,P,98.00,98.00
01/08/2024,11:00,[10:45-11:00[,S,F,F,P,P,98.00,98.00
01/08/2024,11:15,[11:00-11:15[,S,F,F,P,P,92.98,92.98
01/08/2024,11:30,[11:15-11:30[,S,F,F,P,P,92.98,92.98
01/08/2024,11:45,[11:30-11:45[,S,F,F,P,P,92.98,92.98
01/08/2024,12:00,[11:45-12:00[,S,F,F,P,P,92.98,92.98
01/08/2024,12:15,[12:00-12:15[,S,F,F,P,P,92.79,92.79
01/08/2024,12:30,[12:15-12:30[,S,F,F,P,C,92.79,92.79
01/08/2024,12:45,[12:30-12:45[,S,F,F,P,C,92.79,92.79
01/08/2024,13:00,[12:45-13:00[,S,F,F,P,C,92.79,92.79
01/08/2024,13:15,[13:00-13:15[,S,F,F,C,C,88.99,88.99
01/08/2024,13:30,[13:15-13:30[,S,F,F,C,C,88.99,88.99
01/08/2024,13:45,[13:30-13:45[,S,F,F,C,C,88.99,88.99
01/08/2024,14:00,[13:45-14:00[,S,F,F,C,C,88.99,88.99
01/08/2024,14:15,[14:00-14:15[,S,F,F,C,C,83.00,83.00
01/08/2024,14:30,[14:15-14:30[,S,F,F,C,C,83.00,83.00
01/08/2024,14:45,[14:30-14:45[,S,F,F,C,C,83.00,83.00
01/08/2024,15:00,[14:45-15:00[,S,F,F,C,C,83.00,83.00
01/08/2024,15:15,[15:00-15:15[,S,F,F,C,C,81.80,81.80
01/08/2024,15:30,[15:15-15:30[,S,F,F,C,C,81.80,81.80
01/08/2024,15:45,[15:30-15:45[,S,F,F,C,C,81.80,81.80
01/08/2024,16:00,[15:45-16:00[,S,F,F,C,C,81.80,81.80
01/08/2024,16:15,[16:00-16:15[,S,F,F,C,C,81.80,81.80
01/08/2024,16:30,[16:15-16:30[,S,F,F,C,C,81.80,81.80
01/08/2024,16:45,[16:30-16:45[,S,F,F,C,C,81.80,81.80
01/08/2024,17:00,[16:45-17:00[,S,F,F,C,C,81.80,81.80
01/08/2024,17:15,[17:00-17:15[,S,F,F,C,C,94.37,94.37
01/08/2024,17:30,[17:15-17:30[,S,F,F,C,C,94.37,94.37
01/08/2024,17:45,[17:30-17:45[,S,F,F,C,C,94.37,94.37
01/08/2024,18:00,[17:45-18:00[,S,F,F,C,C,94.37,94.37
01/08/2024,18:15,[18:00-18:15[,S,F,F,C,C,109.20,109.20
01/08/2024,18:30,[18:15-18:30[,S,F,F,C,C,109.20,109.20
01/08/2024,18:45,[18:30-18:45[,S,F,F,C,C,109.20,109.20
01/08/2024,19:00,[18:45-19:00[,S,F,F,C,C,109.20,109.20
01/08/2024,19:15,[19:00-19:15[,S,F,F,C,C,117.60,117.60
01/08/2024,19:30,[19:15-19:30[,S,F,F,C,C,117.60,117.60
01/08/2024,19:45,[19:30-19:45[,S,F,F,P,C,117.60,117.60
01/08/2024,20:00,[19:45-20:00[,S,F,F,P,C,117.60,117.60
01/08/2024,20:15,[20:00-20:15[,S,F,F,P,C,132.66,132.66
01/08/2024,20:30,[20:15-20:30[,S,F,F,P,C,132.66,132.66
01/08/2024,20:45,[20:30-20:45[,S,F,F,P,C,132.66,132.66
01/08/2024,21:00,[20:45-21:00[,S,F,F,P,C,132.66,132.66
01/08/2024,21:15,[21:00-21:15[,S,F,F,C,C,125.50,125.50
01/08/2024,21:30,[21:15-21:30[,S,F,F,C,C,125.50,125.50
01/08/2024,21:45,[21:30-21:45[,S,F,F,C,C,125.50,125.50
01/08/2024,22:00,[21:45-22:00[,S,F,F,C,C,125.50,125.50
01/08/2024,22:15,[22:00-22:15[,S,V,F,V,C,117.14,117.14
01/08/2024,22:30,[22:15-22:30[,S,V,F,V,C,117.14,117.14
01/08/2024,22:45,[22:30-22:45[,S,V,F,V,C,117.14,117.14
01/08/2024,23:00,[22:45-23:00[,S,V,F,V,C,117.14,117.14
01/08/2024,23:15,[23:00-23:15[,S,V,F,V,C,113.84,113.84
01/08/2024,23:30,[23:15-23:30[,S,V,F,V,C,113.84,113.84
01/08/2024,23:45,[23:30-23:45[,S,V,F,V,C,113.84,113.84
01/08/2024,23:59,[23:45-00:00[,S,V,F,V,C,113.84,113.84
02/08/2024,00:15,[00:00-00:15[,S,V,V,V,V,114.24,114.24
02/08/2024,00:30,[00:15-00:30[,S,V,V,V,V,114.24,114.24
02/08/2024,00:45,[00:30-00:45[,S,V,V,V,V,114.24,114.24
02/08/2024,01:00,[00:45-01:00[,S,V,V,V,V,114.24,114.24
02/08/2024,01:15,[01:00-01:15[,S,V,V,V,V,111.64,111.64
02/08/2024,01:30,[01:15-01:30[,S,V,V,V,V,111.64,111.64
02/08/2024,01:45,[01:30-01:45[,S,V,V,V,V,111.64,111.64
02/08/2024,02:00,[01:45-02:00[,S,V,V,V,V,111.64,111.64
02/08/2024,02:15,[02:00-02:15[,S,V,V,V,V,112.64,112.64
02/08/2024,02:30,[02:15-02:30[,S,V,V,V,V,112.64,112.64
02/08/2024,02:45,[02:30-02:45[,S,V,V,V,V,112.64,112.64
02/08/2024,03:00,[02:45-03:00[,S,V,V,V,V,112.64,112.64
02/08/2024,03:15,[03:00-03:15[,S,V,V,V,V,111.64,111.64
02/08/2024,03:30,[03:15-03:30[,S,V,V,V,V,111.64,111.64
02/08/2024,03:45,[03:30-03:45[,S,V,V,V,V,111.64,111.64
02/08/2024,04:00,[03:45-04:00[,S,V,V,V,V,111.64,111.64
02/08/2024,04:15,[04:00-04:15[,S,V,V,V,V,111.64,111.64
02/08/2024,04:30,[04:15-04:30[,S,V,V,V,V,111.64,111.64
02/08/2024,04:45,[04:30-04:45[,S,V,V,V,V,111.64,111.64
02/08/2024,05:00,[04:45-05:00[,S,V,V,V,V,111.64,111.64
02/08/2024,05:15,[05:00-05:15[,S,V,V,V,V,112.64,112.64
02/08/2024,05:30,[05:15-05:30[,S,V,V,V,V,112.64,112.64
02/08/2024,05:45,[05:30-05:45[,S,V,V,V,V,112.64,112.64
02/08/2024,06:00,[05:45-06:00[,S,V,V,V,V,112.64,112.64
02/08/2024,06:15,[06:00-06:15[,S,V,V,V,V,114.00,114.00
02/08/2024,06:30,[06:15-06:30[,S,V,V,V,V,114.00,114.00
02/08/2024,06:45,[06:30-06:45[,S,V,V,V,V,114.00,114.00
02/08/2024,07:00,[06:45-07:00[,S,V,V,V,V,114.00,114.00
02/08/2024,07:15,[07:00-07:15[,S,V,F,V,C,109.92,109.92
02/08/2024,07:30,[07:15-07:30[,S,V,F,V,C,109.92,109.92
02/08/2024,07:45,[07:30-07:45[,S,V,F,V,C,109.92,109.92
02/08/2024,08:00,[07:45-08:00[,S,V,F,V,C,109.92,109.92
02/08/2024,08:15,[08:00-08:15[,S,F,F,C,C,104.42,104.42
02/08/2024,08:30,[08:15-08:30[,S,F,F,C,C,104.42,104.42
02/08/2024,08:45,[08:30-08:45[,S,F,F,C,C,104.42,104.42
02/08/2024,09:00,[08:45-09:00[,S,F,F,C,C,104.42,104.42
02/08/2024,09:15,[09:00-09:15[,S,F,F,C,C,75.59,75.59
02/08/2024,09:30,[09:15-09:30[,S,F,F,C,P,75.59,75.59
02/08/2024,09:45,[09:30-09:45[,S,F,F,C,P,75.59,75.59
02/08/2024,10:00,[09:45-10:00[,S,F,F,C,P,75.59,75.59
02/08/2024,10:15,[10:00-10:15[,S,F,F,C,P,65.16,65.16
02/08/2024,10:30,[10:15-10:30[,S,F,F,C,P,65.16,65.16
02/08/2024,10:45,[10:30-10:45[,S,F,F,P,P,65.16,65.16
02/08/2024,11:00,[10:45-11:00[,S,F,F,P,P,65.16,65.16
02/08/2024,11:15,[11:00-11:15[,S,F,F,P,P,69.83,69.83
02/08/2024,11:30,[11:15-11:30[,S,F,F,P,P,69.83,69.83
02/08/2024,11:45,[11:30-11:45[,S,F,F,P,P,69.83,69.83
02/08/2024,12:00,[11:45-12:00[,S,F,F,P,P,69.83,69.83
02/08/2024,12:15,[12:00-12:15[,S,F,F,P,P,60.00,60.00
02/08/2024,12:30,[12:15-12:30[,S,F,F,P,C,60.00,60.00
02/08/2024,12:45,[12:30-12:45[,S,F,F,P,C,60.00,60.00
02/08/2024,13:00,[12:45-13:00[,S,F,F,P,C,60.00,60.00
02/08/2024,13:15,[13:00-13:15[,S,F,F,C,C,58.10,58.10
02/08/2024,13:30,[13:15-13:30[,S,F,F,C,C,58.10,58.10
02/08/2024,13:45,[13:30-13:45[,S,F,F,C,C,58.10,58.10
02/08/2024,14:00,[13:45-14:00[,S,F,F,C,C,58.10,58.10
02/08/2024,14:15,[14:00-14:15[,S,F,F,C,C,52.43,52.43
02/08/2024,14:30,[14:15-14:30[,S,F,F,C,C,52.43,52.43
02/08/2024,14:45,[14:30-14:45[,S,F,F,C,C,52.43,52.43
02/08/2024,15:00,[14:45-15:00[,S,F,F,C,C,52.43,52.43
02/08/2024,15:15,[15:00-15:15[,S,F,F,C,C,49.95,49.95
02/08/2024,15:30,[15:15-15:30[,S,F,F,C,C,49.95,49.95
02/08/2024,15:45,[15:30-15:45[,S,F,F,C,C,49.95,49.95
02/08/2024,16:00,[15:45-16:00[,S,F,F,C,C,49.95,49.95
02/08/2024,16:15,[16:00-16:15[,S,F,F,C,C,58.77,58.77
02/08/2024,16:30,[16:15-16:30[,S,F,F,C,C,58.77,58.77
02/08/2024,16:45,[16:30-16:45[,S,F,F,C,C,58.77,58.77
02/08/2024,17:00,[16:45-17:00[,S,F,F,C,C,58.77,58.77
02/08/2024,17:15,[17:00-17:15[,S,F,F,C,C,65.00,65.00
02/08/2024,17:30,[17:15-17:30[,S,F,F,C,C,65.00,65.00
02/08/2024,17:45,[17:30-17:45[,S,F,F,C,C,65.00,65.00
02/08/2024,18:00,[17:45-18:00[,S,F,F,C,C,65.00,65.00
02/08/2024,18:15,[18:00-18:15[,S,F,F,C,C,88.00,88.00
02/08/2024,18:30,[18:15-18:30[,S,F,F,C,C,88.00,88.00
02/08/2024,18:45,[18:30-18:45[,S,F,F,C,C,88.00,88.00
02/08/2024,19:00,[18:45-19:00[,S,F,F,C,C,88.00,88.00
02/08/2024,19:15,[19:00-19:15[,S,F,F,C,C,114.00,114.00
02/08/2024,19:30,[19:15-19:30[,S,F,F,C,C,114.00,114.00
02/08/2024,19:45,[19:30-19:45[,S,F,F,P,C,114.00,114.00
02/08/2024,20:00,[19:45-20:00[,S,F,F,P,C,114.00,114.00
02/08/2024,20:15,[20:00-20:15[,S,F,F,P,C,128.53,128.53
02/08/2024,20:30,[20:15-20:30[,S,F,F,P,C,128.53,128.53
02/08/2024,20:45,[20:30-20:45[,S,F,F,P,C,128.53,128.53
02/08/2024,21:00,[20:45-21:00[,S,F,F,P,C,128.53,128.53
02/08/2024,21:15,[21:00-21:15[,S,F,F,C,C,126.63,126.63
02/08/2024,21:30,[21:15-21:30[,S,F,F,C,C,126.63,126.63
02/08/2024,21:45,[21:30-21:45[,S,F,F,C,C,126.63,126.63
02/08/2024,22:00,[21:45-22:00[,S,F,F,C,C,126.63,126.63
02/08/2024,22:15,[22:00-22:15[,S,V,F,V,C,115.36,115.36
02/08/2024,22:30,[22:15-22:30[,S,V,F,V,C,115.36,115.36
02/08/2024,22:45,[22:30-22:45[,S,V,F,V,C,115.36,115.36
02/08/2024,23:00,[22:45-23:00[,S,V,F,V,C,115.36,115.36
02/08/2024,23:15,[23:00-23:15[,S,V,F,V,C,119.34,119.34
02/08/2024,23:30,[23:15-23:30[,S,V,F,V,C,119.34,119.34
02/08/2024,23:45,[23:30-23:45[,S,V,F,V,C,119.34,119.34
02/08/2024,23:59,[23:45-00:00[,S,V,F,V,C,119.34,119.34
03/08/2024,00:15,[00:00-00:15[,S,V,V,V,V,116.10,116.10
03/08/2024,00:30,[00:15-00:30[,S,V,V,V,V,116.10,116.10
03/08/2024,00:45,[00:30-00:45[,S,V,V,V,V,116.10,116.10
03/08/2024,01:00,[00:45-01:00[,S,V,V,V,V,116.10,116.10
03/08/2024,01:15,[01:00-01:15[,S,V,V,V,V,113.85,113.85
03/08/2024,01:30,[01:15-01:30[,S,V,V,V,V,113.85,113.85
03/08/2024,01:45,[01:30-01:45[,S,V,V,V,V,113.85,113.85
03/08/2024,02:00,[01:45-02:00[,S,V,V,V,V,113.85,113.85
03/08/2024,02:15,[02:00-02:15[,S,V,V,V,V,113.85,113.85
03/08/2024,02:30,[02:15-02:30[,S,V,V,V,V,113.85,113.85
03/08/2024,02:45,[02:30-02:45[,S,V,V,V,V,113.85,113.85
03/08/2024,03:00,[02:45-03:00[,S,V,V,V,V,113.85,113.85
03/08/2024,03:15,[03:00-03:15[,S,V,V,V,V,112.37,112.37
03/08/2024,03:30,[03:15-03:30[,S,V,V,V,V,112.37,112.37
03/08/2024,03:45,[03:30-03:45[,S,V,V,V,V,112.37,112.37
03/08/2024,04:00,[03:45-04:00[,S,V,V,V,V,112.37,112.37
03/08/2024,04:15,[04:00-04:15[,S,V,V,V,V,112.67,112.67
03/08/2024,04:30,[04:15-04:30[,S,V,V,V,V,112.67,112.67
03/08/2024,04:45,[04:30-04:45[,S,V,V,V,V,112.67,112.67
03/08/2024,05:00,[04:45-05:00[,S,V,V,V,V,112.67,112.67
03/08/2024,05:15,[05:00-05:15[,S,V,V,V,V,114.30,114.30
03/08/2024,05:30,[05:15-05:30[,S,V,V,V,V,114.30,114.30
03/08/2024,05:45,[05:30-05:45[,S,V,V,V,V,114.30,114.30
03/08/2024,06:00,[05:45-06:00[,S,V,V,V,V,114.30,114.30
03/08/2024,06:15,[06:00-06:15[,S,V,V,V,V,115.65,115.65
03/08/2024,06:30,[06:15-06:30[,S,V,V,V,V,115.65,115.65
03/08/2024,06:45,[06:30-06:45[,S,V,V,V,V,115.65,115.65
03/08/2024,07:00,[06:45-07:00[,S,V,V,V,V,115.65,115.65
03/08/2024,07:15,[07:00-07:15[,S,V,V,V,V,103.02,103.02
03/08/2024,07:30,[07:15-07:30[,S,V,V,V,V,103.02,103.02
03/08/2024,07:45,[07:30-07:45[,S,V,V,V,V,103.02,103.02
03/08/2024,08:00,[07:45-08:00[,S,V,V,V,V,103.02,103.02
03/08/2024,08:15,[08:00-08:15[,S,F,V,C,V,68.30,68.30
03/08/2024,08:30,[08:15-08:30[,S,F,V,C,V,68.30,68.30
03/08/2024,08:45,[08:30-08:45[,S,F,V,C,V,68.30,68.30
03/08/2024,09:00,[08:45-09:00[,S,F,V,C,V,68.30,68.30
03/08/2024,09:15,[09:00-09:15[,S,F,F,C,C,32.44,32.44
03/08/2024,09:30,[09:15-09:30[,S,F,F,C,C,32.44,32.44
03/08/2024,09:45,[09:30-09:45[,S,F,F,C,C,32.44,32.44
03/08/2024,10:00,[09:45-10:00[,S,F,F,C,C,32.44,32.44
03/08/2024,10:15,[10:00-10:15[,S,F,F,C,C,20.36,20.36
03/08/2024,10:30,[10:15-10:30[,S,F,F,C,C,20.36,20.36
03/08/2024,10:45,[10:30-10:45[,S,F,F,P,C,20.36,20.36
03/08/2024,11:00,[10:45-11:00[,S,F,F,P,C,20.36,20.36
03/08/2024,11:15,[11:00-11:15[,S,F,F,P,C,14.66,14.66
03/08/2024,11:30,[11:15-11:30[,S,F,F,P,C,14.66,14.66
03/08/2024,11:45,[11:30-11:45[,S,F,F,P,C,14.66,14.66
03/08/2024,12:00,[11:45-12:00[,S,F,F,P,C,14.66,14.66
03/08/2024,12:15,[12:00-12:15[,S,F,F,P,C,6.41,6.41
03/08/2024,12:30,[12:15-12:30[,S,F,F,P,C,6.41,6.41
03/08/2024,12:45,[12:30-12:45[,S,F,F,P,C,6.41,6.41
03/08/2024,13:00,[12:45-13:00[,S,F,F,P,C,6.41,6.41
03/08/2024,13:15,[13:00-13:15[,S,F,F,C,C,5.00,5.00
03/08/2024,13:30,[13:15-13:30[,S,F,F,C,C,5.00,5.00
03/08/2024,13:45,[13:30-13:45[,S,F,F,C,C,5.00,5.00
03/08/2024,14:00,[13:45-14:00[,S,F,F,C,C,5.00,5.00
03/08/2024,14:15,[14:00-14:15[,S,F,V,C,V,10.07,10.07
03/08/2024,14:30,[14:15-14:30[,S,F,V,C,V,10.07,10.07
03/08/2024,14:45,[14:30-14:45[,S,F,V,C,V,10.07,10.07
03/08/2024,15:00,[14:45-15:00[,S,F,V,C,V,10.07,10.07
03/08/2024,15:15,[15:00-15:15[,S,F,V,C,V,10.20,10.20
03/08/2024,15:30,[15:15-15:30[,S,F,V,C,V,10.20,10.20
03/08/2024,15:45,[15:30-15:45[,S,F,V,C,V,10.20,10.20
03/08/2024,16:00,[15:45-16:00[,S,F,V,C,V,10.20,10.20
03/08/2024,16:15,[16:00-16:15[,S,F,V,C,V,20.00,20.00
03/08/2024,16:30,[16:15-16:30[,S,F,V,C,V,20.00,20.00
03/08/2024,16:45,[16:30-16:45[,S,F,V,C,V,20.00,20.00
03/08/2024,17:00,[16:45-17:00[,S,F,V,C,V,20.00,20.00
03/08/2024,17:15,[17:00-17:15[,S,F,V,C,V,58.75,58.75
03/08/2024,17:30,[17:15-17:30[,S,F,V,C,V,58.75,58.75
03/08/2024,17:45,[17:30-17:45[,S,F,V,C,V,58.75,58.75
03/08/2024,18:00,[17:45-18:00[,S,F,V,C,V,58.75,58.75
03/08/2024,18:15,[18:00-18:15[,S,F,V,C,V,80.00,80.00
03/08/2024,18:30,[18:15-18:30[,S,F,V,C,V,80.00,80.00
03/08/2024,18:45,[18:30-18:45[,S,F,V,C,V,80.00,80.00
03/08/2024,19:00,[18:45-19:00[,S,F,V,C,V,80.00,80.00
03/08/2024,19:15,[19:00-19:15[,S,F,V,C,V,121.49,121.49
03/08/2024,19:30,[19:15-19:30[,S,F,V,C,V,121.49,121.49
03/08/2024,19:45,[19:30-19:45[,S,F,V,P,V,121.49,121.49
03/08/2024,20:00,[19:45-20:00[,S,F,V,P,V,121.49,121.49
03/08/2024,20:15,[20:00-20:15[,S,F,F,P,C,136.53,136.53
03/08/2024,20:30,[20:15-20:30[,S,F,F,P,C,136.53,136.53
03/08/2024,20:45,[20:30-20:45[,S,F,F,P,C,136.53,136.53
03/08/2024,21:00,[20:45-21:00[,S,F,F,P,C,136.53,136.53
03/08/2024,21:15,[21:00-21:15[,S,F,F,C,C,131.49,131.49
03/08/2024,21:30,[21:15-21:30[,S,F,F,C,C,131.49,131.49
03/08/2024,21:45,[21:30-21:45[,S,F,F,C,C,131.49,131.49
03/08/2024,22:00,[21:45-22:00[,S,F,F,C,C,131.49,131.49
03/08/2024,22:15,[22:00-22:15[,S,V,V,V,V,126.63,126.63
03/08/2024,22:30,[22:15-22:30[,S,V,V,V,V,126.63,126.63
03/08/2024,22:45,[22:30-22:45[,S,V,V,V,V,126.63,126.63
03/08/2024,23:00,[22:45-23:00[,S,V,V,V,V,126.63,126.63
03/08/2024,23:15,[23:00-23:15[,S,V,V,V,V,115.34,115.34
03/08/2024,23:30,[23:15-23:30[,S,V,V,V,V,115.34,115.34
03/08/2024,23:45,[23:30-23:45[,S,V,V,V,V,115.34,115.34
03/08/2024,23:59,[23:45-00:00[,S,V,V,V,V,115.34,115.34
04/08/2024,00:15,[00:00-00:15[,S,V,V,V,V,112.82,112.82
04/08/2024,00:30,[00:15-00:30[,S,V,V,V,V,112.82,112.82
04/08/2024,00:45,[00:30-00:45[,S,V,V,V,V,112.82,112.82
04/08/2024,01:00,[00:45-01:00[,S,V,V,V,V,112.82,112.82
04/08/2024,01:15,[01:00-01:15[,S,V,V,V,V,106.00,106.00
04/08/2024,01:30,[01:15-01:30[,S,V,V,V,V,106.00,106.00
04/08/2024,01:45,[01:30-01:45[,S,V,V,V,V,106.00,106.00
04/08/2024,02:00,[01:45-02:00[,S,V,V,V,V,106.00,106.00
04/08/2024,02:15,[02:00-02:15[,S,V,V,V,V,111.47,111.47
04/08/2024,02:30,[02:15-02:30[,S,V,V,V,V,111.47,111.47
04/08/2024,02:45,[02:30-02:45[,S,V,V,V,V,111.47,111.47
04/08/2024,03:00,[02:45-03:00[,S,V,V,V,V,111.47,111.47
04/08/2024,03:15,[03:00-03:15[,S,V,V,V,V,111.92,111.92
04/08/2024,03:30,[03:15-03:30[,S,V,V,V,V,111.92,111.92
04/08/2024,03:45,[03:30-03:45[,S,V,V,V,V,111.92,111.92
04/08/2024,04:00,[03:45-04:00[,S,V,V,V,V,111.92,111.92
04/08/2024,04:15,[04:00-04:15[,S,V,V,V,V,113.27,113.27
04/08/2024,04:30,[04:15-04:30[,S,V,V,V,V,113.27,113.27
04/08/2024,04:45,[04:30-04:45[,S,V,V,V,V,113.27,113.27
04/08/2024,05:00,[04:45-05:00[,S,V,V,V,V,113.27,113.27
04/08/2024,05:15,[05:00-05:15[,S,V,V,V,V,113.72,113.72
04/08/2024,05:30,[05:15-05:30[,S,V,V,V,V,113.72,113.72
04/08/2024,05:45,[05:30-05:45[,S,V,V,V,V,113.72,113.72
04/08/2024,06:00,[05:45-06:00[,S,V,V,V,V,113.72,113.72
04/08/2024,06:15,[06:00-06:15[,S,V,V,V,V,113.53,113.53
04/08/2024,06:30,[06:15-06:30[,S,V,V,V,V,113.53,113.53
04/08/2024,06:45,[06:30-06:45[,S,V,V,V,V,113.53,113.53
04/08/2024,07:00,[06:45-07:00[,S,V,V,V,V,113.53,113.53
04/08/2024,07:15,[07:00-07:15[,S,V,V,V,V,97.89,97.89
04/08/2024,07:30,[07:15-07:30[,S,V,V,V,V,97.89,97.89
04/08/2024,07:45,[07:30-07:45[,S,V,V,V,V,97.89,97.89
04/08/2024,08:00,[07:45-08:00[,S,V,V,V,V,97.89,97.89
04/08/2024,08:15,[08:00-08:15[,S,F,V,C,V,68.10,68.10
04/08/2024,08:30,[08:15-08:30[,S,F,V,C,V,68.10,68.10
04/08/2024,08:45,[08:30-08:45[,S,F,V,C,V,68.10,68.10
04/08/2024,09:00,[08:45-09:00[,S,F,V,C,V,68.10,68.10
04/08/2024,09:15,[09:00-09:15[,S,F,V,C,V,15.00,15.00
04/08/2024,09:30,[09:15-09:30[,S,F,V,C,V,15.00,15.00
04/08/2024,09:45,[09:30-09:45[,S,F,V,C,V,15.00,15.00
04/08/2024,10:00,[09:45-10:00[,S,F,V,C,V,15.00,15.00
04/08/2024,10:15,[10:00-10:15[,S,F,V,C,V,2.05,2.05
04/08/2024,10:30,[10:15-10:30[,S,F,V,C,V,2.05,2.05
04/08/2024,10:45,[10:30-10:45[,S,F,V,P,V,2.05,2.05
04/08/2024,11:00,[10:45-11:00[,S,F,V,P,V,2.05,2.05
04/08/2024,11:15,[11:00-11:15[,S,F,V,P,V,0.44,0.44
04/08/2024,11:30,[11:15-11:30[,S,F,V,P,V,0.44,0.44
04/08/2024,11:45,[11:30-11:45[,S,F,V,P,V,0.44,0.44
04/08/2024,12:00,[11:45-12:00[,S,F,V,P,V,0.44,0.44
04/08/2024,12:15,[12:00-12:15[,S,F,V,P,V,4.55,4.55
04/08/2024,12:30,[12:15-12:30[,S,F,V,P,V,4.55,4.55
04/08/2024,12:45,[12:30-12:45[,S,F,V,P,V,4.55,4.55
04/08/2024,13:00,[12:45-13:00[,S,F,V,P,V,4.55,4.55
04/08/2024,13:15,[13:00-13:15[,S,F,V,C,V,10.00,10.00
04/08/2024,13:30,[13:15-13:30[,S,F,V,C,V,10.00,10.00
04/08/2024,13:45,[13:30-13:45[,S,F,V,C,V,10.00,10.00
04/08/2024,14:00,[13:45-14:00[,S,F,V,C,V,10.00,10.00
04/08/2024,14:15,[14:00-14:15[,S,F,V,C,V,2.00,2.00
04/08/2024,14:30,[14:15-14:30[,S,F,V,C,V,2.00,2.00
04/08/2024,14:45,[14:30-14:45[,S,F,V,C,V,2.00,2.00
04/08/2024,15:00,[14:45-15:00[,S,F,V,C,V,2.00,2.00
04/08/2024,15:15,[15:00-15:15[,S,F,V,C,V,1.45,1.45
04/08/2024,15:30,[15:15-15:30[,S,F,V,C,V,1.45,1.45
04/08/2024,15:45,[15:30-15:45[,S,F,V,C,V,1.45,1.45
04/08/2024,16:00,[15:45-16:00[,S,F,V,C,V,1.45,1.45
04/08/2024,16:15,[16:00-16:15[,S,F,V,C,V,22.05,22.05
04/08/2024,16:30,[16:15-16:30[,S,F,V,C,V,22.05,22.05
04/08/2024,16:45,[16:30-16:45[,S,F,V,C,V,22.05,22.05
04/08/2024,17:00,[16:45-17:00[,S,F,V,C,V,22.05,22.05
04/08/2024,17:15,[17:00-17:15[,S,F,V,C,V,63.37,63.37
04/08/2024,17:30,[17:15-17:30[,S,F,V,C,V,63.37,63.37
04/08/2024,17:45,[17:30-17:45[,S,F,V,C,V,63.37,63.37
04/08/2024,18:00,[17:45-18:00[,S,F,V,C,V,63.37,63.37
04/08/2024,18:15,[18:00-18:15[,S,F,V,C,V,82.97,82.97
04/08/2024,18:30,[18:15-18:30[,S,F,V,C,V,82.97,82.97
04/08/2024,18:45,[18:30-18:45[,S,F,V,C,V,82.97,82.97
04/08/2024,19:00,[18:45-19:00[,S,F,V,C,V,82.97,82.97
04/08/2024,19:15,[19:00-19:15[,S,F,V,C,V,123.44,123.44
04/08/2024,19:30,[19:15-19:30[,S,F,V,C,V,123.44,123.44
04/08/2024,19:45,[19:30-19:45[,S,F,V,P,V,123.44,123.44
04/08/2024,20:00,[19:45-20:00[,S,F,V,P,V,123.44,123.44
04/08/2024,20:15,[20:00-20:15[,S,F,V,P,V,142.76,142.76
04/08/2024,20:30,[20:15-20:30[,S,F,V,P,V,142.76,142.76
04/08/2024,20:45,[20:30-20:45[,S,F,V,P,V,142.76,142.76
04/08/2024,21:00,[20:45-21:00[,S,F,V,P,V,142.76,142.76
04/08/2024,21:15,[21:00-21:15[,S,F,V,C,V,144.24,144.24
04/08/2024,21:30,[21:15-21:30[,S,F,V,C,V,144.24,144.24
04/08/2024,21:45,[21:30-21:45[,S,F,V,C,V,144.24,144.24
04/08/2024,22:00,[21:45-22:00[,S,F,V,C,V,144.24,144.24
04/08/2024,22:15,[22:00-22:15[,S,V,V,V,V,133.06,133.06
04/08/2024,22:30,[22:15-22:30[,S,V,V,V,V,133.06,133.06
04/08/2024,22:45,[22:30-22:45[,S,V,V,V,V,133.06,133.06
04/08/2024,23:00,[22:45-23:00[,S,V,V,V,V,133.06,133.06
04/08/2024,23:15,[23:00-23:15[,S,V,V,V,V,119.96,119.96
04/08/2024,23:30,[23:15-23:30[,S,V,V,V,V,119.96,119.96
04/08/2024,23:45,[23:30-23:45[,S,V,V,V,V,119.96,119.96
04/08/2024,23:59,[23:45-00:00[,S,V,V,V,V,119.96,119.96
05/08/2024,00:15,[00:00-00:15[,S,V,V,V,V,116.42,116.42
05/08/2024,00:30,[00:15-00:30[,S,V,V,V,V,116.42,116.42
05/08/2024,00:45,[00:30-00:45[,S,V,V,V,V,116.42,116.42
05/08/2024,01:00,[00:45-01:00[,S,V,V,V,V,116.42,116.42
05/08/2024,01:15,[01:00-01:15[,S,V,V,V,V,114.17,114.17
05/08/2024,01:30,[01:15-01:30[,S,V,V,V,V,114.17,114.17
05/08/2024,01:45,[01:30-01:45[,S,V,V,V,V,114.17,114.17
05/08/2024,02:00,[01:45-02:00[,S,V,V,V,V,114.17,114.17
05/08/2024,02:15,[02:00-02:15[,S,V,V,V,V,115.97,115.97
05/08/2024,02:30,[02:15-02:30[,S,V,V,V,V,115.97,115.97
05/08/2024,02:45,[02:30-02:45[,S,V,V,V,V,115.97,115.97
05/08/2024,03:00,[02:45-03:00[,S,V,V,V,V,115.97,115.97
05/08/2024,03:15,[03:00-03:15[,S,V,V,V,V,115.97,115.97
05/08/2024,03:30,[03:15-03:30[,S,V,V,V,V,115.97,115.97
05/08/2024,03:45,[03:30-03:45[,S,V,V,V,V,115.97,115.97
05/08/2024,04:00,[03:45-04:00[,S,V,V,V,V,115.97,115.97
05/08/2024,04:15,[04:00-04:15[,S,V,V,V,V,118.04,118.04
05/08/2024,04:30,[04:15-04:30[,S,V,V,V,V,118.04,118.04
05/08/2024,04:45,[04:30-04:45[,S,V,V,V,V,118.04,118.04
05/08/2024,05:00,[04:45-05:00[,S,V,V,V,V,118.04,118.04
05/08/2024,05:15,[05:00-05:15[,S,V,V,V,V,121.28,121.28
05/08/2024,05:30,[05:15-05:30[,S,V,V,V,V,121.28,121.28
05/08/2024,05:45,[05:30-05:45[,S,V,V,V,V,121.28,121.28
05/08/2024,06:00,[05:45-06:00[,S,V,V,V,V,121.28,121.28
05/08/2024,06:15,[06:00-06:15[,S,V,V,V,V,126.10,126.10
05/08/2024,06:30,[06:15-06:30[,S,V,V,V,V,126.10,126.10
05/08/2024,06:45,[06:30-06:45[,S,V,V,V,V,126.10,126.10
05/08/2024,07:00,[06:45-07:00[,S,V,V,V,V,126.10,126.10
05/08/2024,07:15,[07:00-07:15[,S,V,F,V,C,123.00,123.00
05/08/2024,07:30,[07:15-07:30[,S,V,F,V,C,123.00,123.00
05/08/2024,07:45,[07:30-07:45[,S,V,F,V,C,123.00,123.00
05/08/2024,08:00,[07:45-08:00[,S,V,F,V,C,123.00,123.00
05/08/2024,08:15,[08:00-08:15[,S,F,F,C,C,117.23,117.23
05/08/2024,08:30,[08:15-08:30[,S,F,F,C,C,117.23,117.23
05/08/2024,08:45,[08:30-08:45[,S,F,F,C,C,117.23,117.23
05/08/2024,09:00,[08:45-09:00[,S,F,F,C,C,117.23,117.23
05/08/2024,09:15,[09:00-09:15[,S,F,F,C,C,114.17,114.17
05/08/2024,09:30,[09:15-09:30[,S,F,F,C,P,114.17,114.17
05/08/2024,09:45,[09:30-09:45[,S,F,F,C,P,114.17,114.17
05/08/2024,10:00,[09:45-10:00[,S,F,F,C,P,114.17,114.17
05/08/2024,10:15,[10:00-10:15[,S,F,F,C,P,88.62,88.62
05/08/2024,10:30,[10:15-10:30[,S,F,F,C,P,88.62,88.62
05/08/2024,10:45,[10:30-10:45[,S,F,F,P,P,88.62,88.62
05/08/2024,11:00,[10:45-11:00[,S,F,F,P,P,88.62,88.62
05/08/2024,11:15,[11:00-11:15[,S,F,F,P,P,83.01,83.01
05/08/2024,11:30,[11:15-11:30[,S,F,F,P,P,83.01,83.01
05/08/2024,11:45,[11:30-11:45[,S,F,F,P,P,83.01,83.01
05/08/2024,12:00,[11:45-12:00[,S,F,F,P,P,83.01,83.01
05/08/2024,12:15,[12:00-12:15[,S,F,F,P,P,82.59,82.59
05/08/2024,12:30,[12:15-12:30[,S,F,F,P,C,82.59,82.59
05/08/2024,12:45,[12:30-12:45[,S,F,F,P,C,82.59,82.59
05/08/2024,13:00,[12:45-13:00[,S,F,F,P,C,82.59,82.59
05/08/2024,13:15,[13:00-13:15[,S,F,F,C,C,82.10,82.10
05/08/2024,13:30,[13:15-13:30[,S,F,F,C,C,82.10,82.10
05/08/2024,13:45,[13:30-13:45[,S,F,F,C,C,82.10,82.10
05/08/2024,14:00,[13:45-14:00[,S,F,F,C,C,82.10,82.10
05/08/2024,14:15,[14:00-14:15[,S,F,F,C,C,81.58,81.58
05/08/2024,14:30,[14:15-14:30[,S,F,F,C,C,81.58,81.58
05/08/2024,14:45,[14:30-14:45[,S,F,F,C,C,81.58,81.58
05/08/2024,15:00,[14:45-15:00[,S,F,F,C,C,81.58,81.58
05/08/2024,15:15,[15:00-15:15[,S,F,F,C,C,81.45,81.45
05/08/2024,15:30,[15:15-15:30[,S,F,F,C,C,81.45,81.45
05/08/2024,15:45,[15:30-15:45[,S,F,F,C,C,81.45,81.45
05/08/2024,16:00,[15:45-16:00[,S,F,F,C,C,81.45,81.45
05/08/2024,16:15,[16:00-16:15[,S,F,F,C,C,81.97,81.97
05/08/2024,16:30,[16:15-16:30[,S,F,F,C,C,81.97,81.97
05/08/2024,16:45,[16:30-16:45[,S,F,F,C,C,81.97,81.97
05/08/2024,17:00,[16:45-17:00[,S,F,F,C,C,81.97,81.97
05/08/2024,17:15,[17:00-17:15[,S,F,F,C,C,86.69,86.69
05/08/2024,17:30,[17:15-17:30[,S,F,F,C,C,86.69,86.69
05/08/2024,17:45,[17:30-17:45[,S,F,F,C,C,86.69,86.69
05/08/2024,18:00,[17:45-18:00[,S,F,F,C,C,86.69,86.69
05/08/2024,18:15,[18:00-18:15[,S,F,F,C,C,118.85,118.85
05/08/2024,18:30,[18:15-18:30[,S,F,F,C,C,118.85,118.85
05/08/2024,18:45,[18:30-18:45[,S,F,F,C,C,118.85,118.85
05/08/2024,19:00,[18:45-19:00[,S,F,F,C,C,118.85,118.85
05/08/2024,19:15,[19:00-19:15[,S,F,F,C,C,129.38,129.38
05/08/2024,19:30,[19:15-19:30[,S,F,F,C,C,129.38,129.38
05/08/2024,19:45,[19:30-19:45[,S,F,F,P,C,129.38,129.38
05/08/2024,20:00,[19:45-20:00[,S,F,F,P,C,129.38,129.38
05/08/2024,20:15,[20:00-20:15[,S,F,F,P,C,150.89,150.89
05/08/2024,20:30,[20:15-20:30[,S,F,F,P,C,150.89,150.89
05/08/2024,20:45,[20:30-20:45[,S,F,F,P,C,150.89,150.89
05/08/2024,21:00,[20:45-21:00[,S,F,F,P,C,150.89,150.89
05/08/2024,21:15,[21:00-21:15[,S,F,F,C,C,140.00,140.00
05/08/2024,21:30,[21:15-21:30[,S,F,F,C,C,140.00,140.00
05/08/2024,21:45,[21:30-21:45[,S,F,F,C,C,140.00,140.00
05/08/2024,22:00,[21:45-22:00[,S,F,F,C,C,140.00,140.00
05/08/2024,22:15,[22:00-22:15[,S,V,F,V,C,126.34,126.34
05/08/2024,22:30,[22:15-22:30[,S,V,F,V,C,126.34,126.34
05/08/2024,22:45,[22:30-22:45[,S,V,F,V,C,126.34,126.34
05/08/2024,23:00,[22:45-23:00[,S,V,F,V,C,126.34,126.34
05/08/2024,23:15,[23:00-23:15[,S,V,F,V,C,114.76,114.76
05/08/2024,23:30,[23:15-23:30[,S,V,F,V,C,114.76,114.76
05/08/2024,23:45,[23:30-23:45[,S,V,F,V,C,114.76,114.76
05/08/2024,23:59,[23:45-00:00[,S,V,F,V,C,114.76,114.76
06/08/2024,00:15,[00:00-00:15[,S,V,V,V,V,109.86,109.86
06/08/2024,00:30,[00:15-00:30[,S,V,V,V,V,109.86,109.86
06/08/2024,00:45,[00:30-00:45[,S,V,V,V,V,109.86,109.86
06/08/2024,01:00,[00:45-01:00[,S,V,V,V,V,109.86,109.86
06/08/2024,01:15,[01:00-01:15[,S,V,V,V,V,100.00,100.00
06/08/2024,01:30,[01:15-01:30[,S,V,V,V,V,100.00,100.00
06/08/2024,01:45,[01:30-01:45[,S,V,V,V,V,100.00,100.00
06/08/2024,02:00,[01:45-02:00[,S,V,V,V,V,100.00,100.00
06/08/2024,02:15,[02:00-02:15[,S,V,V,V,V,110.56,110.56
06/08/2024,02:30,[02:15-02:30[,S,V,V,V,V,110.56,110.56
06/08/2024,02:45,[02:30-02:45[,S,V,V,V,V,110.56,110.56
06/08/2024,03:00,[02:45-03:00[,S,V,V,V,V,110.56,110.56
06/08/2024,03:15,[03:00-03:15[,S,V,V,V,V,110.09,110.09
06/08/2024,03:30,[03:15-03:30[,S,V,V,V,V,110.09,110.09
06/08/2024,03:45,[03:30-03:45[,S,V,V,V,V,110.09,110.09
06/08/2024,04:00,[03:45-04:00[,S,V,V,V,V,110.09,110.09
06/08/2024,04:15,[04:00-04:15[,S,V,V,V,V,113.32,113.32
06/08/2024,04:30,[04:15-04:30[,S,V,V,V,V,113.32,113.32
06/08/2024,04:45,[04:30-04:45[,S,V,V,V,V,113.32,113.32
06/08/2024,05:00,[04:45-05:00[,S,V,V,V,V,113.32,113.32
06/08/2024,05:15,[05:00-05:15[,S,V,V,V,V,119.69,119.69
06/08/2024,05:30,[05:15-05:30[,S,V,V,V,V,119.69,119.69
06/08/2024,05:45,[05:30-05:45[,S,V,V,V,V,119.69,119.69
06/08/2024,06:00,[05:45-06:00[,S,V,V,V,V,119.69,119.69
06/08/2024,06:15,[06:00-06:15[,S,V,V,V,V,130.00,130.00
06/08/2024,06:30,[06:15-06:30[,S,V,V,V,V,130.00,130.00
06/08/2024,06:45,[06:30-06:45[,S,V,V,V,V,130.00,130.00
06/08/2024,07:00,[06:45-07:00[,S,V,V,V,V,130.00,130.00
06/08/2024,07:15,[07:00-07:15[,S,V,F,V,C,120.30,120.30
06/08/2024,07:30,[07:15-07:30[,S,V,F,V,C,120.30,120.30
06/08/2024,07:45,[07:30-07:45[,S,V,F,V,C,120.30,120.30
06/08/2024,08:00,[07:45-08:00[,S,V,F,V,C,120.30,120.30
06/08/2024,08:15,[08:00-08:15[,S,F,F,C,C,110.56,110.56
06/08/2024,08:30,[08:15-08:30[,S,F,F,C,C,110.56,110.56
06/08/2024,08:45,[08:30-08:45[,S,F,F,C,C,110.56,110.56
06/08/2024,09:00,[08:45-09:00[,S,F,F,C,C,110.56,110.56
06/08/2024,09:15,[09:00-09:15[,S,F,F,C,C,102.73,102.73
06/08/2024,09:30,[09:15-09:30[,S,F,F,C,P,102.73,102.73
06/08/2024,09:45,[09:30-09:45[,S,F,F,C,P,102.73,102.73
06/08/2024,10:00,[09:45-10:00[,S,F,F,C,P,102.73,102.73
06/08/2024,10:15,[10:00-10:15[,S,F,F,C,P,90.00,90.00
06/08/2024,10:30,[10:15-10:30[,S,F,F,C,P,90.00,90.00
06/08/2024,10:45,[10:30-10:45[,S,F,F,P,P,90.00,90.00
06/08/2024,11:00,[10:45-11:00[,S,F,F,P,P,90.00,90.00
06/08/2024,11:15,[11:00-11:15[,S,F,F,P,P,83.78,83.78
06/08/2024,11:30,[11:15-11:30[,S,F,F,P,P,83.78,83.78
06/08/2024,11:45,[11:30-11:45[,S,F,F,P,P,83.78,83.78
06/08/2024,12:00,[11:45-12:00[,S,F,F,P,P,83.78,83.78
06/08/2024,12:15,[12:00-12:15[,S,F,F,P,P,83.40,83.40
06/08/2024,12:30,[12:15-12:30[,S,F,F,P,C,83.40,83.40
06/08/2024,12:45,[12:30-12:45[,S,F,F,P,C,83.40,83.40
06/08/2024,13:00,[12:45-13:00[,S,F,F,P,C,83.40,83.40
06/08/2024,13:15,[13:00-13:15[,S,F,F,C,C,83.18,83.18
06/08/2024,13:30,[13:15-13:30[,S,F,F,C,C,83.18,83.18
06/08/2024,13:45,[13:30-13:45[,S,F,F,C,C,83.18,83.18
06/08/2024,14:00,[13:45-14:00[,S,F,F,C,C,83.18,83.18
06/08/2024,14:15,[14:00-14:15[,S,F,F,C,C,82.44,82.44
06/08/2024,14:30,[14:15-14:30[,S,F,F,C,C,82.44,82.44
06/08/2024,14:45,[14:30-14:45[,S,F,F,C,C,82.44,82.44
06/08/2024,15:00,[14:45-15:00[,S,F,F,C,C,82.44,82.44
06/08/2024,15:15,[15:00-15:15[,S,F,F,C,C,82.31,82.31
06/08/2024,15:30,[15:15-15:30[,S,F,F,C,C,82.31,82.31
06/08/2024,15:45,[15:30-15:45[,S,F,F,C,C,82.31,82.31
06/08/2024,16:00,[15:45-16:00[,S,F,F,C,C,82.31,82.31
06/08/2024,16:15,[16:00-16:15[,S,F,F,C,C,83.18,83.18
06/08/2024,16:30,[16:15-16:30[,S,F,F,C,C,83.18,83.18
06/08/2024,16:45,[16:30-16:45[,S,F,F,C,C,83.18,83.18
06/08/2024,17:00,[16:45-17:00[,S,F,F,C,C,83.18,83.18
06/08/2024,17:15,[17:00-17:15[,S,F,F,C,C,90.40,90.40
06/08/2024,17:30,[17:15-17:30[,S,F,F,C,C,90.40,90.40
06/08/2024,17:45,[17:30-17:45[,S,F,F,C,C,90.40,90.40
06/08/2024,18:00,[17:45-18:00[,S,F,F,C,C,90.40,90.40
06/08/2024,18:15,[18:00-18:15[,S,F,F,C,C,113.32,113.32
06/08/2024,18:30,[18:15-18:30[,S,F,F,C,C,113.32,113.32
06/08/2024,18:45,[18:30-18:45[,S,F,F,C,C,113.32,113.32
06/08/2024,19:00,[18:45-19:00[,S,F,F,C,C,113.32,113.32
06/08/2024,19:15,[19:00-19:15[,S,F,F,C,C,123.21,123.21
06/08/2024,19:30,[19:15-19:30[,S,F,F,C,C,123.21,123.21
06/08/2024,19:45,[19:30-19:45[,S,F,F,P,C,123.21,123.21
06/08/2024,20:00,[19:45-20:00[,S,F,F,P,C,123.21,123.21
06/08/2024,20:15,[20:00-20:15[,S,F,F,P,C,132.34,132.34
06/08/2024,20:30,[20:15-20:30[,S,F,F,P,C,132.34,132.34
06/08/2024,20:45,[20:30-20:45[,S,F,F,P,C,132.34,132.34
06/08/2024,21:00,[20:45-21:00[,S,F,F,P,C,132.34,132.34
06/08/2024,21:15,[21:00-21:15[,S,F,F,C,C,126.10,126.10
06/08/2024,21:30,[21:15-21:30[,S,F,F,C,C,126.10,126.10
06/08/2024,21:45,[21:30-21:45[,S,F,F,C,C,126.10,126.10
06/08/2024,22:00,[21:45-22:00[,S,F,F,C,C,126.10,126.10
06/08/2024,22:15,[22:00-22:15[,S,V,F,V,C,117.86,117.86
06/08/2024,22:30,[22:15-22:30[,S,V,F,V,C,117.86,117.86
06/08/2024,22:45,[22:30-22:45[,S,V,F,V,C,117.86,117.86
06/08/2024,23:00,[22:45-23:00[,S,V,F,V,C,117.86,117.86
06/08/2024,23:15,[23:00-23:15[,S,V,F,V,C,107.22,107.22
06/08/2024,23:30,[23:15-23:30[,S,V,F,V,C,107.22,107.22
06/08/2024,23:45,[23:30-23:45[,S,V,F,V,C,107.22,107.22
06/08/2024,23:59,[23:45-00:00[,S,V,F,V,C,107.22,107.22
07/08/2024,00:15,[00:00-00:15[,S,V,V,V,V,107.22,107.22
07/08/2024,00:30,[00:15-00:30[,S,V,V,V,V,107.22,107.22
07/08/2024,00:45,[00:30-00:45[,S,V,V,V,V,107.22,107.22
07/08/2024,01:00,[00:45-01:00[,S,V,V,V,V,107.22,107.22
07/08/2024,01:15,[01:00-01:15[,S,V,V,V,V,107.21,107.21
07/08/2024,01:30,[01:15-01:30[,S,V,V,V,V,107.21,107.21
07/08/2024,01:45,[01:30-01:45[,S,V,V,V,V,107.21,107.21
07/08/2024,02:00,[01:45-02:00[,S,V,V,V,V,107.21,107.21
07/08/2024,02:15,[02:00-02:15[,S,V,V,V,V,107.21,107.21
07/08/2024,02:30,[02:15-02:30[,S,V,V,V,V,107.21,107.21
07/08/2024,02:45,[02:30-02:45[,S,V,V,V,V,107.21,107.21
07/08/2024,03:00,[02:45-03:00[,S,V,V,V,V,107.21,107.21
07/08/2024,03:15,[03:00-03:15[,S,V,V,V,V,95.00,95.00
07/08/2024,03:30,[03:15-03:30[,S,V,V,V,V,95.00,95.00
07/08/2024,03:45,[03:30-03:45[,S,V,V,V,V,95.00,95.00
07/08/2024,04:00,[03:45-04:00[,S,V,V,V,V,95.00,95.00
07/08/2024,04:15,[04:00-04:15[,S,V,V,V,V,102.44,102.44
07/08/2024,04:30,[04:15-04:30[,S,V,V,V,V,102.44,102.44
07/08/2024,04:45,[04:30-04:45[,S,V,V,V,V,102.44,102.44
07/08/2024,05:00,[04:45-05:00[,S,V,V,V,V,102.44,102.44
07/08/2024,05:15,[05:00-05:15[,S,V,V,V,V,105.00,105.00
07/08/2024,05:30,[05:15-05:30[,S,V,V,V,V,105.00,105.00
07/08/2024,05:45,[05:30-05:45[,S,V,V,V,V,105.00,105.00
07/08/2024,06:00,[05:45-06:00[,S,V,V,V,V,105.00,105.00
07/08/2024,06:15,[06:00-06:15[,S,V,V,V,V,115.10,115.10
07/08/2024,06:30,[06:15-06:30[,S,V,V,V,V,115.10,115.10
07/08/2024,06:45,[06:30-06:45[,S,V,V,V,V,115.10,115.10
07/08/2024,07:00,[06:45-07:00[,S,V,V,V,V,115.10,115.10
07/08/2024,07:15,[07:00-07:15[,S,V,F,V,C,102.44,102.44
07/08/2024,07:30,[07:15-07:30[,S,V,F,V,C,102.44,102.44
07/08/2024,07:45,[07:30-07:45[,S,V,F,V,C,102.44,102.44
07/08/2024,08:00,[07:45-08:00[,S,V,F,V,C,102.44,102.44
07/08/2024,08:15,[08:00-08:15[,S,F,F,C,C,87.97,87.97
07/08/2024,08:30,[08:15-08:30[,S,F,F,C,C,87.97,87.97
07/08/2024,08:45,[08:30-08:45[,S,F,F,C,C,87.97,87.97
07/08/2024,09:00,[08:45-09:00[,S,F,F,C,C,87.97,87.97
07/08/2024,09:15,[09:00-09:15[,S,F,F,C,C,79.39,78.70
07/08/2024,09:30,[09:15-09:30[,S,F,F,C,P,79.39,78.70
07/08/2024,09:45,[09:30-09:45[,S,F,F,C,P,79.39,78.70
07/08/2024,10:00,[09:45-10:00[,S,F,F,C,P,79.39,78.70
07/08/2024,10:15,[10:00-10:15[,S,F,F,C,P,79.60,79.60
07/08/2024,10:30,[10:15-10:30[,S,F,F,C,P,79.60,79.60
07/08/2024,10:45,[10:30-10:45[,S,F,F,P,P,79.60,79.60
07/08/2024,11:00,[10:45-11:00[,S,F,F,P,P,79.60,79.60
07/08/2024,11:15,[11:00-11:15[,S,F,F,P,P,81.10,81.10
07/08/2024,11:30,[11:15-11:30[,S,F,F,P,P,81.10,81.10
07/08/2024,11:45,[11:30-11:45[,S,F,F,P,P,81.10,81.10
07/08/2024,12:00,[11:45-12:00[,S,F,F,P,P,81.10,81.10
07/08/2024,12:15,[12:00-12:15[,S,F,F,P,P,82.00,82.00
07/08/2024,12:30,[12:15-12:30[,S,F,F,P,C,82.00,82.00
07/08/2024,12:45,[12:30-12:45[,S,F,F,P,C,82.00,82.00
07/08/2024,13:00,[12:45-13:00[,S,F,F,P,C,82.00,82.00
07/08/2024,13:15,[13:00-13:15[,S,F,F,C,C,82.49,82.49
07/08/2024,13:30,[13:15-13:30[,S,F,F,C,C,82.49,82.49
07/08/2024,13:45,[13:30-13:45[,S,F,F,C,C,82.49,82.49
07/08/2024,14:00,[13:45-14:00[,S,F,F,C,C,82.49,82.49
07/08/2024,14:15,[14:00-14:15[,S,F,F,C,C,79.60,79.60
07/08/2024,14:30,[14:15-14:30[,S,F,F,C,C,79.60,79.60
07/08/2024,14:45,[14:30-14:45[,S,F,F,C,C,79.60,79.60
07/08/2024,15:00,[14:45-15:00[,S,F,F,C,C,79.60,79.60
07/08/2024,15:15,[15:00-15:15[,S,F,F,C,C,79.60,79.60
07/08/2024,15:30,[15:15-15:30[,S,F,F,C,C,79.60,79.60
07/08/2024,15:45,[15:30-15:45[,S,F,F,C,C,79.60,79.60
07/08/2024,16:00,[15:45-16:00[,S,F,F,C,C,79.60,79.60
07/08/2024,16:15,[16:00-16:15[,S,F,F,C,C,82.00,82.00
07/08/2024,16:30,[16:15-16:30[,S,F,F,C,C,82.00,82.00
07/08/2024,16:45,[16:30-16:45[,S,F,F,C,C,82.00,82.00
07/08/2024,17:00,[16:45-17:00[,S,F,F,C,C,82.00,82.00
07/08/2024,17:15,[17:00-17:15[,S,F,F,C,C,84.23,84.23
07/08/2024,17:30,[17:15-17:30[,S,F,F,C,C,84.23,84.23
07/08/2024,17:45,[17:30-17:45[,S,F,F,C,C,84.23,84.23
07/08/2024,18:00,[17:45-18:00[,S,F,F,C,C,84.23,84.23
07/08/2024,18:15,[18:00-18:15[,S,F,F,C,C,89.00,89.00
07/08/2024,18:30,[18:15-18:30[,S,F,F,C,C,89.00,89.00
07/08/2024,18:45,[18:30-18:45[,S,F,F,C,C,89.00,89.00
07/08/2024,19:00,[18:45-19:00[,S,F,F,C,C,89.00,89.00
07/08/2024,19:15,[19:00-19:15[,S,F,F,C,C,116.20,116.20
07/08/2024,19:30,[19:15-19:30[,S,F,F,C,C,116.20,116.20
07/08/2024,19:45,[19:30-19:45[,S,F,F,P,C,116.20,116.20
07/08/2024,20:00,[19:45-20:00[,S,F,F,P,C,116.20,116.20
07/08/2024,20:15,[20:00-20:15[,S,F,F,P,C,128.90,128.90
07/08/2024,20:30,[20:15-20:30[,S,F,F,P,C,128.90,128.90
07/08/2024,20:45,[20:30-20:45[,S,F,F,P,C,128.90,128.90
07/08/2024,21:00,[20:45-21:00[,S,F,F,P,C,128.90,128.90
07/08/2024,21:15,[21:00-21:15[,S,F,F,C,C,122.42,122.42
07/08/2024,21:30,[21:15-21:30[,S,F,F,C,C,122.42,122.42
07/08/2024,21:45,[21:30-21:45[,S,F,F,C,C,122.42,122.42
07/08/2024,22:00,[21:45-22:00[,S,F,F,C,C,122.42,122.42
07/08/2024,22:15,[22:00-22:15[,S,V,F,V,C,115.58,115.58
07/08/2024,22:30,[22:15-22:30[,S,V,F,V,C,115.58,115.58
07/08/2024,22:45,[22:30-22:45[,S,V,F,V,C,115.58,115.58
07/08/2024,23:00,[22:45-23:00[,S,V,F,V,C,115.58,115.58
07/08/2024,23:15,[23:00-23:15[,S,V,F,V,C,107.75,107.75
07/08/2024,23:30,[23:15-23:30[,S,V,F,V,C,107.75,107.75
07/08/2024,23:45,[23:30-23:45[,S,V,F,V,C,107.75,107.75
07/08/2024,23:59,[23:45-00:00[,S,V,F,V,C,107.75,107.75
08/08/2024,00:15,[00:00-00:15[,S,V,V,V,V,103.79,103.79
08/08/2024,00:30,[00:15-00:30[,S,V,V,V,V,103.79,103.79
08/08/2024,00:45,[00:30-00:45[,S,V,V,V,V,103.79,103.79
08/08/2024,01:00,[00:45-01:00[,S,V,V,V,V,103.79,103.79
08/08/2024,01:15,[01:00-01:15[,S,V,V,V,V,98.38,98.38
08/08/2024,01:30,[01:15-01:30[,S,V,V,V,V,98.38,98.38
08/08/2024,01:45,[01:30-01:45[,S,V,V,V,V,98.38,98.38
08/08/2024,02:00,[01:45-02:00[,S,V,V,V,V,98.38,98.38
08/08/2024,02:15,[02:00-02:15[,S,V,V,V,V,101.81,101.81
08/08/2024,02:30,[02:15-02:30[,S,V,V,V,V,101.81,101.81
08/08/2024,02:45,[02:30-02:45[,S,V,V,V,V,101.81,101.81
08/08/2024,03:00,[02:45-03:00[,S,V,V,V,V,101.81,101.81
08/08/2024,03:15,[03:00-03:15[,S,V,V,V,V,101.81,101.81
08/08/2024,03:30,[03:15-03:30[,S,V,V,V,V,101.81,101.81
08/08/2024,03:45,[03:30-03:45[,S,V,V,V,V,101.81,101.81
08/08/2024,04:00,[03:45-04:00[,S,V,V,V,V,101.81,101.81
08/08/2024,04:15,[04:00-04:15[,S,V,V,V,V,101.93,101.93
08/08/2024,04:30,[04:15-04:30[,S,V,V,V,V,101.93,101.93
08/08/2024,04:45,[04:30-04:45[,S,V,V,V,V,101.93,101.93
08/08/2024,05:00,[04:45-05:00[,S,V,V,V,V,101.93,101.93
08/08/2024,05:15,[05:00-05:15[,S,V,V,V,V,107.75,107.75
08/08/2024,05:30,[05:15-05:30[,S,V,V,V,V,107.75,107.75
08/08/2024,05:45,[05:30-05:45[,S,V,V,V,V,107.75,107.75
08/08/2024,06:00,[05:45-06:00[,S,V,V,V,V,107.75,107.75
08/08/2024,06:15,[06:00-06:15[,S,V,V,V,V,115.10,115.10
08/08/2024,06:30,[06:15-06:30[,S,V,V,V,V,115.10,115.10
08/08/2024,06:45,[06:30-06:45[,S,V,V,V,V,115.10,115.10
08/08/2024,07:00,[06:45-07:00[,S,V,V,V,V,115.10,115.10
08/08/2024,07:15,[07:00-07:15[,S,V,F,V,C,107.82,107.82
08/08/2024,07:30,[07:15-07:30[,S,V,F,V,C,107.82,107.82
08/08/2024,07:45,[07:30-07:45[,S,V,F,V,C,107.82,107.82
08/08/2024,08:00,[07:45-08:00[,S,V,F,V,C,107.82,107.82
08/08/2024,08:15,[08:00-08:15[,S,F,F,C,C,109.10,109.10
08/08/2024,08:30,[08:15-08:30[,S,F,F,C,C,109.10,109.10
08/08/2024,08:45,[08:30-08:45[,S,F,F,C,C,109.10,109.10
08/08/2024,09:00,[08:45-09:00[,S,F,F,C,C,109.10,109.10
08/08/2024,09:15,[09:00-09:15[,S,F,F,C,C,89.00,89.00
08/08/2024,09:30,[09:15-09:30[,S,F,F,C,P,89.00,89.00
08/08/2024,09:45,[09:30-09:45[,S,F,F,C,P,89.00,89.00
08/08/2024,10:00,[09:45-10:00[,S,F,F,C,P,89.00,89.00
08/08/2024,10:15,[10:00-10:15[,S,F,F,C,P,83.10,83.10
08/08/2024,10:30,[10:15-10:30[,S,F,F,C,P,83.10,83.10
08/08/2024,10:45,[10:30-10:45[,S,F,F,P,P,83.10,83.10
08/08/2024,11:00,[10:45-11:00[,S,F,F,P,P,83.10,83.10
08/08/2024,11:15,[11:00-11:15[,S,F,F,P,P,83.00,83.00
08/08/2024,11:30,[11:15-11:30[,S,F,F,P,P,83.00,83.00
08/08/2024,11:45,[11:30-11:45[,S,F,F,P,P,83.00,83.00
08/08/2024,12:00,[11:45-12:00[,S,F,F,P,P,83.00,83.00
08/08/2024,12:15,[12:00-12:15[,S,F,F,P,P,83.00,83.00
08/08/2024,12:30,[12:15-12:30[,S,F,F,P,C,83.00,83.00
08/08/2024,12:45,[12:30-12:45[,S,F,F,P,C,83.00,83.00
08/08/2024,13:00,[12:45-13:00[,S,F,F,P,C,83.00,83.00
08/08/2024,13:15,[13:00-13:15[,S,F,F,C,C,83.00,83.00
08/08/2024,13:30,[13:15-13:30[,S,F,F,C,C,83.00,83.00
08/08/2024,13:45,[13:30-13:45[,S,F,F,C,C,83.00,83.00
08/08/2024,14:00,[13:45-14:00[,S,F,F,C,C,83.00,83.00
08/08/2024,14:15,[14:00-14:15[,S,F,F,C,C,82.00,82.00
08/08/2024,14:30,[14:15-14:30[,S,F,F,C,C,82.00,82.00
08/08/2024,14:45,[14:30-14:45[,S,F,F,C,C,82.00,82.00
08/08/2024,15:00,[14:45-15:00[,S,F,F,C,C,82.00,82.00
08/08/2024,15:15,[15:00-15:15[,S,F,F,C,C,82.00,82.00
08/08/2024,15:30,[15:15-15:30[,S,F,F,C,C,82.00,82.00
08/08/2024,15:45,[15:30-15:45[,S,F,F,C,C,82.00,82.00
08/08/2024,16:00,[15:45-16:00[,S,F,F,C,C,82.00,82.00
08/08/2024,16:15,[16:00-16:15[,S,F,F,C,C,87.19,87.19
08/08/2024,16:30,[16:15-16:30[,S,F,F,C,C,87.19,87.19
08/08/2024,16:45,[16:30-16:45[,S,F,F,C,C,87.19,87.19
08/08/2024,17:00,[16:45-17:00[,S,F,F,C,C,87.19,87.19
08/08/2024,17:15,[17:00-17:15[,S,F,F,C,C,96.50,96.50
08/08/2024,17:30,[17:15-17:30[,S,F,F,C,C,96.50,96.50
08/08/2024,17:45,[17:30-17:45[,S,F,F,C,C,96.50,96.50
08/08/2024,18:00,[17:45-18:00[,S,F,F,C,C,96.50,96.50
08/08/2024,18:15,[18:00-18:15[,S,F,F,C,C,110.50,110.50
08/08/2024,18:30,[18:15-18:30[,S,F,F,C,C,110.50,110.50
08/08/2024,18:45,[18:30-18:45[,S,F,F,C,C,110.50,110.50
08/08/2024,19:00,[18:45-19:00[,S,F,F,C,C,110.50,110.50
08/08/2024,19:15,[19:00-19:15[,S,F,F,C,C,115.50,115.50
08/08/2024,19:30,[19:15-19:30[,S,F,F,C,C,115.50,115.50
08/08/2024,19:45,[19:30-19:45[,S,F,F,P,C,115.50,115.50
08/08/2024,20:00,[19:45-20:00[,S,F,F,P,C,115.50,115.50
08/08/2024,20:15,[20:00-20:15[,S,F,F,P,C,140.01,140.01
08/08/2024,20:30,[20:15-20:30[,S,F,F,P,C,140.01,140.01
08/08/2024,20:45,[20:30-20:45[,S,F,F,P,C,140.01,140.01
08/08/2024,21:00,[20:45-21:00[,S,F,F,P,C,140.01,140.01
08/08/2024,21:15,[21:00-21:15[,S,F,F,C,C,126.48,126.48
08/08/2024,21:30,[21:15-21:30[,S,F,F,C,C,126.48,126.48
08/08/2024,21:45,[21:30-21:45[,S,F,F,C,C,126.48,126.48
08/08/2024,22:00,[21:45-22:00[,S,F,F,C,C,126.48,126.48
08/08/2024,22:15,[22:00-22:15[,S,V,F,V,C,111.95,111.95
08/08/2024,22:30,[22:15-22:30[,S,V,F,V,C,111.95,111.95
08/08/2024,22:45,[22:30-22:45[,S,V,F,V,C,111.95,111.95
08/08/2024,23:00,[22:45-23:00[,S,V,F,V,C,111.95,111.95
08/08/2024,23:15,[23:00-23:15[,S,V,F,V,C,118.06,118.06
08/08/2024,23:30,[23:15-23:30[,S,V,F,V,C,118.06,118.06
08/08/2024,23:45,[23:30-23:45[,S,V,F,V,C,118.06,118.06
08/08/2024,23:59,[23:45-00:00[,S,V,F,V,C,118.06,118.06
09/08/2024,00:15,[00:00-00:15[,S,V,V,V,V,116.92,116.92
09/08/2024,00:30,[00:15-00:30[,S,V,V,V,V,116.92,116.92
09/08/2024,00:45,[00:30-00:45[,S,V,V,V,V,116.92,116.92
09/08/2024,01:00,[00:45-01:00[,S,V,V,V,V,116.92,116.92
09/08/2024,01:15,[01:00-01:15[,S,V,V,V,V,111.70,111.70
09/08/2024,01:30,[01:15-01:30[,S,V,V,V,V,111.70,111.70
09/08/2024,01:45,[01:30-01:45[,S,V,V,V,V,111.70,111.70
09/08/2024,02:00,[01:45-02:00[,S,V,V,V,V,111.70,111.70
09/08/2024,02:15,[02:00-02:15[,S,V,V,V,V,117.10,117.10
09/08/2024,02:30,[02:15-02:30[,S,V,V,V,V,117.10,117.10
09/08/2024,02:45,[02:30-02:45[,S,V,V,V,V,117.10,117.10
09/08/2024,03:00,[02:45-03:00[,S,V,V,V,V,117.10,117.10
09/08/2024,03:15,[03:00-03:15[,S,V,V,V,V,112.32,112.32
09/08/2024,03:30,[03:15-03:30[,S,V,V,V,V,112.32,112.32
09/08/2024,03:45,[03:30-03:45[,S,V,V,V,V,112.32,112.32
09/08/2024,04:00,[03:45-04:00[,S,V,V,V,V,112.32,112.32
09/08/2024,04:15,[04:00-04:15[,S,V,V,V,V,110.46,110.46
09/08/2024,04:30,[04:15-04:30[,S,V,V,V,V,110.46,110.46
09/08/2024,04:45,[04:30-04:45[,S,V,V,V,V,110.46,110.46
09/08/2024,05:00,[04:45-05:00[,S,V,V,V,V,110.46,110.46
09/08/2024,05:15,[05:00-05:15[,S,V,V,V,V,116.92,116.92
09/08/2024,05:30,[05:15-05:30[,S,V,V,V,V,116.92,116.92
09/08/2024,05:45,[05:30-05:45[,S,V,V,V,V,116.92,116.92
09/08/2024,06:00,[05:45-06:00[,S,V,V,V,V,116.92,116.92
09/08/2024,06:15,[06:00-06:15[,S,V,V,V,V,118.85,118.85
09/08/2024,06:30,[06:15-06:30[,S,V,V,V,V,118.85,118.85
09/08/2024,06:45,[06:30-06:45[,S,V,V,V,V,118.85,118.85
09/08/2024,07:00,[06:45-07:00[,S,V,V,V,V,118.85,118.85
09/08/2024,07:15,[07:00-07:15[,S,V,F,V,C,116.92,116.92
09/08/2024,07:30,[07:15-07:30[,S,V,F,V,C,116.92,116.92
09/08/2024,07:45,[07:30-07:45[,S,V,F,V,C,116.92,116.92
09/08/2024,08:00,[07:45-08:00[,S,V,F,V,C,116.92,116.92
09/08/2024,08:15,[08:00-08:15[,S,F,F,C,C,111.20,111.20
09/08/2024,08:30,[08:15-08:30[,S,F,F,C,C,111.20,111.20
09/08/2024,08:45,[08:30-08:45[,S,F,F,C,C,111.20,111.20
09/08/2024,09:00,[08:45-09:00[,S,F,F,C,C,111.20,111.20
09/08/2024,09:15,[09:00-09:15[,S,F,F,C,C,85.00,85.00
09/08/2024,09:30,[09:15-09:30[,S,F,F,C,P,85.00,85.00
09/08/2024,09:45,[09:30-09:45[,S,F,F,C,P,85.00,85.00
09/08/2024,10:00,[09:45-10:00[,S,F,F,C,P,85.00,85.00
09/08/2024,10:15,[10:00-10:15[,S,F,F,C,P,81.81,81.81
09/08/2024,10:30,[10:15-10:30[,S,F,F,C,P,81.81,81.81
09/08/2024,10:45,[10:30-10:45[,S,F,F,P,P,81.81,81.81
09/08/2024,11:00,[10:45-11:00[,S,F,F,P,P,81.81,81.81
09/08/2024,11:15,[11:00-11:15[,S,F,F,P,P,81.68,81.68
09/08/2024,11:30,[11:15-11:30[,S,F,F,P,P,81.68,81.68
09/08/2024,11:45,[11:30-11:45[,S,F,F,P,P,81.68,81.68
09/08/2024,12:00,[11:45-12:00[,S,F,F,P,P,81.68,81.68
09/08/2024,12:15,[12:00-12:15[,S,F,F,P,P,81.68,81.68
09/08/2024,12:30,[12:15-12:30[,S,F,F,P,C,81.68,81.68
09/08/2024,12:45,[12:30-12:45[,S,F,F,P,C,81.68,81.68
09/08/2024,13:00,[12:45-13:00[,S,F,F,P,C,81.68,81.68
09/08/2024,13:15,[13:00-13:15[,S,F,F,C,C,81.55,81.55
09/08/2024,13:30,[13:15-13:30[,S,F,F,C,C,81.55,81.55
09/08/2024,13:45,[13:30-13:45[,S,F,F,C,C,81.55,81.55
09/08/2024,14:00,[13:45-14:00[,S,F,F,C,C,81.55,81.55
09/08/2024,14:15,[14:00-14:15[,S,F,F,C,C,80.00,80.00
09/08/2024,14:30,[14:15-14:30[,S,F,F,C,C,80.00,80.00
09/08/2024,14:45,[14:30-14:45[,S,F,F,C,C,80.00,80.00
09/08/2024,15:00,[14:45-15:00[,S,F,F,C,C,80.00,80.00
09/08/2024,15:15,[15:00-15:15[,S,F,F,C,C,80.00,80.00
09/08/2024,15:30,[15:15-15:30[,S,F,F,C,C,80.00,80.00
09/08/2024,15:45,[15:30-15:45[,S,F,F,C,C,80.00,80.00
09/08/2024,16:00,[15:45-16:00[,S,F,F,C,C,80.00,80.00
09/08/2024,16:15,[16:00-16:15[,S,F,F,C,C,81.18,81.18
09/08/2024,16:30,[16:15-16:30[,S,F,F,C,C,81.18,81.18
09/08/2024,16:45,[16:30-16:45[,S,F,F,C,C,81.18,81.18
09/08/2024,17:00,[16:45-17:00[,S,F,F,C,C,81.18,81.18
09/08/2024,17:15,[17:00-17:15[,S,F,F,C,C,82.07,82.07
09/08/2024,17:30,[17:15-17:30[,S,F,F,C,C,82.07,82.07
09/08/2024,17:45,[17:30-17:45[,S,F,F,C,C,82.07,82.07
09/08/2024,18:00,[17:45-18:00[,S,F,F,C,C,82.07,82.07
09/08/2024,18:15,[18:00-18:15[,S,F,F,C,C,97.70,97.70
09/08/2024,18:30,[18:15-18:30[,S,F,F,C,C,97.70,97.70
09/08/2024,18:45,[18:30-18:45[,S,F,F,C,C,97.70,97.70
09/08/2024,19:00,[18:45-19:00[,S,F,F,C,C,97.70,97.70
09/08/2024,19:15,[19:00-19:15[,S,F,F,C,C,113.30,113.30
09/08/2024,19:30,[19:15-19:30[,S,F,F,C,C,113.30,113.30
09/08/2024,19:45,[19:30-19:45[,S,F,F,P,C,113.30,113.30
09/08/2024,20:00,[19:45-20:00[,S,F,F,P,C,113.30,113.30
09/08/2024,20:15,[20:00-20:15[,S,F,F,P,C,127.71,127.71
09/08/2024,20:30,[20:15-20:30[,S,F,F,P,C,127.71,127.71
09/08/2024,20:45,[20:30-20:45[,S,F,F,P,C,127.71,127.71
09/08/2024,21:00,[20:45-21:00[,S,F,F,P,C,127.71,127.71
09/08/2024,21:15,[21:00-21:15[,S,F,F,C,C,120.33,120.33
09/08/2024,21:30,[21:15-21:30[,S,F,F,C,C,120.33,120.33
09/08/2024,21:45,[21:30-21:45[,S,F,F,C,C,120.33,120.33
09/08/2024,22:00,[21:45-22:00[,S,F,F,C,C,120.33,120.33
09/08/2024,22:15,[22:00-22:15[,S,V,F,V,C,111.20,111.20
09/08/2024,22:30,[22:15-22:30[,S,V,F,V,C,111.20,111.20
09/08/2024,22:45,[22:30-22:45[,S,V,F,V,C,111.20,111.20
09/08/2024,23:00,[22:45-23:00[,S,V,F,V,C,111.20,111.20
09/08/2024,23:15,[23:00-23:15[,S,V,F,V,C,109.56,109.56
09/08/2024,23:30,[23:15-23:30[,S,V,F,V,C,109.56,109.56
09/08/2024,23:45,[23:30-23:45[,S,V,F,V,C,109.56,109.56
09/08/2024,23:59,[23:45-00:00[,S,V,F,V,C,109.56,109.56
10/08/2024,00:15,[00:00-00:15[,S,V,V,V,V,105.00,105.00
10/08/2024,00:30,[00:15-00:30[,S,V,V,V,V,105.00,105.00
10/08/2024,00:45,[00:30-00:45[,S,V,V,V,V,105.00,105.00
10/08/2024,01:00,[00:45-01:00[,S,V,V,V,V,105.00,105.00
10/08/2024,01:15,[01:00-01:15[,S,V,V,V,V,99.00,99.00
10/08/2024,01:30,[01:15-01:30[,S,V,V,V,V,99.00,99.00
10/08/2024,01:45,[01:30-01:45[,S,V,V,V,V,99.00,99.00
10/08/2024,02:00,[01:45-02:00[,S,V,V,V,V,99.00,99.00
10/08/2024,02:15,[02:00-02:15[,S,V,V,V,V,117.75,117.75
10/08/2024,02:30,[02:15-02:30[,S,V,V,V,V,117.75,117.75
10/08/2024,02:45,[02:30-02:45[,S,V,V,V,V,117.75,117.75
10/08/2024,03:00,[02:45-03:00[,S,V,V,V,V,117.75,117.75
10/08/2024,03:15,[03:00-03:15[,S,V,V,V,V,115.01,115.01
10/08/2024,03:30,[03:15-03:30[,S,V,V,V,V,115.01,115.01
10/08/2024,03:45,[03:30-03:45[,S,V,V,V,V,115.01,115.01
10/08/2024,04:00,[03:45-04:00[,S,V,V,V,V,115.01,115.01
10/08/2024,04:15,[04:00-04:15[,S,V,V,V,V,115.43,115.43
10/08/2024,04:30,[04:15-04:30[,S,V,V,V,V,115.43,115.43
10/08/2024,04:45,[04:30-04:45[,S,V,V,V,V,115.43,115.43
10/08/2024,05:00,[04:45-05:00[,S,V,V,V,V,115.43,115.43
10/08/2024,05:15,[05:00-05:15[,S,V,V,V,V,116.93,116.93
10/08/2024,05:30,[05:15-05:30[,S,V,V,V,V,116.93,116.93
10/08/2024,05:45,[05:30-05:45[,S,V,V,V,V,116.93,116.93
10/08/2024,06:00,[05:45-06:00[,S,V,V,V,V,116.93,116.93
10/08/2024,06:15,[06:00-06:15[,S,V,V,V,V,117.89,117.89
10/08/2024,06:30,[06:15-06:30[,S,V,V,V,V,117.89,117.89
10/08/2024,06:45,[06:30-06:45[,S,V,V,V,V,117.89,117.89
10/08/2024,07:00,[06:45-07:00[,S,V,V,V,V,117.89,117.89
10/08/2024,07:15,[07:00-07:15[,S,V,V,V,V,113.30,113.30
10/08/2024,07:30,[07:15-07:30[,S,V,V,V,V,113.30,113.30
10/08/2024,07:45,[07:30-07:45[,S,V,V,V,V,113.30,113.30
10/08/2024,08:00,[07:45-08:00[,S,V,V,V,V,113.30,113.30
10/08/2024,08:15,[08:00-08:15[,S,F,V,C,V,68.99,68.99
10/08/2024,08:30,[08:15-08:30[,S,F,V,C,V,68.99,68.99
10/08/2024,08:45,[08:30-08:45[,S,F,V,C,V,68.99,68.99
10/08/2024,09:00,[08:45-09:00[,S,F,V,C,V,68.99,68.99
10/08/2024,09:15,[09:00-09:15[,S,F,F,C,C,12.55,12.55
10/08/2024,09:30,[09:15-09:30[,S,F,F,C,C,12.55,12.55
10/08/2024,09:45,[09:30-09:45[,S,F,F,C,C,12.55,12.55
10/08/2024,10:00,[09:45-10:00[,S,F,F,C,C,12.55,12.55
10/08/2024,10:15,[10:00-10:15[,S,F,F,C,C,0.44,0.44
10/08/2024,10:30,[10:15-10:30[,S,F,F,C,C,0.44,0.44
10/08/2024,10:45,[10:30-10:45[,S,F,F,P,C,0.44,0.44
10/08/2024,11:00,[10:45-11:00[,S,F,F,P,C,0.44,0.44
10/08/2024,11:15,[11:00-11:15[,S,F,F,P,C,0.44,0.44
10/08/2024,11:30,[11:15-11:30[,S,F,F,P,C,0.44,0.44
10/08/2024,11:45,[11:30-11:45[,S,F,F,P,C,0.44,0.44
10/08/2024,12:00,[11:45-12:00[,S,F,F,P,C,0.44,0.44
10/08/2024,12:15,[12:00-12:15[,S,F,F,P,C,1.90,1.90
10/08/2024,12:30,[12:15-12:30[,S,F,F,P,C,1.90,1.90
10/08/2024,12:45,[12:30-12:45[,S,F,F,P,C,1.90,1.90
10/08/2024,13:00,[12:45-13:00[,S,F,F,P,C,1.90,1.90
10/08/2024,13:15,[13:00-13:15[,S,F,F,C,C,2.40,2.40
10/08/2024,13:30,[13:15-13:30[,S,F,F,C,C,2.40,2.40
10/08/2024,13:45,[13:30-13:45[,S,F,F,C,C,2.40,2.40
10/08/2024,14:00,[13:45-14:00[,S,F,F,C,C,2.40,2.40
10/08/2024,14:15,[14:00-14:15[,S,F,V,C,V,0.45,0.45
10/08/2024,14:30,[14:15-14:30[,S,F,V,C,V,0.45,0.45
10/08/2024,14:45,[14:30-14:45[,S,F,V,C,V,0.45,0.45
10/08/2024,15:00,[14:45-15:00[,S,F,V,C,V,0.45,0.45
10/08/2024,15:15,[15:00-15:15[,S,F,V,C,V,0.45,0.45
10/08/2024,15:30,[15:15-15:30[,S,F,V,C,V,0.45,0.45
10/08/2024,15:45,[15:30-15:45[,S,F,V,C,V,0.45,0.45
10/08/2024,16:00,[15:45-16:00[,S,F,V,C,V,0.45,0.45
10/08/2024,16:15,[16:00-16:15[,S,F,V,C,V,3.32,3.32
10/08/2024,16:30,[16:15-16:30[,S,F,V,C,V,3.32,3.32
10/08/2024,16:45,[16:30-16:45[,S,F,V,C,V,3.32,3.32
10/08/2024,17:00,[16:45-17:00[,S,F,V,C,V,3.32,3.32
10/08/2024,17:15,[17:00-17:15[,S,F,V,C,V,50.00,50.00
10/08/2024,17:30,[17:15-17:30[,S,F,V,C,V,50.00,50.00
10/08/2024,17:45,[17:30-17:45[,S,F,V,C,V,50.00,50.00
10/08/2024,18:00,[17:45-18:00[,S,F,V,C,V,50.00,50.00
10/08/2024,18:15,[18:00-18:15[,S,F,V,C,V,81.67,81.67
10/08/2024,18:30,[18:15-18:30[,S,F,V,C,V,81.67,81.67
10/08/2024,18:45,[18:30-18:45[,S,F,V,C,V,81.67,81.67
10/08/2024,19:00,[18:45-19:00[,S,F,V,C,V,81.67,81.67
10/08/2024,19:15,[19:00-19:15[,S,F,V,C,V,115.43,115.43
10/08/2024,19:30,[19:15-19:30[,S,F,V,C,V,115.43,115.43
10/08/2024,19:45,[19:30-19:45[,S,F,V,P,V,115.43,115.43
10/08/2024,20:00,[19:45-20:00[,S,F,V,P,V,115.43,115.43
10/08/2024,20:15,[20:00-20:15[,S,F,F,P,C,127.57,127.57
10/08/2024,20:30,[20:15-20:30[,S,F,F,P,C,127.57,127.57
10/08/2024,20:45,[20:30-20:45[,S,F,F,P,C,127.57,127.57
10/08/2024,21:00,[20:45-21:00[,S,F,F,P,C,127.57,127.57
10/08/2024,21:15,[21:00-21:15[,S,F,F,C,C,124.29,124.29
10/08/2024,21:30,[21:15-21:30[,S,F,F,C,C,124.29,124.29
10/08/2024,21:45,[21:30-21:45[,S,F,F,C,C,124.29,124.29
10/08/2024,22:00,[21:45-22:00[,S,F,F,C,C,124.29,124.29
10/08/2024,22:15,[22:00-22:15[,S,V,V,V,V,112.82,112.82
10/08/2024,22:30,[22:15-22:30[,S,V,V,V,V,112.82,112.82
10/08/2024,22:45,[22:30-22:45[,S,V,V,V,V,112.82,112.82
10/08/2024,23:00,[22:45-23:00[,S,V,V,V,V,112.82,112.82
10/08/2024,23:15,[23:00-23:15[,S,V,V,V,V,119.20,119.20
10/08/2024,23:30,[23:15-23:30[,S,V,V,V,V,119.20,119.20
10/08/2024,23:45,[23:30-23:45[,S,V,V,V,V,119.20,119.20
10/08/2024,23:59,[23:45-00:00[,S,V,V,V,V,119.20,119.20
11/08/2024,00:15,[00:00-00:15[,S,V,V,V,V,116.70,116.70
11/08/2024,00:30,[00:15-00:30[,S,V,V,V,V,116.70,116.70
11/08/2024,00:45,[00:30-00:45[,S,V,V,V,V,116.70,116.70
11/08/2024,01:00,[00:45-01:00[,S,V,V,V,V,116.70,116.70
11/08/2024,01:15,[01:00-01:15[,S,V,V,V,V,105.00,105.00
11/08/2024,01:30,[01:15-01:30[,S,V,V,V,V,105.00,105.00
11/08/2024,01:45,[01:30-01:45[,S,V,V,V,V,105.00,105.00
11/08/2024,02:00,[01:45-02:00[,S,V,V,V,V,105.00,105.00
11/08/2024,02:15,[02:00-02:15[,S,V,V,V,V,109.74,109.74
11/08/2024,02:30,[02:15-02:30[,S,V,V,V,V,109.74,109.74
11/08/2024,02:45,[02:30-02:45[,S,V,V,V,V,109.74,109.74
11/08/2024,03:00,[02:45-03:00[,S,V,V,V,V,109.74,109.74
11/08/2024,03:15,[03:00-03:15[,S,V,V,V,V,108.11,108.11
11/08/2024,03:30,[03:15-03:30[,S,V,V,V,V,108.11,108.11
11/08/2024,03:45,[03:30-03:45[,S,V,V,V,V,108.11,108.11
11/08/2024,04:00,[03:45-04:00[,S,V,V,V,V,108.11,108.11
11/08/2024,04:15,[04:00-04:15[,S,V,V,V,V,110.00,110.00
11/08/2024,04:30,[04:15-04:30[,S,V,V,V,V,110.00,110.00
11/08/2024,04:45,[04:30-04:45[,S,V,V,V,V,110.00,110.00
11/08/2024,05:00,[04:45-05:00[,S,V,V,V,V,110.00,110.00
11/08/2024,05:15,[05:00-05:15[,S,V,V,V,V,113.20,113.20
11/08/2024,05:30,[05:15-05:30[,S,V,V,V,V,113.20,113.20
11/08/2024,05:45,[05:30-05:45[,S,V,V,V,V,113.20,113.20
11/08/2024,06:00,[05:45-06:00[,S,V,V,V,V,113.20,113.20
11/08/2024,06:15,[06:00-06:15[,S,V,V,V,V,110.00,110.00
11/08/2024,06:30,[06:15-06:30[,S,V,V,V,V,110.00,110.00
11/08/2024,06:45,[06:30-06:45[,S,V,V,V,V,110.00,110.00
11/08/2024,07:00,[06:45-07:00[,S,V,V,V,V,110.00,110.00
11/08/2024,07:15,[07:00-07:15[,S,V,V,V,V,94.50,94.50
11/08/2024,07:30,[07:15-07:30[,S,V,V,V,V,94.50,94.50
11/08/2024,07:45,[07:30-07:45[,S,V,V,V,V,94.50,94.50
11/08/2024,08:00,[07:45-08:00[,S,V,V,V,V,94.50,94.50
11/08/2024,08:15,[08:00-08:15[,S,F,V,C,V,50.00,50.00
11/08/2024,08:30,[08:15-08:30[,S,F,V,C,V,50.00,50.00
11/08/2024,08:45,[08:30-08:45[,S,F,V,C,V,50.00,50.00
11/08/2024,09:00,[08:45-09:00[,S,F,V,C,V,50.00,50.00
11/08/2024,09:15,[09:00-09:15[,S,F,V,C,V,0.00,0.00
11/08/2024,09:30,[09:15-09:30[,S,F,V,C,V,0.00,0.00
11/08/2024,09:45,[09:30-09:45[,S,F,V,C,V,0.00,0.00
11/08/2024,10:00,[09:45-10:00[,S,F,V,C,V,0.00,0.00
11/08/2024,10:15,[10:00-10:15[,S,F,V,C,V,0.00,0.00
11/08/2024,10:30,[10:15-10:30[,S,F,V,C,V,0.00,0.00
11/08/2024,10:45,[10:30-10:45[,S,F,V,P,V,0.00,0.00
11/08/2024,11:00,[10:45-11:00[,S,F,V,P,V,0.00,0.00
11/08/2024,11:15,[11:00-11:15[,S,F,V,P,V,0.00,0.00
11/08/2024,11:30,[11:15-11:30[,S,F,V,P,V,0.00,0.00
11/08/2024,11:45,[11:30-11:45[,S,F,V,P,V,0.00,0.00
11/08/2024,12:00,[11:45-12:00[,S,F,V,P,V,0.00,0.00
11/08/2024,12:15,[12:00-12:15[,S,F,V,P,V,0.00,0.00
11/08/2024,12:30,[12:15-12:30[,S,F,V,P,V,0.00,0.00
11/08/2024,12:45,[12:30-12:45[,S,F,V,P,V,0.00,0.00
11/08/2024,13:00,[12:45-13:00[,S,F,V,P,V,0.00,0.00
11/08/2024,13:15,[13:00-13:15[,S,F,V,C,V,0.00,0.00
11/08/2024,13:30,[13:15-13:30[,S,F,V,C,V,0.00,0.00
11/08/2024,13:45,[13:30-13:45[,S,F,V,C,V,0.00,0.00
11/08/2024,14:00,[13:45-14:00[,S,F,V,C,V,0.00,0.00
11/08/2024,14:15,[14:00-14:15[,S,F,V,C,V,0.00,0.00
11/08/2024,14:30,[14:15-14:30[,S,F,V,C,V,0.00,0.00
11/08/2024,14:45,[14:30-14:45[,S,F,V,C,V,0.00,0.00
11/08/2024,15:00,[14:45-15:00[,S,F,V,C,V,0.00,0.00
11/08/2024,15:15,[15:00-15:15[,S,F,V,C,V,0.00,0.00
11/08/2024,15:30,[15:15-15:30[,S,F,V,C,V,0.00,0.00
11/08/2024,15:45,[15:30-15:45[,S,F,V,C,V,0.00,0.00
11/08/2024,16:00,[15:45-16:00[,S,F,V,C,V,0.00,0.00
11/08/2024,16:15,[16:00-16:15[,S,F,V,C,V,4.12,4.12
11/08/2024,16:30,[16:15-16:30[,S,F,V,C,V,4.12,4.12
11/08/2024,16:45,[16:30-16:45[,S,F,V,C,V,4.12,4.12
11/08/2024,17:00,[16:45-17:00[,S,F,V,C,V,4.12,4.12
11/08/2024,17:15,[17:00-17:15[,S,F,V,C,V,36.42,36.42
11/08/2024,17:30,[17:15-17:30[,S,F,V,C,V,36.42,36.42
11/08/2024,17:45,[17:30-17:45[,S,F,V,C,V,36.42,36.42
11/08/2024,18:00,[17:45-18:00[,S,F,V,C,V,36.42,36.42
11/08/2024,18:15,[18:00-18:15[,S,F,V,C,V,80.54,80.54
11/08/2024,18:30,[18:15-18:30[,S,F,V,C,V,80.54,80.54
11/08/2024,18:45,[18:30-18:45[,S,F,V,C,V,80.54,80.54
11/08/2024,19:00,[18:45-19:00[,S,F,V,C,V,80.54,80.54
11/08/2024,19:15,[19:00-19:15[,S,F,V,C,V,116.34,116.34
11/08/2024,19:30,[19:15-19:30[,S,F,V,C,V,116.34,116.34
11/08/2024,19:45,[19:30-19:45[,S,F,V,P,V,116.34,116.34
11/08/2024,20:00,[19:45-20:00[,S,F,V,P,V,116.34,116.34
11/08/2024,20:15,[20:00-20:15[,S,F,V,P,V,128.58,128.58
11/08/2024,20:30,[20:15-20:30[,S,F,V,P,V,128.58,128.58
11/08/2024,20:45,[20:30-20:45[,S,F,V,P,V,128.58,128.58
11/08/2024,21:00,[20:45-21:00[,S,F,V,P,V,128.58,128.58
11/08/2024,21:15,[21:00-21:15[,S,F,V,C,V,136.29,136.29
11/08/2024,21:30,[21:15-21:30[,S,F,V,C,V,136.29,136.29
11/08/2024,21:45,[21:30-21:45[,S,F,V,C,V,136.29,136.29
11/08/2024,22:00,[21:45-22:00[,S,F,V,C,V,136.29,136.29
11/08/2024,22:15,[22:00-22:15[,S,V,V,V,V,122.60,122.60
11/08/2024,22:30,[22:15-22:30[,S,V,V,V,V,122.60,122.60
11/08/2024,22:45,[22:30-22:45[,S,V,V,V,V,122.60,122.60
11/08/2024,23:00,[22:45-23:00[,S,V,V,V,V,122.60,122.60
11/08/2024,23:15,[23:00-23:15[,S,V,V,V,V,114.70,114.70
11/08/2024,23:30,[23:15-23:30[,S,V,V,V,V,114.70,114.70
11/08/2024,23:45,[23:30-23:45[,S,V,V,V,V,114.70,114.70
11/08/2024,23:59,[23:45-00:00[,S,V,V,V,V,114.70,114.70
12/08/2024,00:15,[00:00-00:15[,S,V,V,V,V,107.00,107.00
12/08/2024,00:30,[00:15-00:30[,S,V,V,V,V,107.00,107.00
12/08/2024,00:45,[00:30-00:45[,S,V,V,V,V,107.00,107.00
12/08/2024,01:00,[00:45-01:00[,S,V,V,V,V,107.00,107.00
12/08/2024,01:15,[01:00-01:15[,S,V,V,V,V,104.00,104.00
12/08/2024,01:30,[01:15-01:30[,S,V,V,V,V,104.00,104.00
12/08/2024,01:45,[01:30-01:45[,S,V,V,V,V,104.00,104.00
12/08/2024,02:00,[01:45-02:00[,S,V,V,V,V,104.00,104.00
12/08/2024,02:15,[02:00-02:15[,S,V,V,V,V,110.00,110.00
12/08/2024,02:30,[02:15-02:30[,S,V,V,V,V,110.00,110.00
12/08/2024,02:45,[02:30-02:45[,S,V,V,V,V,110.00,110.00
12/08/2024,03:00,[02:45-03:00[,S,V,V,V,V,110.00,110.00
12/08/2024,03:15,[03:00-03:15[,S,V,V,V,V,110.10,110.10
12/08/2024,03:30,[03:15-03:30[,S,V,V,V,V,110.10,110.10
12/08/2024,03:45,[03:30-03:45[,S,V,V,V,V,110.10,110.10
12/08/2024,04:00,[03:45-04:00[,S,V,V,V,V,110.10,110.10
12/08/2024,04:15,[04:00-04:15[,S,V,V,V,V,119.26,119.26
12/08/2024,04:30,[04:15-04:30[,S,V,V,V,V,119.26,119.26
12/08/2024,04:45,[04:30-04:45[,S,V,V,V,V,119.26,119.26
12/08/2024,05:00,[04:45-05:00[,S,V,V,V,V,119.26,119.26
12/08/2024,05:15,[05:00-05:15[,S,V,V,V,V,120.34,120.34
12/08/2024,05:30,[05:15-05:30[,S,V,V,V,V,120.34,120.34
12/08/2024,05:45,[05:30-05:45[,S,V,V,V,V,120.34,120.34
12/08/2024,06:00,[05:45-06:00[,S,V,V,V,V,120.34,120.34
12/08/2024,06:15,[06:00-06:15[,S,V,V,V,V,128.22,128.22
12/08/2024,06:30,[06:15-06:30[,S,V,V,V,V,128.22,128.22
12/08/2024,06:45,[06:30-06:45[,S,V,V,V,V,128.22,128.22
12/08/2024,07:00,[06:45-07:00[,S,V,V,V,V,128.22,128.22
12/08/2024,07:15,[07:00-07:15[,S,V,F,V,C,120.82,120.82
12/08/2024,07:30,[07:15-07:30[,S,V,F,V,C,120.82,120.82
12/08/2024,07:45,[07:30-07:45[,S,V,F,V,C,120.82,120.82
12/08/2024,08:00,[07:45-08:00[,S,V,F,V,C,120.82,120.82
12/08/2024,08:15,[08:00-08:15[,S,F,F,C,C,116.45,116.45
12/08/2024,08:30,[08:15-08:30[,S,F,F,C,C,116.45,116.45
12/08/2024,08:45,[08:30-08:45[,S,F,F,C,C,116.45,116.45
12/08/2024,09:00,[08:45-09:00[,S,F,F,C,C,116.45,116.45
12/08/2024,09:15,[09:00-09:15[,S,F,F,C,C,97.50,97.50
12/08/2024,09:30,[09:15-09:30[,S,F,F,C,P,97.50,97.50
12/08/2024,09:45,[09:30-09:45[,S,F,F,C,P,97.50,97.50
12/08/2024,10:00,[09:45-10:00[,S,F,F,C,P,97.50,97.50
12/08/2024,10:15,[10:00-10:15[,S,F,F,C,P,83.18,83.18
12/08/2024,10:30,[10:15-10:30[,S,F,F,C,P,83.18,83.18
12/08/2024,10:45,[10:30-10:45[,S,F,F,P,P,83.18,83.18
12/08/2024,11:00,[10:45-11:00[,S,F,F,P,P,83.18,83.18
12/08/2024,11:15,[11:00-11:15[,S,F,F,P,P,81.99,81.99
12/08/2024,11:30,[11:15-11:30[,S,F,F,P,P,81.99,81.99
12/08/2024,11:45,[11:30-11:45[,S,F,F,P,P,81.99,81.99
12/08/2024,12:00,[11:45-12:00[,S,F,F,P,P,81.99,81.99
12/08/2024,12:15,[12:00-12:15[,S,F,F,P,P,82.00,82.00
12/08/2024,12:30,[12:15-12:30[,S,F,F,P,C,82.00,82.00
12/08/2024,12:45,[12:30-12:45[,S,F,F,P,C,82.00,82.00
12/08/2024,13:00,[12:45-13:00[,S,F,F,P,C,82.00,82.00
12/08/2024,13:15,[13:00-13:15[,S,F,F,C,C,81.80,81.80
12/08/2024,13:30,[13:15-13:30[,S,F,F,C,C,81.80,81.80
12/08/2024,13:45,[13:30-13:45[,S,F,F,C,C,81.80,81.80
12/08/2024,14:00,[13:45-14:00[,S,F,F,C,C,81.80,81.80
12/08/2024,14:15,[14:00-14:15[,S,F,F,C,C,81.28,81.28
12/08/2024,14:30,[14:15-14:30[,S,F,F,C,C,81.28,81.28
12/08/2024,14:45,[14:30-14:45[,S,F,F,C,C,81.28,81.28
12/08/2024,15:00,[14:45-15:00[,S,F,F,C,C,81.28,81.28
12/08/2024,15:15,[15:00-15:15[,S,F,F,C,C,80.10,80.10
12/08/2024,15:30,[15:15-15:30[,S,F,F,C,C,80.10,80.10
12/08/2024,15:45,[15:30-15:45[,S,F,F,C,C,80.10,80.10
12/08/2024,16:00,[15:45-16:00[,S,F,F,C,C,80.10,80.10
12/08/2024,16:15,[16:00-16:15[,S,F,F,C,C,82.10,82.10
12/08/2024,16:30,[16:15-16:30[,S,F,F,C,C,82.10,82.10
12/08/2024,16:45,[16:30-16:45[,S,F,F,C,C,82.10,82.10
12/08/2024,17:00,[16:45-17:00[,S,F,F,C,C,82.10,82.10
12/08/2024,17:15,[17:00-17:15[,S,F,F,C,C,90.57,90.57
12/08/2024,17:30,[17:15-17:30[,S,F,F,C,C,90.57,90.57
12/08/2024,17:45,[17:30-17:45[,S,F,F,C,C,90.57,90.57
12/08/2024,18:00,[17:45-18:00[,S,F,F,C,C,90.57,90.57
12/08/2024,18:15,[18:00-18:15[,S,F,F,C,C,117.15,117.15
12/08/2024,18:30,[18:15-18:30[,S,F,F,C,C,117.15,117.15
12/08/2024,18:45,[18:30-18:45[,S,F,F,C,C,117.15,117.15
12/08/2024,19:00,[18:45-19:00[,S,F,F,C,C,117.15,117.15
12/08/2024,19:15,[19:00-19:15[,S,F,F,C,C,124.95,124.95
12/08/2024,19:30,[19:15-19:30[,S,F,F,C,C,124.95,124.95
12/08/2024,19:45,[19:30-19:45[,S,F,F,P,C,124.95,124.95
12/08/2024,20:00,[19:45-20:00[,S,F,F,P,C,124.95,124.95
12/08/2024,20:15,[20:00-20:15[,S,F,F,P,C,136.13,136.13
12/08/2024,20:30,[20:15-20:30[,S,F,F,P,C,136.13,136.13
12/08/2024,20:45,[20:30-20:45[,S,F,F,P,C,136.13,136.13
12/08/2024,21:00,[20:45-21:00[,S,F,F,P,C,136.13,136.13
12/08/2024,21:15,[21:00-21:15[,S,F,F,C,C,128.72,128.72
12/08/2024,21:30,[21:15-21:30[,S,F,F,C,C,128.72,128.72
12/08/2024,21:45,[21:30-21:45[,S,F,F,C,C,128.72,128.72
12/08/2024,22:00,[21:45-22:00[,S,F,F,C,C,128.72,128.72
12/08/2024,22:15,[22:00-22:15[,S,V,F,V,C,121.06,121.06
12/08/2024,22:30,[22:15-22:30[,S,V,F,V,C,121.06,121.06
12/08/2024,22:45,[22:30-22:45[,S,V,F,V,C,121.06,121.06
12/08/2024,23:00,[22:45-23:00[,S,V,F,V,C,121.06,121.06
12/08/2024,23:15,[23:00-23:15[,S,V,F,V,C,116.10,116.10
12/08/2024,23:30,[23:15-23:30[,S,V,F,V,C,116.10,116.10
12/08/2024,23:45,[23:30-23:45[,S,V,F,V,C,116.10,116.10
12/08/2024,23:59,[23:45-00:00[,S,V,F,V,C,116.10,116.10
13/08/2024,00:15,[00:00-00:15[,S,V,V,V,V,115.00,115.00
13/08/2024,00:30,[00:15-00:30[,S,V,V,V,V,115.00,115.00
13/08/2024,00:45,[00:30-00:45[,S,V,V,V,V,115.00,115.00
13/08/2024,01:00,[00:45-01:00[,S,V,V,V,V,115.00,115.00
13/08/2024,01:15,[01:00-01:15[,S,V,V,V,V,110.00,110.00
13/08/2024,01:30,[01:15-01:30[,S,V,V,V,V,110.00,110.00
13/08/2024,01:45,[01:30-01:45[,S,V,V,V,V,110.00,110.00
13/08/2024,02:00,[01:45-02:00[,S,V,V,V,V,110.00,110.00
13/08/2024,02:15,[02:00-02:15[,S,V,V,V,V,115.92,115.92
13/08/2024,02:30,[02:15-02:30[,S,V,V,V,V,115.92,115.92
13/08/2024,02:45,[02:30-02:45[,S,V,V,V,V,115.92,115.92
13/08/2024,03:00,[02:45-03:00[,S,V,V,V,V,115.92,115.92
13/08/2024,03:15,[03:00-03:15[,S,V,V,V,V,113.20,113.20
13/08/2024,03:30,[03:15-03:30[,S,V,V,V,V,113.20,113.20
13/08/2024,03:45,[03:30-03:45[,S,V,V,V,V,113.20,113.20
13/08/2024,04:00,[03:45-04:00[,S,V,V,V,V,113.20,113.20
13/08/2024,04:15,[04:00-04:15[,S,V,V,V,V,110.00,110.00
13/08/2024,04:30,[04:15-04:30[,S,V,V,V,V,110.00,110.00
13/08/2024,04:45,[04:30-04:45[,S,V,V,V,V,110.00,110.00
13/08/2024,05:00,[04:45-05:00[,S,V,V,V,V,110.00,110.00
13/08/2024,05:15,[05:00-05:15[,S,V,V,V,V,116.10,116.10
13/08/2024,05:30,[05:15-05:30[,S,V,V,V,V,116.10,116.10
13/08/2024,05:45,[05:30-05:45[,S,V,V,V,V,116.10,116.10
13/08/2024,06:00,[05:45-06:00[,S,V,V,V,V,116.10,116.10
13/08/2024,06:15,[06:00-06:15[,S,V,V,V,V,125.50,125.50
13/08/2024,06:30,[06:15-06:30[,S,V,V,V,V,125.50,125.50
13/08/2024,06:45,[06:30-06:45[,S,V,V,V,V,125.50,125.50
13/08/2024,07:00,[06:45-07:00[,S,V,V,V,V,125.50,125.50
13/08/2024,07:15,[07:00-07:15[,S,V,F,V,C,117.89,117.89
13/08/2024,07:30,[07:15-07:30[,S,V,F,V,C,117.89,117.89
13/08/2024,07:45,[07:30-07:45[,S,V,F,V,C,117.89,117.89
13/08/2024,08:00,[07:45-08:00[,S,V,F,V,C,117.89,117.89
13/08/2024,08:15,[08:00-08:15[,S,F,F,C,C,104.88,104.88
13/08/2024,08:30,[08:15-08:30[,S,F,F,C,C,104.88,104.88
13/08/2024,08:45,[08:30-08:45[,S,F,F,C,C,104.88,104.88
13/08/2024,09:00,[08:45-09:00[,S,F,F,C,C,104.88,104.88
13/08/2024,09:15,[09:00-09:15[,S,F,F,C,C,106.51,106.51
13/08/2024,09:30,[09:15-09:30[,S,F,F,C,P,106.51,106.51
13/08/2024,09:45,[09:30-09:45[,S,F,F,C,P,106.51,106.51
13/08/2024,10:00,[09:45-10:00[,S,F,F,C,P,106.51,106.51
13/08/2024,10:15,[10:00-10:15[,S,F,F,C,P,96.00,96.00
13/08/2024,10:30,[10:15-10:30[,S,F,F,C,P,96.00,96.00
13/08/2024,10:45,[10:30-10:45[,S,F,F,P,P,96.00,96.00
13/08/2024,11:00,[10:45-11:00[,S,F,F,P,P,96.00,96.00
13/08/2024,11:15,[11:00-11:15[,S,F,F,P,P,90.00,90.00
13/08/2024,11:30,[11:15-11:30[,S,F,F,P,P,90.00,90.00
13/08/2024,11:45,[11:30-11:45[,S,F,F,P,P,90.00,90.00
13/08/2024,12:00,[11:45-12:00[,S,F,F,P,P,90.00,90.00
13/08/2024,12:15,[12:00-12:15[,S,F,F,P,P,88.00,88.00
13/08/2024,12:30,[12:15-12:30[,S,F,F,P,C,88.00,88.00
13/08/2024,12:45,[12:30-12:45[,S,F,F,P,C,88.00,88.00
13/08/2024,13:00,[12:45-13:00[,S,F,F,P,C,88.00,88.00
13/08/2024,13:15,[13:00-13:15[,S,F,F,C,C,85.00,85.00
13/08/2024,13:30,[13:15-13:30[,S,F,F,C,C,85.00,85.00
13/08/2024,13:45,[13:30-13:45[,S,F,F,C,C,85.00,85.00
13/08/2024,14:00,[13:45-14:00[,S,F,F,C,C,85.00,85.00
13/08/2024,14:15,[14:00-14:15[,S,F,F,C,C,81.39,81.39
13/08/2024,14:30,[14:15-14:30[,S,F,F,C,C,81.39,81.39
13/08/2024,14:45,[14:30-14:45[,S,F,F,C,C,81.39,81.39
13/08/2024,15:00,[14:45-15:00[,S,F,F,C,C,81.39,81.39
13/08/2024,15:15,[15:00-15:15[,S,F,F,C,C,80.05,80.05
13/08/2024,15:30,[15:15-15:30[,S,F,F,C,C,80.05,80.05
13/08/2024,15:45,[15:30-15:45[,S,F,F,C,C,80.05,80.05
13/08/2024,16:00,[15:45-16:00[,S,F,F,C,C,80.05,80.05
13/08/2024,16:15,[16:00-16:15[,S,F,F,C,C,84.50,84.50
13/08/2024,16:30,[16:15-16:30[,S,F,F,C,C,84.50,84.50
13/08/2024,16:45,[16:30-16:45[,S,F,F,C,C,84.50,84.50
13/08/2024,17:00,[16:45-17:00[,S,F,F,C,C,84.50,84.50
13/08/2024,17:15,[17:00-17:15[,S,F,F,C,C,96.02,96.02
13/08/2024,17:30,[17:15-17:30[,S,F,F,C,C,96.02,96.02
13/08/2024,17:45,[17:30-17:45[,S,F,F,C,C,96.02,96.02
13/08/2024,18:00,[17:45-18:00[,S,F,F,C,C,96.02,96.02
13/08/2024,18:15,[18:00-18:15[,S,F,F,C,C,101.51,101.51
13/08/2024,18:30,[18:15-18:30[,S,F,F,C,C,101.51,101.51
13/08/2024,18:45,[18:30-18:45[,S,F,F,C,C,101.51,101.51
13/08/2024,19:00,[18:45-19:00[,S,F,F,C,C,101.51,101.51
13/08/2024,19:15,[19:00-19:15[,S,F,F,C,C,118.71,118.71
13/08/2024,19:30,[19:15-19:30[,S,F,F,C,C,118.71,118.71
13/08/2024,19:45,[19:30-19:45[,S,F,F,P,C,118.71,118.71
13/08/2024,20:00,[19:45-20:00[,S,F,F,P,C,118.71,118.71
13/08/2024,20:15,[20:00-20:15[,S,F,F,P,C,130.48,130.48
13/08/2024,20:30,[20:15-20:30[,S,F,F,P,C,130.48,130.48
13/08/2024,20:45,[20:30-20:45[,S,F,F,P,C,130.48,130.48
13/08/2024,21:00,[20:45-21:00[,S,F,F,P,C,130.48,130.48
13/08/2024,21:15,[21:00-21:15[,S,F,F,C,C,129.20,129.20
13/08/2024,21:30,[21:15-21:30[,S,F,F,C,C,129.20,129.20
13/08/2024,21:45,[21:30-21:45[,S,F,F,C,C,129.20,129.20
13/08/2024,22:00,[21:45-22:00[,S,F,F,C,C,129.20,129.20
13/08/2024,22:15,[22:00-22:15[,S,V,F,V,C,120.96,120.96
13/08/2024,22:30,[22:15-22:30[,S,V,F,V,C,120.96,120.96
13/08/2024,22:45,[22:30-22:45[,S,V,F,V,C,120.96,120.96
13/08/2024,23:00,[22:45-23:00[,S,V,F,V,C,120.96,120.96
13/08/2024,23:15,[23:00-23:15[,S,V,F,V,C,115.02,115.02
13/08/2024,23:30,[23:15-23:30[,S,V,F,V,C,115.02,115.02
13/08/2024,23:45,[23:30-23:45[,S,V,F,V,C,115.02,115.02
13/08/2024,23:59,[23:45-00:00[,S,V,F,V,C,115.02,115.02
14/08/2024,00:15,[00:00-00:15[,S,V,V,V,V,108.64,108.64
14/08/2024,00:30,[00:15-00:30[,S,V,V,V,V,108.64,108.64
14/08/2024,00:45,[00:30-00:45[,S,V,V,V,V,108.64,108.64
14/08/2024,01:00,[00:45-01:00[,S,V,V,V,V,108.64,108.64
14/08/2024,01:15,[01:00-01:15[,S,V,V,V,V,104.63,104.63
14/08/2024,01:30,[01:15-01:30[,S,V,V,V,V,104.63,104.63
14/08/2024,01:45,[01:30-01:45[,S,V,V,V,V,104.63,104.63
14/08/2024,02:00,[01:45-02:00[,S,V,V,V,V,104.63,104.63
14/08/2024,02:15,[02:00-02:15[,S,V,V,V,V,105.25,105.25
14/08/2024,02:30,[02:15-02:30[,S,V,V,V,V,105.25,105.25
14/08/2024,02:45,[02:30-02:45[,S,V,V,V,V,105.25,105.25
14/08/2024,03:00,[02:45-03:00[,S,V,V,V,V,105.25,105.25
14/08/2024,03:15,[03:00-03:15[,S,V,V,V,V,93.63,93.63
14/08/2024,03:30,[03:15-03:30[,S,V,V,V,V,93.63,93.63
14/08/2024,03:45,[03:30-03:45[,S,V,V,V,V,93.63,93.63
14/08/2024,04:00,[03:45-04:00[,S,V,V,V,V,93.63,93.63
14/08/2024,04:15,[04:00-04:15[,S,V,V,V,V,94.37,94.37
14/08/2024,04:30,[04:15-04:30[,S,V,V,V,V,94.37,94.37
14/08/2024,04:45,[04:30-04:45[,S,V,V,V,V,94.37,94.37
14/08/2024,05:00,[04:45-05:00[,S,V,V,V,V,94.37,94.37
14/08/2024,05:15,[05:00-05:15[,S,V,V,V,V,99.45,99.45
14/08/2024,05:30,[05:15-05:30[,S,V,V,V,V,99.45,99.45
14/08/2024,05:45,[05:30-05:45[,S,V,V,V,V,99.45,99.45
14/08/2024,06:00,[05:45-06:00[,S,V,V,V,V,99.45,99.45
14/08/2024,06:15,[06:00-06:15[,S,V,V,V,V,113.30,113.30
14/08/2024,06:30,[06:15-06:30[,S,V,V,V,V,113.30,113.30
14/08/2024,06:45,[06:30-06:45[,S,V,V,V,V,113.30,113.30
14/08/2024,07:00,[06:45-07:00[,S,V,V,V,V,113.30,113.30
14/08/2024,07:15,[07:00-07:15[,S,V,F,V,C,109.87,109.87
14/08/2024,07:30,[07:15-07:30[,S,V,F,V,C,109.87,109.87
14/08/2024,07:45,[07:30-07:45[,S,V,F,V,C,109.87,109.87
14/08/2024,08:00,[07:45-08:00[,S,V,F,V,C,109.87,109.87
14/08/2024,08:15,[08:00-08:15[,S,F,F,C,C,90.00,90.00
14/08/2024,08:30,[08:15-08:30[,S,F,F,C,C,90.00,90.00
14/08/2024,08:45,[08:30-08:45[,S,F,F,C,C,90.00,90.00
14/08/2024,09:00,[08:45-09:00[,S,F,F,C,C,90.00,90.00
14/08/2024,09:15,[09:00-09:15[,S,F,F,C,C,75.00,75.00
14/08/2024,09:30,[09:15-09:30[,S,F,F,C,P,75.00,75.00
14/08/2024,09:45,[09:30-09:45[,S,F,F,C,P,75.00,75.00
14/08/2024,10:00,[09:45-10:00[,S,F,F,C,P,75.00,75.00
14/08/2024,10:15,[10:00-10:15[,S,F,F,C,P,64.88,64.88
14/08/2024,10:30,[10:15-10:30[,S,F,F,C,P,64.88,64.88
14/08/2024,10:45,[10:30-10:45[,S,F,F,P,P,64.88,64.88
14/08/2024,11:00,[10:45-11:00[,S,F,F,P,P,64.88,64.88
14/08/2024,11:15,[11:00-11:15[,S,F,F,P,P,64.55,64.55
14/08/2024,11:30,[11:15-11:30[,S,F,F,P,P,64.55,64.55
14/08/2024,11:45,[11:30-11:45[,S,F,F,P,P,64.55,64.55
14/08/2024,12:00,[11:45-12:00[,S,F,F,P,P,64.55,64.55
14/08/2024,12:15,[12:00-12:15[,S,F,F,P,P,64.99,64.99
14/08/2024,12:30,[12:15-12:30[,S,F,F,P,C,64.99,64.99
14/08/2024,12:45,[12:30-12:45[,S,F,F,P,C,64.99,64.99
14/08/2024,13:00,[12:45-13:00[,S,F,F,P,C,64.99,64.99
14/08/2024,13:15,[13:00-13:15[,S,F,F,C,C,64.88,64.88
14/08/2024,13:30,[13:15-13:30[,S,F,F,C,C,64.88,64.88
14/08/2024,13:45,[13:30-13:45[,S,F,F,C,C,64.88,64.88
14/08/2024,14:00,[13:45-14:00[,S,F,F,C,C,64.88,64.88
14/08/2024,14:15,[14:00-14:15[,S,F,F,C,C,63.37,63.37
14/08/2024,14:30,[14:15-14:30[,S,F,F,C,C,63.37,63.37
14/08/2024,14:45,[14:30-14:45[,S,F,F,C,C,63.37,63.37
14/08/2024,15:00,[14:45-15:00[,S,F,F,C,C,63.37,63.37
14/08/2024,15:15,[15:00-15:15[,S,F,F,C,C,60.00,60.00
14/08/2024,15:30,[15:15-15:30[,S,F,F,C,C,60.00,60.00
14/08/2024,15:45,[15:30-15:45[,S,F,F,C,C,60.00,60.00
14/08/2024,16:00,[15:45-16:00[,S,F,F,C,C,60.00,60.00
14/08/2024,16:15,[16:00-16:15[,S,F,F,C,C,63.91,63.91
14/08/2024,16:30,[16:15-16:30[,S,F,F,C,C,63.91,63.91
14/08/2024,16:45,[16:30-16:45[,S,F,F,C,C,63.91,63.91
14/08/2024,17:00,[16:45-17:00[,S,F,F,C,C,63.91,63.91
14/08/2024,17:15,[17:00-17:15[,S,F,F,C,C,69.99,69.99
14/08/2024,17:30,[17:15-17:30[,S,F,F,C,C,69.99,69.99
14/08/2024,17:45,[17:30-17:45[,S,F,F,C,C,69.99,69.99
14/08/2024,18:00,[17:45-18:00[,S,F,F,C,C,69.99,69.99
14/08/2024,18:15,[18:00-18:15[,S,F,F,C,C,85.53,85.53
14/08/2024,18:30,[18:15-18:30[,S,F,F,C,C,85.53,85.53
14/08/2024,18:45,[18:30-18:45[,S,F,F,C,C,85.53,85.53
14/08/2024,19:00,[18:45-19:00[,S,F,F,C,C,85.53,85.53
14/08/2024,19:15,[19:00-19:15[,S,F,F,C,C,109.02,109.02
14/08/2024,19:30,[19:15-19:30[,S,F,F,C,C,109.02,109.02
14/08/2024,19:45,[19:30-19:45[,S,F,F,P,C,109.02,109.02
14/08/2024,20:00,[19:45-20:00[,S,F,F,P,C,109.02,109.02
14/08/2024,20:15,[20:00-20:15[,S,F,F,P,C,114.26,114.26
14/08/2024,20:30,[20:15-20:30[,S,F,F,P,C,114.26,114.26
14/08/2024,20:45,[20:30-20:45[,S,F,F,P,C,114.26,114.26
14/08/2024,21:00,[20:45-21:00[,S,F,F,P,C,114.26,114.26
14/08/2024,21:15,[21:00-21:15[,S,F,F,C,C,108.54,108.54
14/08/2024,21:30,[21:15-21:30[,S,F,F,C,C,108.54,108.54
14/08/2024,21:45,[21:30-21:45[,S,F,F,C,C,108.54,108.54
14/08/2024,22:00,[21:45-22:00[,S,F,F,C,C,108.54,108.54
14/08/2024,22:15,[22:00-22:15[,S,V,F,V,C,94.18,94.18
14/08/2024,22:30,[22:15-22:30[,S,V,F,V,C,94.18,94.18
14/08/2024,22:45,[22:30-22:45[,S,V,F,V,C,94.18,94.18
14/08/2024,23:00,[22:45-23:00[,S,V,F,V,C,94.18,94.18
14/08/2024,23:15,[23:00-23:15[,S,V,F,V,C,74.23,74.23
14/08/2024,23:30,[23:15-23:30[,S,V,F,V,C,74.23,74.23
14/08/2024,23:45,[23:30-23:45[,S,V,F,V,C,74.23,74.23
14/08/2024,23:59,[23:45-00:00[,S,V,F,V,C,74.23,74.23
15/08/2024,00:15,[00:00-00:15[,S,V,V,V,V,61.77,61.77
15/08/2024,00:30,[00:15-00:30[,S,V,V,V,V,61.77,61.77
15/08/2024,00:45,[00:30-00:45[,S,V,V,V,V,61.77,61.77
15/08/2024,01:00,[00:45-01:00[,S,V,V,V,V,61.77,61.77
15/08/2024,01:15,[01:00-01:15[,S,V,V,V,V,61.77,61.77
15/08/2024,01:30,[01:15-01:30[,S,V,V,V,V,61.77,61.77
15/08/2024,01:45,[01:30-01:45[,S,V,V,V,V,61.77,61.77
15/08/2024,02:00,[01:45-02:00[,S,V,V,V,V,61.77,61.77
15/08/2024,02:15,[02:00-02:15[,S,V,V,V,V,61.28,61.28
15/08/2024,02:30,[02:15-02:30[,S,V,V,V,V,61.28,61.28
15/08/2024,02:45,[02:30-02:45[,S,V,V,V,V,61.28,61.28
15/08/2024,03:00,[02:45-03:00[,S,V,V,V,V,61.28,61.28
15/08/2024,03:15,[03:00-03:15[,S,V,V,V,V,61.28,61.28
15/08/2024,03:30,[03:15-03:30[,S,V,V,V,V,61.28,61.28
15/08/2024,03:45,[03:30-03:45[,S,V,V,V,V,61.28,61.28
15/08/2024,04:00,[03:45-04:00[,S,V,V,V,V,61.28,61.28
15/08/2024,04:15,[04:00-04:15[,S,V,V,V,V,61.28,61.28
15/08/2024,04:30,[04:15-04:30[,S,V,V,V,V,61.28,61.28
15/08/2024,04:45,[04:30-04:45[,S,V,V,V,V,61.28,61.28
15/08/2024,05:00,[04:45-05:00[,S,V,V,V,V,61.28,61.28
15/08/2024,05:15,[05:00-05:15[,S,V,V,V,V,61.41,61.41
15/08/2024,05:30,[05:15-05:30[,S,V,V,V,V,61.41,61.41
15/08/2024,05:45,[05:30-05:45[,S,V,V,V,V,61.41,61.41
15/08/2024,06:00,[05:45-06:00[,S,V,V,V,V,61.41,61.41
15/08/2024,06:15,[06:00-06:15[,S,V,V,V,V,61.67,61.67
15/08/2024,06:30,[06:15-06:30[,S,V,V,V,V,61.67,61.67
15/08/2024,06:45,[06:30-06:45[,S,V,V,V,V,61.67,61.67
15/08/2024,07:00,[06:45-07:00[,S,V,V,V,V,61.67,61.67
15/08/2024,07:15,[07:00-07:15[,S,V,F,V,C,49.65,49.65
15/08/2024,07:30,[07:15-07:30[,S,V,F,V,C,49.65,49.65
15/08/2024,07:45,[07:30-07:45[,S,V,F,V,C,49.65,49.65
15/08/2024,08:00,[07:45-08:00[,S,V,F,V,C,49.65,49.65
15/08/2024,08:15,[08:00-08:15[,S,F,F,C,C,3.60,3.60
15/08/2024,08:30,[08:15-08:30[,S,F,F,C,C,3.60,3.60
15/08/2024,08:45,[08:30-08:45[,S,F,F,C,C,3.60,3.60
15/08/2024,09:00,[08:45-09:00[,S,F,F,C,C,3.60,3.60
15/08/2024,09:15,[09:00-09:15[,S,F,F,C,C,0.00,0.00
15/08/2024,09:30,[09:15-09:30[,S,F,F,C,P,0.00,0.00
15/08/2024,09:45,[09:30-09:45[,S,F,F,C,P,0.00,0.00
15/08/2024,10:00,[09:45-10:00[,S,F,F,C,P,0.00,0.00
15/08/2024,10:15,[10:00-10:15[,S,F,F,C,P,0.00,0.00
15/08/2024,10:30,[10:15-10:30[,S,F,F,C,P,0.00,0.00
15/08/2024,10:45,[10:30-10:45[,S,F,F,P,P,0.00,0.00
15/08/2024,11:00,[10:45-11:00[,S,F,F,P,P,0.00,0.00
15/08/2024,11:15,[11:00-11:15[,S,F,F,P,P,0.00,0.00
15/08/2024,11:30,[11:15-11:30[,S,F,F,P,P,0.00,0.00
15/08/2024,11:45,[11:30-11:45[,S,F,F,P,P,0.00,0.00
15/08/2024,12:00,[11:45-12:00[,S,F,F,P,P,0.00,0.00
15/08/2024,12:15,[12:00-12:15[,S,F,F,P,P,0.00,0.00
15/08/2024,12:30,[12:15-12:30[,S,F,F,P,C,0.00,0.00
15/08/2024,12:45,[12:30-12:45[,S,F,F,P,C,0.00,0.00
15/08/2024,13:00,[12:45-13:00[,S,F,F,P,C,0.00,0.00
15/08/2024,13:15,[13:00-13:15[,S,F,F,C,C,0.00,0.00
15/08/2024,13:30,[13:15-13:30[,S,F,F,C,C,0.00,0.00
15/08/2024,13:45,[13:30-13:45[,S,F,F,C,C,0.00,0.00
15/08/2024,14:00,[13:45-14:00[,S,F,F,C,C,0.00,0.00
15/08/2024,14:15,[14:00-14:15[,S,F,F,C,C,0.00,0.00
15/08/2024,14:30,[14:15-14:30[,S,F,F,C,C,0.00,0.00
15/08/2024,14:45,[14:30-14:45[,S,F,F,C,C,0.00,0.00
15/08/2024,15:00,[14:45-15:00[,S,F,F,C,C,0.00,0.00
15/08/2024,15:15,[15:00-15:15[,S,F,F,C,C,0.00,0.00
15/08/2024,15:30,[15:15-15:30[,S,F,F,C,C,0.00,0.00
15/08/2024,15:45,[15:30-15:45[,S,F,F,C,C,0.00,0.00
15/08/2024,16:00,[15:45-16:00[,S,F,F,C,C,0.00,0.00
15/08/2024,16:15,[16:00-16:15[,S,F,F,C,C,1.53,1.53
15/08/2024,16:30,[16:15-16:30[,S,F,F,C,C,1.53,1.53
15/08/2024,16:45,[16:30-16:45[,S,F,F,C,C,1.53,1.53
15/08/2024,17:00,[16:45-17:00[,S,F,F,C,C,1.53,1.53
15/08/2024,17:15,[17:00-17:15[,S,F,F,C,C,15.98,15.98
15/08/2024,17:30,[17:15-17:30[,S,F,F,C,C,15.98,15.98
15/08/2024,17:45,[17:30-17:45[,S,F,F,C,C,15.98,15.98
15/08/2024,18:00,[17:45-18:00[,S,F,F,C,C,15.98,15.98
15/08/2024,18:15,[18:00-18:15[,S,F,F,C,C,62.00,62.00
15/08/2024,18:30,[18:15-18:30[,S,F,F,C,C,62.00,62.00
15/08/2024,18:45,[18:30-18:45[,S,F,F,C,C,62.00,62.00
15/08/2024,19:00,[18:45-19:00[,S,F,F,C,C,62.00,62.00
15/08/2024,19:15,[19:00-19:15[,S,F,F,C,C,97.64,97.64
15/08/2024,19:30,[19:15-19:30[,S,F,F,C,C,97.64,97.64
15/08/2024,19:45,[19:30-19:45[,S,F,F,P,C,97.64,97.64
15/08/2024,20:00,[19:45-20:00[,S,F,F,P,C,97.64,97.64
15/08/2024,20:15,[20:00-20:15[,S,F,F,P,C,117.13,117.13
15/08/2024,20:30,[20:15-20:30[,S,F,F,P,C,117.13,117.13
15/08/2024,20:45,[20:30-20:45[,S,F,F,P,C,117.13,117.13
15/08/2024,21:00,[20:45-21:00[,S,F,F,P,C,117.13,117.13
15/08/2024,21:15,[21:00-21:15[,S,F,F,C,C,112.45,112.45
15/08/2024,21:30,[21:15-21:30[,S,F,F,C,C,112.45,112.45
15/08/2024,21:45,[21:30-21:45[,S,F,F,C,C,112.45,112.45
15/08/2024,22:00,[21:45-22:00[,S,F,F,C,C,112.45,112.45
15/08/2024,22:15,[22:00-22:15[,S,V,F,V,C,98.30,98.30
15/08/2024,22:30,[22:15-22:30[,S,V,F,V,C,98.30,98.30
15/08/2024,22:45,[22:30-22:45[,S,V,F,V,C,98.30,98.30
15/08/2024,23:00,[22:45-23:00[,S,V,F,V,C,98.30,98.30
15/08/2024,23:15,[23:00-23:15[,S,V,F,V,C,106.09,106.09
15/08/2024,23:30,[23:15-23:30[,S,V,F,V,C,106.09,106.09
15/08/2024,23:45,[23:30-23:45[,S,V,F,V,C,106.09,106.09
15/08/2024,23:59,[23:45-00:00[,S,V,F,V,C,106.09,106.09
16/08/2024,00:15,[00:00-00:15[,S,V,V,V,V,104.44,104.44
16/08/2024,00:30,[00:15-00:30[,S,V,V,V,V,104.44,104.44
16/08/2024,00:45,[00:30-00:45[,S,V,V,V,V,104.44,104.44
16/08/2024,01:00,[00:45-01:00[,S,V,V,V,V,104.44,104.44
16/08/2024,01:15,[01:00-01:15[,S,V,V,V,V,90.00,90.00
16/08/2024,01:30,[01:15-01:30[,S,V,V,V,V,90.00,90.00
16/08/2024,01:45,[01:30-01:45[,S,V,V,V,V,90.00,90.00
16/08/2024,02:00,[01:45-02:00[,S,V,V,V,V,90.00,90.00
16/08/2024,02:15,[02:00-02:15[,S,V,V,V,V,88.33,88.33
16/08/2024,02:30,[02:15-02:30[,S,V,V,V,V,88.33,88.33
16/08/2024,02:45,[02:30-02:45[,S,V,V,V,V,88.33,88.33
16/08/2024,03:00,[02:45-03:00[,S,V,V,V,V,88.33,88.33
16/08/2024,03:15,[03:00-03:15[,S,V,V,V,V,103.27,103.27
16/08/2024,03:30,[03:15-03:30[,S,V,V,V,V,103.27,103.27
16/08/2024,03:45,[03:30-03:45[,S,V,V,V,V,103.27,103.27
16/08/2024,04:00,[03:45-04:00[,S,V,V,V,V,103.27,103.27
16/08/2024,04:15,[04:00-04:15[,S,V,V,V,V,104.71,104.71
16/08/2024,04:30,[04:15-04:30[,S,V,V,V,V,104.71,104.71
16/08/2024,04:45,[04:30-04:45[,S,V,V,V,V,104.71,104.71
16/08/2024,05:00,[04:45-05:00[,S,V,V,V,V,104.71,104.71
16/08/2024,05:15,[05:00-05:15[,S,V,V,V,V,105.61,105.61
16/08/2024,05:30,[05:15-05:30[,S,V,V,V,V,105.61,105.61
16/08/2024,05:45,[05:30-05:45[,S,V,V,V,V,105.61,105.61
16/08/2024,06:00,[05:45-06:00[,S,V,V,V,V,105.61,105.61
16/08/2024,06:15,[06:00-06:15[,S,V,V,V,V,114.02,114.02
16/08/2024,06:30,[06:15-06:30[,S,V,V,V,V,114.02,114.02
16/08/2024,06:45,[06:30-06:45[,S,V,V,V,V,114.02,114.02
16/08/2024,07:00,[06:45-07:00[,S,V,V,V,V,114.02,114.02
16/08/2024,07:15,[07:00-07:15[,S,V,F,V,C,100.57,100.57
16/08/2024,07:30,[07:15-07:30[,S,V,F,V,C,100.57,100.57
16/08/2024,07:45,[07:30-07:45[,S,V,F,V,C,100.57,100.57
16/08/2024,08:00,[07:45-08:00[,S,V,F,V,C,100.57,100.57
16/08/2024,08:15,[08:00-08:15[,S,F,F,C,C,70.00,70.00
16/08/2024,08:30,[08:15-08:30[,S,F,F,C,C,70.00,70.00
16/08/2024,08:45,[08:30-08:45[,S,F,F,C,C,70.00,70.00
16/08/2024,09:00,[08:45-09:00[,S,F,F,C,C,70.00,70.00
16/08/2024,09:15,[09:00-09:15[,S,F,F,C,C,63.87,63.87
16/08/2024,09:30,[09:15-09:30[,S,F,F,C,P,63.87,63.87
16/08/2024,09:45,[09:30-09:45[,S,F,F,C,P,63.87,63.87
16/08/2024,10:00,[09:45-10:00[,S,F,F,C,P,63.87,63.87
16/08/2024,10:15,[10:00-10:15[,S,F,F,C,P,63.37,63.37
16/08/2024,10:30,[10:15-10:30[,S,F,F,C,P,63.37,63.37
16/08/2024,10:45,[10:30-10:45[,S,F,F,P,P,63.37,63.37
16/08/2024,11:00,[10:45-11:00[,S,F,F,P,P,63.37,63.37
16/08/2024,11:15,[11:00-11:15[,S,F,F,P,P,59.22,59.22
16/08/2024,11:30,[11:15-11:30[,S,F,F,P,P,59.22,59.22
16/08/2024,11:45,[11:30-11:45[,S,F,F,P,P,59.22,59.22
16/08/2024,12:00,[11:45-12:00[,S,F,F,P,P,59.22,59.22
16/08/2024,12:15,[12:00-12:15[,S,F,F,P,P,53.93,53.93
16/08/2024,12:30,[12:15-12:30[,S,F,F,P,C,53.93,53.93
16/08/2024,12:45,[12:30-12:45[,S,F,F,P,C,53.93,53.93
16/08/2024,13:00,[12:45-13:00[,S,F,F,P,C,53.93,53.93
16/08/2024,13:15,[13:00-13:15[,S,F,F,C,C,50.72,50.72
16/08/2024,13:30,[13:15-13:30[,S,F,F,C,C,50.72,50.72
16/08/2024,13:45,[13:30-13:45[,S,F,F,C,C,50.72,50.72
16/08/2024,14:00,[13:45-14:00[,S,F,F,C,C,50.72,50.72
16/08/2024,14:15,[14:00-14:15[,S,F,F,C,C,56.27,56.27
16/08/2024,14:30,[14:15-14:30[,S,F,F,C,C,56.27,56.27
16/08/2024,14:45,[14:30-14:45[,S,F,F,C,C,56.27,56.27
16/08/2024,15:00,[14:45-15:00[,S,F,F,C,C,56.27,56.27
16/08/2024,15:15,[15:00-15:15[,S,F,F,C,C,62.17,62.17
16/08/2024,15:30,[15:15-15:30[,S,F,F,C,C,62.17,62.17
16/08/2024,15:45,[15:30-15:45[,S,F,F,C,C,62.17,62.17
16/08/2024,16:00,[15:45-16:00[,S,F,F,C,C,62.17,62.17
16/08/2024,16:15,[16:00-16:15[,S,F,F,C,C,63.37,63.37
16/08/2024,16:30,[16:15-16:30[,S,F,F,C,C,63.37,63.37
16/08/2024,16:45,[16:30-16:45[,S,F,F,C,C,63.37,63.37
16/08/2024,17:00,[16:45-17:00[,S,F,F,C,C,63.37,63.37
16/08/2024,17:15,[17:00-17:15[,S,F,F,C,C,65.40,65.40
16/08/2024,17:30,[17:15-17:30[,S,F,F,C,C,65.40,65.40
16/08/2024,17:45,[17:30-17:45[,S,F,F,C,C,65.40,65.40
16/08/2024,18:00,[17:45-18:00[,S,F,F,C,C,65.40,65.40
16/08/2024,18:15,[18:00-18:15[,S,F,F,C,C,103.52,103.52
16/08/2024,18:30,[18:15-18:30[,S,F,F,C,C,103.52,103.52
16/08/2024,18:45,[18:30-18:45[,S,F,F,C,C,103.52,103.52
16/08/2024,19:00,[18:45-19:00[,S,F,F,C,C,103.52,103.52
16/08/2024,19:15,[19:00-19:15[,S,F,F,C,C,118.92,118.92
16/08/2024,19:30,[19:15-19:30[,S,F,F,C,C,118.92,118.92
16/08/2024,19:45,[19:30-19:45[,S,F,F,P,C,118.92,118.92
16/08/2024,20:00,[19:45-20:00[,S,F,F,P,C,118.92,118.92
16/08/2024,20:15,[20:00-20:15[,S,F,F,P,C,129.78,129.78
16/08/2024,20:30,[20:15-20:30[,S,F,F,P,C,129.78,129.78
16/08/2024,20:45,[20:30-20:45[,S,F,F,P,C,129.78,129.78
16/08/2024,21:00,[20:45-21:00[,S,F,F,P,C,129.78,129.78
16/08/2024,21:15,[21:00-21:15[,S,F,F,C,C,123.72,123.72
16/08/2024,21:30,[21:15-21:30[,S,F,F,C,C,123.72,123.72
16/08/2024,21:45,[21:30-21:45[,S,F,F,C,C,123.72,123.72
16/08/2024,22:00,[21:45-22:00[,S,F,F,C,C,123.72,123.72
16/08/2024,22:15,[22:00-22:15[,S,V,F,V,C,116.16,116.16
16/08/2024,22:30,[22:15-22:30[,S,V,F,V,C,116.16,116.16
16/08/2024,22:45,[22:30-22:45[,S,V,F,V,C,116.16,116.16
16/08/2024,23:00,[22:45-23:00[,S,V,F,V,C,116.16,116.16
16/08/2024,23:15,[23:00-23:15[,S,V,F,V,C,114.02,114.02
16/08/2024,23:30,[23:15-23:30[,S,V,F,V,C,114.02,114.02
16/08/2024,23:45,[23:30-23:45[,S,V,F,V,C,114.02,114.02
16/08/2024,23:59,[23:45-00:00[,S,V,F,V,C,114.02,114.02
17/08/2024,00:15,[00:00-00:15[,S,V,V,V,V,112.94,112.94
17/08/2024,00:30,[00:15-00:30[,S,V,V,V,V,112.94,112.94
17/08/2024,00:45,[00:30-00:45[,S,V,V,V,V,112.94,112.94
17/08/2024,01:00,[00:45-01:00[,S,V,V,V,V,112.94,112.94
17/08/2024,01:15,[01:00-01:15[,S,V,V,V,V,113.37,113.37
17/08/2024,01:30,[01:15-01:30[,S,V,V,V,V,113.37,113.37
17/08/2024,01:45,[01:30-01:45[,S,V,V,V,V,113.37,113.37
17/08/2024,02:00,[01:45-02:00[,S,V,V,V,V,113.37,113.37
17/08/2024,02:15,[02:00-02:15[,S,V,V,V,V,110.68,110.68
17/08/2024,02:30,[02:15-02:30[,S,V,V,V,V,110.68,110.68
17/08/2024,02:45,[02:30-02:45[,S,V,V,V,V,110.68,110.68
17/08/2024,03:00,[02:45-03:00[,S,V,V,V,V,110.68,110.68
17/08/2024,03:15,[03:00-03:15[,S,V,V,V,V,105.50,105.50
17/08/2024,03:30,[03:15-03:30[,S,V,V,V,V,105.50,105.50
17/08/2024,03:45,[03:30-03:45[,S,V,V,V,V,105.50,105.50
17/08/2024,04:00,[03:45-04:00[,S,V,V,V,V,105.50,105.50
17/08/2024,04:15,[04:00-04:15[,S,V,V,V,V,101.50,101.50
17/08/2024,04:30,[04:15-04:30[,S,V,V,V,V,101.50,101.50
17/08/2024,04:45,[04:30-04:45[,S,V,V,V,V,101.50,101.50
17/08/2024,05:00,[04:45-05:00[,S,V,V,V,V,101.50,101.50
17/08/2024,05:15,[05:00-05:15[,S,V,V,V,V,100.64,100.64
17/08/2024,05:30,[05:15-05:30[,S,V,V,V,V,100.64,100.64
17/08/2024,05:45,[05:30-05:45[,S,V,V,V,V,100.64,100.64
17/08/2024,06:00,[05:45-06:00[,S,V,V,V,V,100.64,100.64
17/08/2024,06:15,[06:00-06:15[,S,V,V,V,V,101.10,101.10
17/08/2024,06:30,[06:15-06:30[,S,V,V,V,V,101.10,101.10
17/08/2024,06:45,[06:30-06:45[,S,V,V,V,V,101.10,101.10
17/08/2024,07:00,[06:45-07:00[,S,V,V,V,V,101.10,101.10
17/08/2024,07:15,[07:00-07:15[,S,V,V,V,V,90.00,90.00
17/08/2024,07:30,[07:15-07:30[,S,V,V,V,V,90.00,90.00
17/08/2024,07:45,[07:30-07:45[,S,V,V,V,V,90.00,90.00
17/08/2024,08:00,[07:45-08:00[,S,V,V,V,V,90.00,90.00
17/08/2024,08:15,[08:00-08:15[,S,F,V,C,V,71.74,71.74
17/08/2024,08:30,[08:15-08:30[,S,F,V,C,V,71.74,71.74
17/08/2024,08:45,[08:30-08:45[,S,F,V,C,V,71.74,71.74
17/08/2024,09:00,[08:45-09:00[,S,F,V,C,V,71.74,71.74
17/08/2024,09:15,[09:00-09:15[,S,F,F,C,C,68.01,68.01
17/08/2024,09:30,[09:15-09:30[,S,F,F,C,C,68.01,68.01
17/08/2024,09:45,[09:30-09:45[,S,F,F,C,C,68.01,68.01
17/08/2024,10:00,[09:45-10:00[,S,F,F,C,C,68.01,68.01
17/08/2024,10:15,[10:00-10:15[,S,F,F,C,C,52.66,52.66
17/08/2024,10:30,[10:15-10:30[,S,F,F,C,C,52.66,52.66
17/08/2024,10:45,[10:30-10:45[,S,F,F,P,C,52.66,52.66
17/08/2024,11:00,[10:45-11:00[,S,F,F,P,C,52.66,52.66
17/08/2024,11:15,[11:00-11:15[,S,F,F,P,C,43.31,43.31
17/08/2024,11:30,[11:15-11:30[,S,F,F,P,C,43.31,43.31
17/08/2024,11:45,[11:30-11:45[,S,F,F,P,C,43.31,43.31
17/08/2024,12:00,[11:45-12:00[,S,F,F,P,C,43.31,43.31
17/08/2024,12:15,[12:00-12:15[,S,F,F,P,C,37.37,37.37
17/08/2024,12:30,[12:15-12:30[,S,F,F,P,C,37.37,37.37
17/08/2024,12:45,[12:30-12:45[,S,F,F,P,C,37.37,37.37
17/08/2024,13:00,[12:45-13:00[,S,F,F,P,C,37.37,37.37
17/08/2024,13:15,[13:00-13:15[,S,F,F,C,C,34.72,34.72
17/08/2024,13:30,[13:15-13:30[,S,F,F,C,C,34.72,34.72
17/08/2024,13:45,[13:30-13:45[,S,F,F,C,C,34.72,34.72
17/08/2024,14:00,[13:45-14:00[,S,F,F,C,C,34.72,34.72
17/08/2024,14:15,[14:00-14:15[,S,F,V,C,V,37.57,37.57
17/08/2024,14:30,[14:15-14:30[,S,F,V,C,V,37.57,37.57
17/08/2024,14:45,[14:30-14:45[,S,F,V,C,V,37.57,37.57
17/08/2024,15:00,[14:45-15:00[,S,F,V,C,V,37.57,37.57
17/08/2024,15:15,[15:00-15:15[,S,F,V,C,V,47.81,47.81
17/08/2024,15:30,[15:15-15:30[,S,F,V,C,V,47.81,47.81
17/08/2024,15:45,[15:30-15:45[,S,F,V,C,V,47.81,47.81
17/08/2024,16:00,[15:45-16:00[,S,F,V,C,V,47.81,47.81
17/08/2024,16:15,[16:00-16:15[,S,F,V,C,V,56.10,56.10
17/08/2024,16:30,[16:15-16:30[,S,F,V,C,V,56.10,56.10
17/08/2024,16:45,[16:30-16:45[,S,F,V,C,V,56.10,56.10
17/08/2024,17:00,[16:45-17:00[,S,F,V,C,V,56.10,56.10
17/08/2024,17:15,[17:00-17:15[,S,F,V,C,V,68.54,68.54
17/08/2024,17:30,[17:15-17:30[,S,F,V,C,V,68.54,68.54
17/08/2024,17:45,[17:30-17:45[,S,F,V,C,V,68.54,68.54
17/08/2024,18:00,[17:45-18:00[,S,F,V,C,V,68.54,68.54
17/08/2024,18:15,[18:00-18:15[,S,F,V,C,V,87.41,87.41
17/08/2024,18:30,[18:15-18:30[,S,F,V,C,V,87.41,87.41
17/08/2024,18:45,[18:30-18:45[,S,F,V,C,V,87.41,87.41
17/08/2024,19:00,[18:45-19:00[,S,F,V,C,V,87.41,87.41
17/08/2024,19:15,[19:00-19:15[,S,F,V,C,V,103.92,103.92
17/08/2024,19:30,[19:15-19:30[,S,F,V,C,V,103.92,103.92
17/08/2024,19:45,[19:30-19:45[,S,F,V,P,V,103.92,103.92
17/08/2024,20:00,[19:45-20:00[,S,F,V,P,V,103.92,103.92
17/08/2024,20:15,[20:00-20:15[,S,F,F,P,C,120.00,120.00
17/08/2024,20:30,[20:15-20:30[,S,F,F,P,C,120.00,120.00
17/08/2024,20:45,[20:30-20:45[,S,F,F,P,C,120.00,120.00
17/08/2024,21:00,[20:45-21:00[,S,F,F,P,C,120.00,120.00
17/08/2024,21:15,[21:00-21:15[,S,F,F,C,C,113.20,113.20
17/08/2024,21:30,[21:15-21:30[,S,F,F,C,C,113.20,113.20
17/08/2024,21:45,[21:30-21:45[,S,F,F,C,C,113.20,113.20
17/08/2024,22:00,[21:45-22:00[,S,F,F,C,C,113.20,113.20
17/08/2024,22:15,[22:00-22:15[,S,V,V,V,V,105.02,105.02
17/08/2024,22:30,[22:15-22:30[,S,V,V,V,V,105.02,105.02
17/08/2024,22:45,[22:30-22:45[,S,V,V,V,V,105.02,105.02
17/08/2024,23:00,[22:45-23:00[,S,V,V,V,V,105.02,105.02
17/08/2024,23:15,[23:00-23:15[,S,V,V,V,V,119.50,119.50
17/08/2024,23:30,[23:15-23:30[,S,V,V,V,V,119.50,119.50
17/08/2024,23:45,[23:30-23:45[,S,V,V,V,V,119.50,119.50
17/08/2024,23:59,[23:45-00:00[,S,V,V,V,V,119.50,119.50
18/08/2024,00:15,[00:00-00:15[,S,V,V,V,V,111.62,111.62
18/08/2024,00:30,[00:15-00:30[,S,V,V,V,V,111.62,111.62
18/08/2024,00:45,[00:30-00:45[,S,V,V,V,V,111.62,111.62
18/08/2024,01:00,[00:45-01:00[,S,V,V,V,V,111.62,111.62
18/08/2024,01:15,[01:00-01:15[,S,V,V,V,V,103.90,103.90
18/08/2024,01:30,[01:15-01:30[,S,V,V,V,V,103.90,103.90
18/08/2024,01:45,[01:30-01:45[,S,V,V,V,V,103.90,103.90
18/08/2024,02:00,[01:45-02:00[,S,V,V,V,V,103.90,103.90
18/08/2024,02:15,[02:00-02:15[,S,V,V,V,V,93.38,93.38
18/08/2024,02:30,[02:15-02:30[,S,V,V,V,V,93.38,93.38
18/08/2024,02:45,[02:30-02:45[,S,V,V,V,V,93.38,93.38
18/08/2024,03:00,[02:45-03:00[,S,V,V,V,V,93.38,93.38
18/08/2024,03:15,[03:00-03:15[,S,V,V,V,V,85.00,85.00
18/08/2024,03:30,[03:15-03:30[,S,V,V,V,V,85.00,85.00
18/08/2024,03:45,[03:30-03:45[,S,V,V,V,V,85.00,85.00
18/08/2024,04:00,[03:45-04:00[,S,V,V,V,V,85.00,85.00
18/08/2024,04:15,[04:00-04:15[,S,V,V,V,V,84.50,84.50
18/08/2024,04:30,[04:15-04:30[,S,V,V,V,V,84.50,84.50
18/08/2024,04:45,[04:30-04:45[,S,V,V,V,V,84.50,84.50
18/08/2024,05:00,[04:45-05:00[,S,V,V,V,V,84.50,84.50
18/08/2024,05:15,[05:00-05:15[,S,V,V,V,V,79.44,79.44
18/08/2024,05:30,[05:15-05:30[,S,V,V,V,V,79.44,79.44
18/08/2024,05:45,[05:30-05:45[,S,V,V,V,V,79.44,79.44
18/08/2024,06:00,[05:45-06:00[,S,V,V,V,V,79.44,79.44
18/08/2024,06:15,[06:00-06:15[,S,V,V,V,V,76.23,76.23
18/08/2024,06:30,[06:15-06:30[,S,V,V,V,V,76.23,76.23
18/08/2024,06:45,[06:30-06:45[,S,V,V,V,V,76.23,76.23
18/08/2024,07:00,[06:45-07:00[,S,V,V,V,V,76.23,76.23
18/08/2024,07:15,[07:00-07:15[,S,V,V,V,V,63.10,63.10
18/08/2024,07:30,[07:15-07:30[,S,V,V,V,V,63.10,63.10
18/08/2024,07:45,[07:30-07:45[,S,V,V,V,V,63.10,63.10
18/08/2024,08:00,[07:45-08:00[,S,V,V,V,V,63.10,63.10
18/08/2024,08:15,[08:00-08:15[,S,F,V,C,V,40.71,40.71
18/08/2024,08:30,[08:15-08:30[,S,F,V,C,V,40.71,40.71
18/08/2024,08:45,[08:30-08:45[,S,F,V,C,V,40.71,40.71
18/08/2024,09:00,[08:45-09:00[,S,F,V,C,V,40.71,40.71
18/08/2024,09:15,[09:00-09:15[,S,F,V,C,V,0.44,0.44
18/08/2024,09:30,[09:15-09:30[,S,F,V,C,V,0.44,0.44
18/08/2024,09:45,[09:30-09:45[,S,F,V,C,V,0.44,0.44
18/08/2024,10:00,[09:45-10:00[,S,F,V,C,V,0.44,0.44
18/08/2024,10:15,[10:00-10:15[,S,F,V,C,V,0.00,0.00
18/08/2024,10:30,[10:15-10:30[,S,F,V,C,V,0.00,0.00
18/08/2024,10:45,[10:30-10:45[,S,F,V,P,V,0.00,0.00
18/08/2024,11:00,[10:45-11:00[,S,F,V,P,V,0.00,0.00
18/08/2024,11:15,[11:00-11:15[,S,F,V,P,V,0.00,0.00
18/08/2024,11:30,[11:15-11:30[,S,F,V,P,V,0.00,0.00
18/08/2024,11:45,[11:30-11:45[,S,F,V,P,V,0.00,0.00
18/08/2024,12:00,[11:45-12:00[,S,F,V,P,V,0.00,0.00
18/08/2024,12:15,[12:00-12:15[,S,F,V,P,V,0.00,0.00
18/08/2024,12:30,[12:15-12:30[,S,F,V,P,V,0.00,0.00
18/08/2024,12:45,[12:30-12:45[,S,F,V,P,V,0.00,0.00
18/08/2024,13:00,[12:45-13:00[,S,F,V,P,V,0.00,0.00
18/08/2024,13:15,[13:00-13:15[,S,F,V,C,V,0.00,0.00
18/08/2024,13:30,[13:15-13:30[,S,F,V,C,V,0.00,0.00
18/08/2024,13:45,[13:30-13:45[,S,F,V,C,V,0.00,0.00
18/08/2024,14:00,[13:45-14:00[,S,F,V,C,V,0.00,0.00
18/08/2024,14:15,[14:00-14:15[,S,F,V,C,V,0.00,0.00
18/08/2024,14:30,[14:15-14:30[,S,F,V,C,V,0.00,0.00
18/08/2024,14:45,[14:30-14:45[,S,F,V,C,V,0.00,0.00
18/08/2024,15:00,[14:45-15:00[,S,F,V,C,V,0.00,0.00
18/08/2024,15:15,[15:00-15:15[,S,F,V,C,V,0.00,0.00
18/08/2024,15:30,[15:15-15:30[,S,F,V,C,V,0.00,0.00
18/08/2024,15:45,[15:30-15:45[,S,F,V,C,V,0.00,0.00
18/08/2024,16:00,[15:45-16:00[,S,F,V,C,V,0.00,0.00
18/08/2024,16:15,[16:00-16:15[,S,F,V,C,V,0.00,0.00
18/08/2024,16:30,[16:15-16:30[,S,F,V,C,V,0.00,0.00
18/08/2024,16:45,[16:30-16:45[,S,F,V,C,V,0.00,0.00
18/08/2024,17:00,[16:45-17:00[,S,F,V,C,V,0.00,0.00
18/08/2024,17:15,[17:00-17:15[,S,F,V,C,V,3.32,3.32
18/08/2024,17:30,[17:15-17:30[,S,F,V,C,V,3.32,3.32
18/08/2024,17:45,[17:30-17:45[,S,F,V,C,V,3.32,3.32
18/08/2024,18:00,[17:45-18:00[,S,F,V,C,V,3.32,3.32
18/08/2024,18:15,[18:00-18:15[,S,F,V,C,V,61.99,61.99
18/08/2024,18:30,[18:15-18:30[,S,F,V,C,V,61.99,61.99
18/08/2024,18:45,[18:30-18:45[,S,F,V,C,V,61.99,61.99
18/08/2024,19:00,[18:45-19:00[,S,F,V,C,V,61.99,61.99
18/08/2024,19:15,[19:00-19:15[,S,F,V,C,V,89.50,89.50
18/08/2024,19:30,[19:15-19:30[,S,F,V,C,V,89.50,89.50
18/08/2024,19:45,[19:30-19:45[,S,F,V,P,V,89.50,89.50
18/08/2024,20:00,[19:45-20:00[,S,F,V,P,V,89.50,89.50
18/08/2024,20:15,[20:00-20:15[,S,F,V,P,V,110.34,110.34
18/08/2024,20:30,[20:15-20:30[,S,F,V,P,V,110.34,110.34
18/08/2024,20:45,[20:30-20:45[,S,F,V,P,V,110.34,110.34
18/08/2024,21:00,[20:45-21:00[,S,F,V,P,V,110.34,110.34
18/08/2024,21:15,[21:00-21:15[,S,F,V,C,V,111.64,111.64
18/08/2024,21:30,[21:15-21:30[,S,F,V,C,V,111.64,111.64
18/08/2024,21:45,[21:30-21:45[,S,F,V,C,V,111.64,111.64
18/08/2024,22:00,[21:45-22:00[,S,F,V,C,V,111.64,111.64
18/08/2024,22:15,[22:00-22:15[,S,V,V,V,V,99.69,99.69
18/08/2024,22:30,[22:15-22:30[,S,V,V,V,V,99.69,99.69
18/08/2024,22:45,[22:30-22:45[,S,V,V,V,V,99.69,99.69
18/08/2024,23:00,[22:45-23:00[,S,V,V,V,V,99.69,99.69
18/08/2024,23:15,[23:00-23:15[,S,V,V,V,V,91.70,91.70
18/08/2024,23:30,[23:15-23:30[,S,V,V,V,V,91.70,91.70
18/08/2024,23:45,[23:30-23:45[,S,V,V,V,V,91.70,91.70
18/08/2024,23:59,[23:45-00:00[,S,V,V,V,V,91.70,91.70
19/08/2024,00:15,[00:00-00:15[,S,V,V,V,V,76.60,76.60
19/08/2024,00:30,[00:15-00:30[,S,V,V,V,V,76.60,76.60
19/08/2024,00:45,[00:30-00:45[,S,V,V,V,V,76.60,76.60
19/08/2024,01:00,[00:45-01:00[,S,V,V,V,V,76.60,76.60
19/08/2024,01:15,[01:00-01:15[,S,V,V,V,V,74.80,74.80
19/08/2024,01:30,[01:15-01:30[,S,V,V,V,V,74.80,74.80
19/08/2024,01:45,[01:30-01:45[,S,V,V,V,V,74.80,74.80
19/08/2024,02:00,[01:45-02:00[,S,V,V,V,V,74.80,74.80
19/08/2024,02:15,[02:00-02:15[,S,V,V,V,V,75.92,75.92
19/08/2024,02:30,[02:15-02:30[,S,V,V,V,V,75.92,75.92
19/08/2024,02:45,[02:30-02:45[,S,V,V,V,V,75.92,75.92
19/08/2024,03:00,[02:45-03:00[,S,V,V,V,V,75.92,75.92
19/08/2024,03:15,[03:00-03:15[,S,V,V,V,V,75.65,75.65
19/08/2024,03:30,[03:15-03:30[,S,V,V,V,V,75.65,75.65
19/08/2024,03:45,[03:30-03:45[,S,V,V,V,V,75.65,75.65
19/08/2024,04:00,[03:45-04:00[,S,V,V,V,V,75.65,75.65
19/08/2024,04:15,[04:00-04:15[,S,V,V,V,V,79.97,79.97
19/08/2024,04:30,[04:15-04:30[,S,V,V,V,V,79.97,79.97
19/08/2024,04:45,[04:30-04:45[,S,V,V,V,V,79.97,79.97
19/08/2024,05:00,[04:45-05:00[,S,V,V,V,V,79.97,79.97
19/08/2024,05:15,[05:00-05:15[,S,V,V,V,V,85.10,85.10
19/08/2024,05:30,[05:15-05:30[,S,V,V,V,V,85.10,85.10
19/08/2024,05:45,[05:30-05:45[,S,V,V,V,V,85.10,85.10
19/08/2024,06:00,[05:45-06:00[,S,V,V,V,V,85.10,85.10
19/08/2024,06:15,[06:00-06:15[,S,V,V,V,V,116.02,116.02
19/08/2024,06:30,[06:15-06:30[,S,V,V,V,V,116.02,116.02
19/08/2024,06:45,[06:30-06:45[,S,V,V,V,V,116.02,116.02
19/08/2024,07:00,[06:45-07:00[,S,V,V,V,V,116.02,116.02
19/08/2024,07:15,[07:00-07:15[,S,V,F,V,C,116.92,116.92
19/08/2024,07:30,[07:15-07:30[,S,V,F,V,C,116.92,116.92
19/08/2024,07:45,[07:30-07:45[,S,V,F,V,C,116.92,116.92
19/08/2024,08:00,[07:45-08:00[,S,V,F,V,C,116.92,116.92
19/08/2024,08:15,[08:00-08:15[,S,F,F,C,C,112.58,112.58
19/08/2024,08:30,[08:15-08:30[,S,F,F,C,C,112.58,112.58
19/08/2024,08:45,[08:30-08:45[,S,F,F,C,C,112.58,112.58
19/08/2024,09:00,[08:45-09:00[,S,F,F,C,C,112.58,112.58
19/08/2024,09:15,[09:00-09:15[,S,F,F,C,C,82.35,82.35
19/08/2024,09:30,[09:15-09:30[,S,F,F,C,P,82.35,82.35
19/08/2024,09:45,[09:30-09:45[,S,F,F,C,P,82.35,82.35
19/08/2024,10:00,[09:45-10:00[,S,F,F,C,P,82.35,82.35
19/08/2024,10:15,[10:00-10:15[,S,F,F,C,P,74.28,74.28
19/08/2024,10:30,[10:15-10:30[,S,F,F,C,P,74.28,74.28
19/08/2024,10:45,[10:30-10:45[,S,F,F,P,P,74.28,74.28
19/08/2024,11:00,[10:45-11:00[,S,F,F,P,P,74.28,74.28
19/08/2024,11:15,[11:00-11:15[,S,F,F,P,P,70.00,70.00
19/08/2024,11:30,[11:15-11:30[,S,F,F,P,P,70.00,70.00
19/08/2024,11:45,[11:30-11:45[,S,F,F,P,P,70.00,70.00
19/08/2024,12:00,[11:45-12:00[,S,F,F,P,P,70.00,70.00
19/08/2024,12:15,[12:00-12:15[,S,F,F,P,P,69.00,69.00
19/08/2024,12:30,[12:15-12:30[,S,F,F,P,C,69.00,69.00
19/08/2024,12:45,[12:30-12:45[,S,F,F,P,C,69.00,69.00
19/08/2024,13:00,[12:45-13:00[,S,F,F,P,C,69.00,69.00
19/08/2024,13:15,[13:00-13:15[,S,F,F,C,C,69.00,69.00
19/08/2024,13:30,[13:15-13:30[,S,F,F,C,C,69.00,69.00
19/08/2024,13:45,[13:30-13:45[,S,F,F,C,C,69.00,69.00
19/08/2024,14:00,[13:45-14:00[,S,F,F,C,C,69.00,69.00
19/08/2024,14:15,[14:00-14:15[,S,F,F,C,C,67.10,67.10
19/08/2024,14:30,[14:15-14:30[,S,F,F,C,C,67.10,67.10
19/08/2024,14:45,[14:30-14:45[,S,F,F,C,C,67.10,67.10
19/08/2024,15:00,[14:45-15:00[,S,F,F,C,C,67.10,67.10
19/08/2024,15:15,[15:00-15:15[,S,F,F,C,C,70.00,70.00
19/08/2024,15:30,[15:15-15:30[,S,F,F,C,C,70.00,70.00
19/08/2024,15:45,[15:30-15:45[,S,F,F,C,C,70.00,70.00
19/08/2024,16:00,[15:45-16:00[,S,F,F,C,C,70.00,70.00
19/08/2024,16:15,[16:00-16:15[,S,F,F,C,C,79.44,79.44
19/08/2024,16:30,[16:15-16:30[,S,F,F,C,C,79.44,79.44
19/08/2024,16:45,[16:30-16:45[,S,F,F,C,C,79.44,79.44
19/08/2024,17:00,[16:45-17:00[,S,F,F,C,C,79.44,79.44
19/08/2024,17:15,[17:00-17:15[,S,F,F,C,C,103.00,103.00
19/08/2024,17:30,[17:15-17:30[,S,F,F,C,C,103.00,103.00
19/08/2024,17:45,[17:30-17:45[,S,F,F,C,C,103.00,103.00
19/08/2024,18:00,[17:45-18:00[,S,F,F,C,C,103.00,103.00
19/08/2024,18:15,[18:00-18:15[,S,F,F,C,C,116.26,116.26
19/08/2024,18:30,[18:15-18:30[,S,F,F,C,C,116.26,116.26
19/08/2024,18:45,[18:30-18:45[,S,F,F,C,C,116.26,116.26
19/08/2024,19:00,[18:45-19:00[,S,F,F,C,C,116.26,116.26
19/08/2024,19:15,[19:00-19:15[,S,F,F,C,C,129.72,129.72
19/08/2024,19:30,[19:15-19:30[,S,F,F,C,C,129.72,129.72
19/08/2024,19:45,[19:30-19:45[,S,F,F,P,C,129.72,129.72
19/08/2024,20:00,[19:45-20:00[,S,F,F,P,C,129.72,129.72
19/08/2024,20:15,[20:00-20:15[,S,F,F,P,C,157.48,157.48
19/08/2024,20:30,[20:15-20:30[,S,F,F,P,C,157.48,157.48
19/08/2024,20:45,[20:30-20:45[,S,F,F,P,C,157.48,157.48
19/08/2024,21:00,[20:45-21:00[,S,F,F,P,C,157.48,157.48
19/08/2024,21:15,[21:00-21:15[,S,F,F,C,C,131.30,131.30
19/08/2024,21:30,[21:15-21:30[,S,F,F,C,C,131.30,131.30
19/08/2024,21:45,[21:30-21:45[,S,F,F,C,C,131.30,131.30
19/08/2024,22:00,[21:45-22:00[,S,F,F,C,C,131.30,131.30
19/08/2024,22:15,[22:00-22:15[,S,V,F,V,C,125.00,125.00
19/08/2024,22:30,[22:15-22:30[,S,V,F,V,C,125.00,125.00
19/08/2024,22:45,[22:30-22:45[,S,V,F,V,C,125.00,125.00
19/08/2024,23:00,[22:45-23:00[,S,V,F,V,C,125.00,125.00
19/08/2024,23:15,[23:00-23:15[,S,V,F,V,C,119.81,119.81
19/08/2024,23:30,[23:15-23:30[,S,V,F,V,C,119.81,119.81
19/08/2024,23:45,[23:30-23:45[,S,V,F,V,C,119.81,119.81
19/08/2024,23:59,[23:45-00:00[,S,V,F,V,C,119.81,119.81
20/08/2024,00:15,[00:00-00:15[,S,V,V,V,V,113.20,113.20
20/08/2024,00:30,[00:15-00:30[,S,V,V,V,V,113.20,113.20
20/08/2024,00:45,[00:30-00:45[,S,V,V,V,V,113.20,113.20
20/08/2024,01:00,[00:45-01:00[,S,V,V,V,V,113.20,113.20
20/08/2024,01:15,[01:00-01:15[,S,V,V,V,V,119.88,119.88
20/08/2024,01:30,[01:15-01:30[,S,V,V,V,V,119.88,119.88
20/08/2024,01:45,[01:30-01:45[,S,V,V,V,V,119.88,119.88
20/08/2024,02:00,[01:45-02:00[,S,V,V,V,V,119.88,119.88
20/08/2024,02:15,[02:00-02:15[,S,V,V,V,V,117.78,117.78
20/08/2024,02:30,[02:15-02:30[,S,V,V,V,V,117.78,117.78
20/08/2024,02:45,[02:30-02:45[,S,V,V,V,V,117.78,117.78
20/08/2024,03:00,[02:45-03:00[,S,V,V,V,V,117.78,117.78
20/08/2024,03:15,[03:00-03:15[,S,V,V,V,V,117.08,117.08
20/08/2024,03:30,[03:15-03:30[,S,V,V,V,V,117.08,117.08
20/08/2024,03:45,[03:30-03:45[,S,V,V,V,V,117.08,117.08
20/08/2024,04:00,[03:45-04:00[,S,V,V,V,V,117.08,117.08
20/08/2024,04:15,[04:00-04:15[,S,V,V,V,V,115.00,115.00
20/08/2024,04:30,[04:15-04:30[,S,V,V,V,V,115.00,115.00
20/08/2024,04:45,[04:30-04:45[,S,V,V,V,V,115.00,115.00
20/08/2024,05:00,[04:45-05:00[,S,V,V,V,V,115.00,115.00
20/08/2024,05:15,[05:00-05:15[,S,V,V,V,V,120.78,120.78
20/08/2024,05:30,[05:15-05:30[,S,V,V,V,V,120.78,120.78
20/08/2024,05:45,[05:30-05:45[,S,V,V,V,V,120.78,120.78
20/08/2024,06:00,[05:45-06:00[,S,V,V,V,V,120.78,120.78
20/08/2024,06:15,[06:00-06:15[,S,V,V,V,V,125.08,125.08
20/08/2024,06:30,[06:15-06:30[,S,V,V,V,V,125.08,125.08
20/08/2024,06:45,[06:30-06:45[,S,V,V,V,V,125.08,125.08
20/08/2024,07:00,[06:45-07:00[,S,V,V,V,V,125.08,125.08
20/08/2024,07:15,[07:00-07:15[,S,V,F,V,C,120.78,120.78
20/08/2024,07:30,[07:15-07:30[,S,V,F,V,C,120.78,120.78
20/08/2024,07:45,[07:30-07:45[,S,V,F,V,C,120.78,120.78
20/08/2024,08:00,[07:45-08:00[,S,V,F,V,C,120.78,120.78
20/08/2024,08:15,[08:00-08:15[,S,F,F,C,C,96.76,96.76
20/08/2024,08:30,[08:15-08:30[,S,F,F,C,C,96.76,96.76
20/08/2024,08:45,[08:30-08:45[,S,F,F,C,C,96.76,96.76
20/08/2024,09:00,[08:45-09:00[,S,F,F,C,C,96.76,96.76
20/08/2024,09:15,[09:00-09:15[,S,F,F,C,C,71.50,71.50
20/08/2024,09:30,[09:15-09:30[,S,F,F,C,P,71.50,71.50
20/08/2024,09:45,[09:30-09:45[,S,F,F,C,P,71.50,71.50
20/08/2024,10:00,[09:45-10:00[,S,F,F,C,P,71.50,71.50
20/08/2024,10:15,[10:00-10:15[,S,F,F,C,P,63.37,63.37
20/08/2024,10:30,[10:15-10:30[,S,F,F,C,P,63.37,63.37
20/08/2024,10:45,[10:30-10:45[,S,F,F,P,P,63.37,63.37
20/08/2024,11:00,[10:45-11:00[,S,F,F,P,P,63.37,63.37
20/08/2024,11:15,[11:00-11:15[,S,F,F,P,P,65.16,65.16
20/08/2024,11:30,[11:15-11:30[,S,F,F,P,P,65.16,65.16
20/08/2024,11:45,[11:30-11:45[,S,F,F,P,P,65.16,65.16
20/08/2024,12:00,[11:45-12:00[,S,F,F,P,P,65.16,65.16
20/08/2024,12:15,[12:00-12:15[,S,F,F,P,P,68.14,68.14
20/08/2024,12:30,[12:15-12:30[,S,F,F,P,C,68.14,68.14
20/08/2024,12:45,[12:30-12:45[,S,F,F,P,C,68.14,68.14
20/08/2024,13:00,[12:45-13:00[,S,F,F,P,C,68.14,68.14
20/08/2024,13:15,[13:00-13:15[,S,F,F,C,C,65.16,65.16
20/08/2024,13:30,[13:15-13:30[,S,F,F,C,C,65.16,65.16
20/08/2024,13:45,[13:30-13:45[,S,F,F,C,C,65.16,65.16
20/08/2024,14:00,[13:45-14:00[,S,F,F,C,C,65.16,65.16
20/08/2024,14:15,[14:00-14:15[,S,F,F,C,C,63.10,63.10
20/08/2024,14:30,[14:15-14:30[,S,F,F,C,C,63.10,63.10
20/08/2024,14:45,[14:30-14:45[,S,F,F,C,C,63.10,63.10
20/08/2024,15:00,[14:45-15:00[,S,F,F,C,C,63.10,63.10
20/08/2024,15:15,[15:00-15:15[,S,F,F,C,C,60.00,60.00
20/08/2024,15:30,[15:15-15:30[,S,F,F,C,C,60.00,60.00
20/08/2024,15:45,[15:30-15:45[,S,F,F,C,C,60.00,60.00
20/08/2024,16:00,[15:45-16:00[,S,F,F,C,C,60.00,60.00
20/08/2024,16:15,[16:00-16:15[,S,F,F,C,C,61.99,61.99
20/08/2024,16:30,[16:15-16:30[,S,F,F,C,C,61.99,61.99
20/08/2024,16:45,[16:30-16:45[,S,F,F,C,C,61.99,61.99
20/08/2024,17:00,[16:45-17:00[,S,F,F,C,C,61.99,61.99
20/08/2024,17:15,[17:00-17:15[,S,F,F,C,C,63.37,63.37
20/08/2024,17:30,[17:15-17:30[,S,F,F,C,C,63.37,63.37
20/08/2024,17:45,[17:30-17:45[,S,F,F,C,C,63.37,63.37
20/08/2024,18:00,[17:45-18:00[,S,F,F,C,C,63.37,63.37
20/08/2024,18:15,[18:00-18:15[,S,F,F,C,C,95.00,95.00
20/08/2024,18:30,[18:15-18:30[,S,F,F,C,C,95.00,95.00
20/08/2024,18:45,[18:30-18:45[,S,F,F,C,C,95.00,95.00
20/08/2024,19:00,[18:45-19:00[,S,F,F,C,C,95.00,95.00
20/08/2024,19:15,[19:00-19:15[,S,F,F,C,C,110.00,110.00
20/08/2024,19:30,[19:15-19:30[,S,F,F,C,C,110.00,110.00
20/08/2024,19:45,[19:30-19:45[,S,F,F,P,C,110.00,110.00
20/08/2024,20:00,[19:45-20:00[,S,F,F,P,C,110.00,110.00
20/08/2024,20:15,[20:00-20:15[,S,F,F,P,C,121.50,121.50
20/08/2024,20:30,[20:15-20:30[,S,F,F,P,C,121.50,121.50
20/08/2024,20:45,[20:30-20:45[,S,F,F,P,C,121.50,121.50
20/08/2024,21:00,[20:45-21:00[,S,F,F,P,C,121.50,121.50
20/08/2024,21:15,[21:00-21:15[,S,F,F,C,C,113.86,113.86
20/08/2024,21:30,[21:15-21:30[,S,F,F,C,C,113.86,113.86
20/08/2024,21:45,[21:30-21:45[,S,F,F,C,C,113.86,113.86
20/08/2024,22:00,[21:45-22:00[,S,F,F,C,C,113.86,113.86
20/08/2024,22:15,[22:00-22:15[,S,V,F,V,C,106.64,106.64
20/08/2024,22:30,[22:15-22:30[,S,V,F,V,C,106.64,106.64
20/08/2024,22:45,[22:30-22:45[,S,V,F,V,C,106.64,106.64
20/08/2024,23:00,[22:45-23:00[,S,V,F,V,C,106.64,106.64
20/08/2024,23:15,[23:00-23:15[,S,V,F,V,C,105.29,105.29
20/08/2024,23:30,[23:15-23:30[,S,V,F,V,C,105.29,105.29
20/08/2024,23:45,[23:30-23:45[,S,V,F,V,C,105.29,105.29
20/08/2024,23:59,[23:45-00:00[,S,V,F,V,C,105.29,105.29
21/08/2024,00:15,[00:00-00:15[,S,V,V,V,V,82.80,82.80
21/08/2024,00:30,[00:15-00:30[,S,V,V,V,V,82.80,82.80
21/08/2024,00:45,[00:30-00:45[,S,V,V,V,V,82.80,82.80
21/08/2024,01:00,[00:45-01:00[,S,V,V,V,V,82.80,82.80
21/08/2024,01:15,[01:00-01:15[,S,V,V,V,V,80.18,80.18
21/08/2024,01:30,[01:15-01:30[,S,V,V,V,V,80.18,80.18
21/08/2024,01:45,[01:30-01:45[,S,V,V,V,V,80.18,80.18
21/08/2024,02:00,[01:45-02:00[,S,V,V,V,V,80.18,80.18
21/08/2024,02:15,[02:00-02:15[,S,V,V,V,V,65.16,65.16
21/08/2024,02:30,[02:15-02:30[,S,V,V,V,V,65.16,65.16
21/08/2024,02:45,[02:30-02:45[,S,V,V,V,V,65.16,65.16
21/08/2024,03:00,[02:45-03:00[,S,V,V,V,V,65.16,65.16
21/08/2024,03:15,[03:00-03:15[,S,V,V,V,V,60.00,60.00
21/08/2024,03:30,[03:15-03:30[,S,V,V,V,V,60.00,60.00
21/08/2024,03:45,[03:30-03:45[,S,V,V,V,V,60.00,60.00
21/08/2024,04:00,[03:45-04:00[,S,V,V,V,V,60.00,60.00
21/08/2024,04:15,[04:00-04:15[,S,V,V,V,V,65.16,65.16
21/08/2024,04:30,[04:15-04:30[,S,V,V,V,V,65.16,65.16
21/08/2024,04:45,[04:30-04:45[,S,V,V,V,V,65.16,65.16
21/08/2024,05:00,[04:45-05:00[,S,V,V,V,V,65.16,65.16
21/08/2024,05:15,[05:00-05:15[,S,V,V,V,V,82.28,82.28
21/08/2024,05:30,[05:15-05:30[,S,V,V,V,V,82.28,82.28
21/08/2024,05:45,[05:30-05:45[,S,V,V,V,V,82.28,82.28
21/08/2024,06:00,[05:45-06:00[,S,V,V,V,V,82.28,82.28
21/08/2024,06:15,[06:00-06:15[,S,V,V,V,V,104.76,104.76
21/08/2024,06:30,[06:15-06:30[,S,V,V,V,V,104.76,104.76
21/08/2024,06:45,[06:30-06:45[,S,V,V,V,V,104.76,104.76
21/08/2024,07:00,[06:45-07:00[,S,V,V,V,V,104.76,104.76
21/08/2024,07:15,[07:00-07:15[,S,V,F,V,C,89.16,89.16
21/08/2024,07:30,[07:15-07:30[,S,V,F,V,C,89.16,89.16
21/08/2024,07:45,[07:30-07:45[,S,V,F,V,C,89.16,89.16
21/08/2024,08:00,[07:45-08:00[,S,V,F,V,C,89.16,89.16
21/08/2024,08:15,[08:00-08:15[,S,F,F,C,C,57.27,57.27
21/08/2024,08:30,[08:15-08:30[,S,F,F,C,C,57.27,57.27
21/08/2024,08:45,[08:30-08:45[,S,F,F,C,C,57.27,57.27
21/08/2024,09:00,[08:45-09:00[,S,F,F,C,C,57.27,57.27
21/08/2024,09:15,[09:00-09:15[,S,F,F,C,C,8.00,8.00
21/08/2024,09:30,[09:15-09:30[,S,F,F,C,P,8.00,8.00
21/08/2024,09:45,[09:30-09:45[,S,F,F,C,P,8.00,8.00
21/08/2024,10:00,[09:45-10:00[,S,F,F,C,P,8.00,8.00
21/08/2024,10:15,[10:00-10:15[,S,F,F,C,P,5.22,5.22
21/08/2024,10:30,[10:15-10:30[,S,F,F,C,P,5.22,5.22
21/08/2024,10:45,[10:30-10:45[,S,F,F,P,P,5.22,5.22
21/08/2024,11:00,[10:45-11:00[,S,F,F,P,P,5.22,5.22
21/08/2024,11:15,[11:00-11:15[,S,F,F,P,P,7.48,7.48
21/08/2024,11:30,[11:15-11:30[,S,F,F,P,P,7.48,7.48
21/08/2024,11:45,[11:30-11:45[,S,F,F,P,P,7.48,7.48
21/08/2024,12:00,[11:45-12:00[,S,F,F,P,P,7.48,7.48
21/08/2024,12:15,[12:00-12:15[,S,F,F,P,P,68.18,40.00
21/08/2024,12:30,[12:15-12:30[,S,F,F,P,C,68.18,40.00
21/08/2024,12:45,[12:30-12:45[,S,F,F,P,C,68.18,40.00
21/08/2024,13:00,[12:45-13:00[,S,F,F,P,C,68.18,40.00
21/08/2024,13:15,[13:00-13:15[,S,F,F,C,C,53.10,53.10
21/08/2024,13:30,[13:15-13:30[,S,F,F,C,C,53.10,53.10
21/08/2024,13:45,[13:30-13:45[,S,F,F,C,C,53.10,53.10
21/08/2024,14:00,[13:45-14:00[,S,F,F,C,C,53.10,53.10
21/08/2024,14:15,[14:00-14:15[,S,F,F,C,C,68.18,60.50
21/08/2024,14:30,[14:15-14:30[,S,F,F,C,C,68.18,60.50
21/08/2024,14:45,[14:30-14:45[,S,F,F,C,C,68.18,60.50
21/08/2024,15:00,[14:45-15:00[,S,F,F,C,C,68.18,60.50
21/08/2024,15:15,[15:00-15:15[,S,F,F,C,C,68.18,65.33
21/08/2024,15:30,[15:15-15:30[,S,F,F,C,C,68.18,65.33
21/08/2024,15:45,[15:30-15:45[,S,F,F,C,C,68.18,65.33
21/08/2024,16:00,[15:45-16:00[,S,F,F,C,C,68.18,65.33
21/08/2024,16:15,[16:00-16:15[,S,F,F,C,C,80.39,80.39
21/08/2024,16:30,[16:15-16:30[,S,F,F,C,C,80.39,80.39
21/08/2024,16:45,[16:30-16:45[,S,F,F,C,C,80.39,80.39
21/08/2024,17:00,[16:45-17:00[,S,F,F,C,C,80.39,80.39
21/08/2024,17:15,[17:00-17:15[,S,F,F,C,C,98.27,98.27
21/08/2024,17:30,[17:15-17:30[,S,F,F,C,C,98.27,98.27
21/08/2024,17:45,[17:30-17:45[,S,F,F,C,C,98.27,98.27
21/08/2024,18:00,[17:45-18:00[,S,F,F,C,C,98.27,98.27
21/08/2024,18:15,[18:00-18:15[,S,F,F,C,C,111.80,111.80
21/08/2024,18:30,[18:15-18:30[,S,F,F,C,C,111.80,111.80
21/08/2024,18:45,[18:30-18:45[,S,F,F,C,C,111.80,111.80
21/08/2024,19:00,[18:45-19:00[,S,F,F,C,C,111.80,111.80
21/08/2024,19:15,[19:00-19:15[,S,F,F,C,C,129.20,129.20
21/08/2024,19:30,[19:15-19:30[,S,F,F,C,C,129.20,129.20
21/08/2024,19:45,[19:30-19:45[,S,F,F,P,C,129.20,129.20
21/08/2024,20:00,[19:45-20:00[,S,F,F,P,C,129.20,129.20
21/08/2024,20:15,[20:00-20:15[,S,F,F,P,C,165.01,165.01
21/08/2024,20:30,[20:15-20:30[,S,F,F,P,C,165.01,165.01
21/08/2024,20:45,[20:30-20:45[,S,F,F,P,C,165.01,165.01
21/08/2024,21:00,[20:45-21:00[,S,F,F,P,C,165.01,165.01
21/08/2024,21:15,[21:00-21:15[,S,F,F,C,C,150.34,150.34
21/08/2024,21:30,[21:15-21:30[,S,F,F,C,C,150.34,150.34
21/08/2024,21:45,[21:30-21:45[,S,F,F,C,C,150.34,150.34
21/08/2024,22:00,[21:45-22:00[,S,F,F,C,C,150.34,150.34
21/08/2024,22:15,[22:00-22:15[,S,V,F,V,C,130.70,130.70
21/08/2024,22:30,[22:15-22:30[,S,V,F,V,C,130.70,130.70
21/08/2024,22:45,[22:30-22:45[,S,V,F,V,C,130.70,130.70
21/08/2024,23:00,[22:45-23:00[,S,V,F,V,C,130.70,130.70
21/08/2024,23:15,[23:00-23:15[,S,V,F,V,C,120.30,120.30
21/08/2024,23:30,[23:15-23:30[,S,V,F,V,C,120.30,120.30
21/08/2024,23:45,[23:30-23:45[,S,V,F,V,C,120.30,120.30
21/08/2024,23:59,[23:45-00:00[,S,V,F,V,C,120.30,120.30
22/08/2024,00:15,[00:00-00:15[,S,V,V,V,V,115.71,115.71
22/08/2024,00:30,[00:15-00:30[,S,V,V,V,V,115.71,115.71
22/08/2024,00:45,[00:30-00:45[,S,V,V,V,V,115.71,115.71
22/08/2024,01:00,[00:45-01:00[,S,V,V,V,V,115.71,115.71
22/08/2024,01:15,[01:00-01:15[,S,V,V,V,V,118.85,118.85
22/08/2024,01:30,[01:15-01:30[,S,V,V,V,V,118.85,118.85
22/08/2024,01:45,[01:30-01:45[,S,V,V,V,V,118.85,118.85
22/08/2024,02:00,[01:45-02:00[,S,V,V,V,V,118.85,118.85
22/08/2024,02:15,[02:00-02:15[,S,V,V,V,V,118.89,118.89
22/08/2024,02:30,[02:15-02:30[,S,V,V,V,V,118.89,118.89
22/08/2024,02:45,[02:30-02:45[,S,V,V,V,V,118.89,118.89
22/08/2024,03:00,[02:45-03:00[,S,V,V,V,V,118.89,118.89
22/08/2024,03:15,[03:00-03:15[,S,V,V,V,V,118.85,118.85
22/08/2024,03:30,[03:15-03:30[,S,V,V,V,V,118.85,118.85
22/08/2024,03:45,[03:30-03:45[,S,V,V,V,V,118.85,118.85
22/08/2024,04:00,[03:45-04:00[,S,V,V,V,V,118.85,118.85
22/08/2024,04:15,[04:00-04:15[,S,V,V,V,V,118.85,118.85
22/08/2024,04:30,[04:15-04:30[,S,V,V,V,V,118.85,118.85
22/08/2024,04:45,[04:30-04:45[,S,V,V,V,V,118.85,118.85
22/08/2024,05:00,[04:45-05:00[,S,V,V,V,V,118.85,118.85
22/08/2024,05:15,[05:00-05:15[,S,V,V,V,V,121.02,121.02
22/08/2024,05:30,[05:15-05:30[,S,V,V,V,V,121.02,121.02
22/08/2024,05:45,[05:30-05:45[,S,V,V,V,V,121.02,121.02
22/08/2024,06:00,[05:45-06:00[,S,V,V,V,V,121.02,121.02
22/08/2024,06:15,[06:00-06:15[,S,V,V,V,V,126.71,126.71
22/08/2024,06:30,[06:15-06:30[,S,V,V,V,V,126.71,126.71
22/08/2024,06:45,[06:30-06:45[,S,V,V,V,V,126.71,126.71
22/08/2024,07:00,[06:45-07:00[,S,V,V,V,V,126.71,126.71
22/08/2024,07:15,[07:00-07:15[,S,V,F,V,C,121.02,121.02
22/08/2024,07:30,[07:15-07:30[,S,V,F,V,C,121.02,121.02
22/08/2024,07:45,[07:30-07:45[,S,V,F,V,C,121.02,121.02
22/08/2024,08:00,[07:45-08:00[,S,V,F,V,C,121.02,121.02
22/08/2024,08:15,[08:00-08:15[,S,F,F,C,C,117.49,117.49
22/08/2024,08:30,[08:15-08:30[,S,F,F,C,C,117.49,117.49
22/08/2024,08:45,[08:30-08:45[,S,F,F,C,C,117.49,117.49
22/08/2024,09:00,[08:45-09:00[,S,F,F,C,C,117.49,117.49
22/08/2024,09:15,[09:00-09:15[,S,F,F,C,C,103.77,103.77
22/08/2024,09:30,[09:15-09:30[,S,F,F,C,P,103.77,103.77
22/08/2024,09:45,[09:30-09:45[,S,F,F,C,P,103.77,103.77
22/08/2024,10:00,[09:45-10:00[,S,F,F,C,P,103.77,103.77
22/08/2024,10:15,[10:00-10:15[,S,F,F,C,P,82.41,82.41
22/08/2024,10:30,[10:15-10:30[,S,F,F,C,P,82.41,82.41
22/08/2024,10:45,[10:30-10:45[,S,F,F,P,P,82.41,82.41
22/08/2024,11:00,[10:45-11:00[,S,F,F,P,P,82.41,82.41
22/08/2024,11:15,[11:00-11:15[,S,F,F,P,P,81.25,81.25
22/08/2024,11:30,[11:15-11:30[,S,F,F,P,P,81.25,81.25
22/08/2024,11:45,[11:30-11:45[,S,F,F,P,P,81.25,81.25
22/08/2024,12:00,[11:45-12:00[,S,F,F,P,P,81.25,81.25
22/08/2024,12:15,[12:00-12:15[,S,F,F,P,P,82.28,82.28
22/08/2024,12:30,[12:15-12:30[,S,F,F,P,C,82.28,82.28
22/08/2024,12:45,[12:30-12:45[,S,F,F,P,C,82.28,82.28
22/08/2024,13:00,[12:45-13:00[,S,F,F,P,C,82.28,82.28
22/08/2024,13:15,[13:00-13:15[,S,F,F,C,C,80.99,80.99
22/08/2024,13:30,[13:15-13:30[,S,F,F,C,C,80.99,80.99
22/08/2024,13:45,[13:30-13:45[,S,F,F,C,C,80.99,80.99
22/08/2024,14:00,[13:45-14:00[,S,F,F,C,C,80.99,80.99
22/08/2024,14:15,[14:00-14:15[,S,F,F,C,C,78.39,78.39
22/08/2024,14:30,[14:15-14:30[,S,F,F,C,C,78.39,78.39
22/08/2024,14:45,[14:30-14:45[,S,F,F,C,C,78.39,78.39
22/08/2024,15:00,[14:45-15:00[,S,F,F,C,C,78.39,78.39
22/08/2024,15:15,[15:00-15:15[,S,F,F,C,C,78.18,78.18
22/08/2024,15:30,[15:15-15:30[,S,F,F,C,C,78.18,78.18
22/08/2024,15:45,[15:30-15:45[,S,F,F,C,C,78.18,78.18
22/08/2024,16:00,[15:45-16:00[,S,F,F,C,C,78.18,78.18
22/08/2024,16:15,[16:00-16:15[,S,F,F,C,C,80.99,80.99
22/08/2024,16:30,[16:15-16:30[,S,F,F,C,C,80.99,80.99
22/08/2024,16:45,[16:30-16:45[,S,F,F,C,C,80.99,80.99
22/08/2024,17:00,[16:45-17:00[,S,F,F,C,C,80.99,80.99
22/08/2024,17:15,[17:00-17:15[,S,F,F,C,C,86.31,86.31
22/08/2024,17:30,[17:15-17:30[,S,F,F,C,C,86.31,86.31
22/08/2024,17:45,[17:30-17:45[,S,F,F,C,C,86.31,86.31
22/08/2024,18:00,[17:45-18:00[,S,F,F,C,C,86.31,86.31
22/08/2024,18:15,[18:00-18:15[,S,F,F,C,C,117.49,117.49
22/08/2024,18:30,[18:15-18:30[,S,F,F,C,C,117.49,117.49
22/08/2024,18:45,[18:30-18:45[,S,F,F,C,C,117.49,117.49
22/08/2024,19:00,[18:45-19:00[,S,F,F,C,C,117.49,117.49
22/08/2024,19:15,[19:00-19:15[,S,F,F,C,C,131.99,131.99
22/08/2024,19:30,[19:15-19:30[,S,F,F,C,C,131.99,131.99
22/08/2024,19:45,[19:30-19:45[,S,F,F,P,C,131.99,131.99
22/08/2024,20:00,[19:45-20:00[,S,F,F,P,C,131.99,131.99
22/08/2024,20:15,[20:00-20:15[,S,F,F,P,C,164.50,164.50
22/08/2024,20:30,[20:15-20:30[,S,F,F,P,C,164.50,164.50
22/08/2024,20:45,[20:30-20:45[,S,F,F,P,C,164.50,164.50
22/08/2024,21:00,[20:45-21:00[,S,F,F,P,C,164.50,164.50
22/08/2024,21:15,[21:00-21:15[,S,F,F,C,C,137.79,137.79
22/08/2024,21:30,[21:15-21:30[,S,F,F,C,C,137.79,137.79
22/08/2024,21:45,[21:30-21:45[,S,F,F,C,C,137.79,137.79
22/08/2024,22:00,[21:45-22:00[,S,F,F,C,C,137.79,137.79
22/08/2024,22:15,[22:00-22:15[,S,V,F,V,C,121.50,121.50
22/08/2024,22:30,[22:15-22:30[,S,V,F,V,C,121.50,121.50
22/08/2024,22:45,[22:30-22:45[,S,V,F,V,C,121.50,121.50
22/08/2024,23:00,[22:45-23:00[,S,V,F,V,C,121.50,121.50
22/08/2024,23:15,[23:00-23:15[,S,V,F,V,C,115.85,115.85
22/08/2024,23:30,[23:15-23:30[,S,V,F,V,C,115.85,115.85
22/08/2024,23:45,[23:30-23:45[,S,V,F,V,C,115.85,115.85
22/08/2024,23:59,[23:45-00:00[,S,V,F,V,C,115.85,115.85
23/08/2024,00:15,[00:00-00:15[,S,V,V,V,V,113.49,113.49
23/08/2024,00:30,[00:15-00:30[,S,V,V,V,V,113.49,113.49
23/08/2024,00:45,[00:30-00:45[,S,V,V,V,V,113.49,113.49
23/08/2024,01:00,[00:45-01:00[,S,V,V,V,V,113.49,113.49
23/08/2024,01:15,[01:00-01:15[,S,V,V,V,V,109.21,109.21
23/08/2024,01:30,[01:15-01:30[,S,V,V,V,V,109.21,109.21
23/08/2024,01:45,[01:30-01:45[,S,V,V,V,V,109.21,109.21
23/08/2024,02:00,[01:45-02:00[,S,V,V,V,V,109.21,109.21
23/08/2024,02:15,[02:00-02:15[,S,V,V,V,V,116.69,116.69
23/08/2024,02:30,[02:15-02:30[,S,V,V,V,V,116.69,116.69
23/08/2024,02:45,[02:30-02:45[,S,V,V,V,V,116.69,116.69
23/08/2024,03:00,[02:45-03:00[,S,V,V,V,V,116.69,116.69
23/08/2024,03:15,[03:00-03:15[,S,V,V,V,V,116.69,116.69
23/08/2024,03:30,[03:15-03:30[,S,V,V,V,V,116.69,116.69
23/08/2024,03:45,[03:30-03:45[,S,V,V,V,V,116.69,116.69
23/08/2024,04:00,[03:45-04:00[,S,V,V,V,V,116.69,116.69
23/08/2024,04:15,[04:00-04:15[,S,V,V,V,V,115.85,115.85
23/08/2024,04:30,[04:15-04:30[,S,V,V,V,V,115.85,115.85
23/08/2024,04:45,[04:30-04:45[,S,V,V,V,V,115.85,115.85
23/08/2024,05:00,[04:45-05:00[,S,V,V,V,V,115.85,115.85
23/08/2024,05:15,[05:00-05:15[,S,V,V,V,V,117.27,117.27
23/08/2024,05:30,[05:15-05:30[,S,V,V,V,V,117.27,117.27
23/08/2024,05:45,[05:30-05:45[,S,V,V,V,V,117.27,117.27
23/08/2024,06:00,[05:45-06:00[,S,V,V,V,V,117.27,117.27
23/08/2024,06:15,[06:00-06:15[,S,V,V,V,V,124.90,124.90
23/08/2024,06:30,[06:15-06:30[,S,V,V,V,V,124.90,124.90
23/08/2024,06:45,[06:30-06:45[,S,V,V,V,V,124.90,124.90
23/08/2024,07:00,[06:45-07:00[,S,V,V,V,V,124.90,124.90
23/08/2024,07:15,[07:00-07:15[,S,V,F,V,C,119.39,119.39
23/08/2024,07:30,[07:15-07:30[,S,V,F,V,C,119.39,119.39
23/08/2024,07:45,[07:30-07:45[,S,V,F,V,C,119.39,119.39
23/08/2024,08:00,[07:45-08:00[,S,V,F,V,C,119.39,119.39
23/08/2024,08:15,[08:00-08:15[,S,F,F,C,C,116.69,116.69
23/08/2024,08:30,[08:15-08:30[,S,F,F,C,C,116.69,116.69
23/08/2024,08:45,[08:30-08:45[,S,F,F,C,C,116.69,116.69
23/08/2024,09:00,[08:45-09:00[,S,F,F,C,C,116.69,116.69
23/08/2024,09:15,[09:00-09:15[,S,F,F,C,C,104.92,104.92
23/08/2024,09:30,[09:15-09:30[,S,F,F,C,P,104.92,104.92
23/08/2024,09:45,[09:30-09:45[,S,F,F,C,P,104.92,104.92
23/08/2024,10:00,[09:45-10:00[,S,F,F,C,P,104.92,104.92
23/08/2024,10:15,[10:00-10:15[,S,F,F,C,P,82.36,82.36
23/08/2024,10:30,[10:15-10:30[,S,F,F,C,P,82.36,82.36
23/08/2024,10:45,[10:30-10:45[,S,F,F,P,P,82.36,82.36
23/08/2024,11:00,[10:45-11:00[,S,F,F,P,P,82.36,82.36
23/08/2024,11:15,[11:00-11:15[,S,F,F,P,P,81.87,81.87
23/08/2024,11:30,[11:15-11:30[,S,F,F,P,P,81.87,81.87
23/08/2024,11:45,[11:30-11:45[,S,F,F,P,P,81.87,81.87
23/08/2024,12:00,[11:45-12:00[,S,F,F,P,P,81.87,81.87
23/08/2024,12:15,[12:00-12:15[,S,F,F,P,P,82.36,82.36
23/08/2024,12:30,[12:15-12:30[,S,F,F,P,C,82.36,82.36
23/08/2024,12:45,[12:30-12:45[,S,F,F,P,C,82.36,82.36
23/08/2024,13:00,[12:45-13:00[,S,F,F,P,C,82.36,82.36
23/08/2024,13:15,[13:00-13:15[,S,F,F,C,C,81.74,81.74
23/08/2024,13:30,[13:15-13:30[,S,F,F,C,C,81.74,81.74
23/08/2024,13:45,[13:30-13:45[,S,F,F,C,C,81.74,81.74
23/08/2024,14:00,[13:45-14:00[,S,F,F,C,C,81.74,81.74
23/08/2024,14:15,[14:00-14:15[,S,F,F,C,C,77.00,77.00
23/08/2024,14:30,[14:15-14:30[,S,F,F,C,C,77.00,77.00
23/08/2024,14:45,[14:30-14:45[,S,F,F,C,C,77.00,77.00
23/08/2024,15:00,[14:45-15:00[,S,F,F,C,C,77.00,77.00
23/08/2024,15:15,[15:00-15:15[,S,F,F,C,C,77.95,77.95
23/08/2024,15:30,[15:15-15:30[,S,F,F,C,C,77.95,77.95
23/08/2024,15:45,[15:30-15:45[,S,F,F,C,C,77.95,77.95
23/08/2024,16:00,[15:45-16:00[,S,F,F,C,C,77.95,77.95
23/08/2024,16:15,[16:00-16:15[,S,F,F,C,C,82.15,82.15
23/08/2024,16:30,[16:15-16:30[,S,F,F,C,C,82.15,82.15
23/08/2024,16:45,[16:30-16:45[,S,F,F,C,C,82.15,82.15
23/08/2024,17:00,[16:45-17:00[,S,F,F,C,C,82.15,82.15
23/08/2024,17:15,[17:00-17:15[,S,F,F,C,C,104.76,104.76
23/08/2024,17:30,[17:15-17:30[,S,F,F,C,C,104.76,104.76
23/08/2024,17:45,[17:30-17:45[,S,F,F,C,C,104.76,104.76
23/08/2024,18:00,[17:45-18:00[,S,F,F,C,C,104.76,104.76
23/08/2024,18:15,[18:00-18:15[,S,F,F,C,C,116.57,116.57
23/08/2024,18:30,[18:15-18:30[,S,F,F,C,C,116.57,116.57
23/08/2024,18:45,[18:30-18:45[,S,F,F,C,C,116.57,116.57
23/08/2024,19:00,[18:45-19:00[,S,F,F,C,C,116.57,116.57
23/08/2024,19:15,[19:00-19:15[,S,F,F,C,C,124.90,124.90
23/08/2024,19:30,[19:15-19:30[,S,F,F,C,C,124.90,124.90
23/08/2024,19:45,[19:30-19:45[,S,F,F,P,C,124.90,124.90
23/08/2024,20:00,[19:45-20:00[,S,F,F,P,C,124.90,124.90
23/08/2024,20:15,[20:00-20:15[,S,F,F,P,C,141.20,141.20
23/08/2024,20:30,[20:15-20:30[,S,F,F,P,C,141.20,141.20
23/08/2024,20:45,[20:30-20:45[,S,F,F,P,C,141.20,141.20
23/08/2024,21:00,[20:45-21:00[,S,F,F,P,C,141.20,141.20
23/08/2024,21:15,[21:00-21:15[,S,F,F,C,C,125.99,125.99
23/08/2024,21:30,[21:15-21:30[,S,F,F,C,C,125.99,125.99
23/08/2024,21:45,[21:30-21:45[,S,F,F,C,C,125.99,125.99
23/08/2024,22:00,[21:45-22:00[,S,F,F,C,C,125.99,125.99
23/08/2024,22:15,[22:00-22:15[,S,V,F,V,C,120.29,120.29
23/08/2024,22:30,[22:15-22:30[,S,V,F,V,C,120.29,120.29
23/08/2024,22:45,[22:30-22:45[,S,V,F,V,C,120.29,120.29
23/08/2024,23:00,[22:45-23:00[,S,V,F,V,C,120.29,120.29
23/08/2024,23:15,[23:00-23:15[,S,V,F,V,C,115.23,115.23
23/08/2024,23:30,[23:15-23:30[,S,V,F,V,C,115.23,115.23
23/08/2024,23:45,[23:30-23:45[,S,V,F,V,C,115.23,115.23
23/08/2024,23:59,[23:45-00:00[,S,V,F,V,C,115.23,115.23
24/08/2024,00:15,[00:00-00:15[,S,V,V,V,V,113.92,113.92
24/08/2024,00:30,[00:15-00:30[,S,V,V,V,V,113.92,113.92
24/08/2024,00:45,[00:30-00:45[,S,V,V,V,V,113.92,113.92
24/08/2024,01:00,[00:45-01:00[,S,V,V,V,V,113.92,113.92
24/08/2024,01:15,[01:00-01:15[,S,V,V,V,V,104.92,104.92
24/08/2024,01:30,[01:15-01:30[,S,V,V,V,V,104.92,104.92
24/08/2024,01:45,[01:30-01:45[,S,V,V,V,V,104.92,104.92
24/08/2024,02:00,[01:45-02:00[,S,V,V,V,V,104.92,104.92
24/08/2024,02:15,[02:00-02:15[,S,V,V,V,V,109.02,109.02
24/08/2024,02:30,[02:15-02:30[,S,V,V,V,V,109.02,109.02
24/08/2024,02:45,[02:30-02:45[,S,V,V,V,V,109.02,109.02
24/08/2024,03:00,[02:45-03:00[,S,V,V,V,V,109.02,109.02
24/08/2024,03:15,[03:00-03:15[,S,V,V,V,V,98.75,98.75
24/08/2024,03:30,[03:15-03:30[,S,V,V,V,V,98.75,98.75
24/08/2024,03:45,[03:30-03:45[,S,V,V,V,V,98.75,98.75
24/08/2024,04:00,[03:45-04:00[,S,V,V,V,V,98.75,98.75
24/08/2024,04:15,[04:00-04:15[,S,V,V,V,V,98.00,98.00
24/08/2024,04:30,[04:15-04:30[,S,V,V,V,V,98.00,98.00
24/08/2024,04:45,[04:30-04:45[,S,V,V,V,V,98.00,98.00
24/08/2024,05:00,[04:45-05:00[,S,V,V,V,V,98.00,98.00
24/08/2024,05:15,[05:00-05:15[,S,V,V,V,V,103.42,103.42
24/08/2024,05:30,[05:15-05:30[,S,V,V,V,V,103.42,103.42
24/08/2024,05:45,[05:30-05:45[,S,V,V,V,V,103.42,103.42
24/08/2024,06:00,[05:45-06:00[,S,V,V,V,V,103.42,103.42
24/08/2024,06:15,[06:00-06:15[,S,V,V,V,V,105.91,105.91
24/08/2024,06:30,[06:15-06:30[,S,V,V,V,V,105.91,105.91
24/08/2024,06:45,[06:30-06:45[,S,V,V,V,V,105.91,105.91
24/08/2024,07:00,[06:45-07:00[,S,V,V,V,V,105.91,105.91
24/08/2024,07:15,[07:00-07:15[,S,V,V,V,V,82.90,82.90
24/08/2024,07:30,[07:15-07:30[,S,V,V,V,V,82.90,82.90
24/08/2024,07:45,[07:30-07:45[,S,V,V,V,V,82.90,82.90
24/08/2024,08:00,[07:45-08:00[,S,V,V,V,V,82.90,82.90
24/08/2024,08:15,[08:00-08:15[,S,F,V,C,V,15.00,15.00
24/08/2024,08:30,[08:15-08:30[,S,F,V,C,V,15.00,15.00
24/08/2024,08:45,[08:30-08:45[,S,F,V,C,V,15.00,15.00
24/08/2024,09:00,[08:45-09:00[,S,F,V,C,V,15.00,15.00
24/08/2024,09:15,[09:00-09:15[,S,F,F,C,C,1.95,0.01
24/08/2024,09:30,[09:15-09:30[,S,F,F,C,C,1.95,0.01
24/08/2024,09:45,[09:30-09:45[,S,F,F,C,C,1.95,0.01
24/08/2024,10:00,[09:45-10:00[,S,F,F,C,C,1.95,0.01
24/08/2024,10:15,[10:00-10:15[,S,F,F,C,C,1.90,0.00
24/08/2024,10:30,[10:15-10:30[,S,F,F,C,C,1.90,0.00
24/08/2024,10:45,[10:30-10:45[,S,F,F,P,C,1.90,0.00
24/08/2024,11:00,[10:45-11:00[,S,F,F,P,C,1.90,0.00
24/08/2024,11:15,[11:00-11:15[,S,F,F,P,C,0.00,0.00
24/08/2024,11:30,[11:15-11:30[,S,F,F,P,C,0.00,0.00
24/08/2024,11:45,[11:30-11:45[,S,F,F,P,C,0.00,0.00
24/08/2024,12:00,[11:45-12:00[,S,F,F,P,C,0.00,0.00
24/08/2024,12:15,[12:00-12:15[,S,F,F,P,C,0.00,0.00
24/08/2024,12:30,[12:15-12:30[,S,F,F,P,C,0.00,0.00
24/08/2024,12:45,[12:30-12:45[,S,F,F,P,C,0.00,0.00
24/08/2024,13:00,[12:45-13:00[,S,F,F,P,C,0.00,0.00
24/08/2024,13:15,[13:00-13:15[,S,F,F,C,C,0.00,0.00
24/08/2024,13:30,[13:15-13:30[,S,F,F,C,C,0.00,0.00
24/08/2024,13:45,[13:30-13:45[,S,F,F,C,C,0.00,0.00
24/08/2024,14:00,[13:45-14:00[,S,F,F,C,C,0.00,0.00
24/08/2024,14:15,[14:00-14:15[,S,F,V,C,V,0.00,0.00
24/08/2024,14:30,[14:15-14:30[,S,F,V,C,V,0.00,0.00
24/08/2024,14:45,[14:30-14:45[,S,F,V,C,V,0.00,0.00
24/08/2024,15:00,[14:45-15:00[,S,F,V,C,V,0.00,0.00
24/08/2024,15:15,[15:00-15:15[,S,F,V,C,V,0.00,0.00
24/08/2024,15:30,[15:15-15:30[,S,F,V,C,V,0.00,0.00
24/08/2024,15:45,[15:30-15:45[,S,F,V,C,V,0.00,0.00
24/08/2024,16:00,[15:45-16:00[,S,F,V,C,V,0.00,0.00
24/08/2024,16:15,[16:00-16:15[,S,F,V,C,V,3.32,3.32
24/08/2024,16:30,[16:15-16:30[,S,F,V,C,V,3.32,3.32
24/08/2024,16:45,[16:30-16:45[,S,F,V,C,V,3.32,3.32
24/08/2024,17:00,[16:45-17:00[,S,F,V,C,V,3.32,3.32
24/08/2024,17:15,[17:00-17:15[,S,F,V,C,V,16.77,16.77
24/08/2024,17:30,[17:15-17:30[,S,F,V,C,V,16.77,16.77
24/08/2024,17:45,[17:30-17:45[,S,F,V,C,V,16.77,16.77
24/08/2024,18:00,[17:45-18:00[,S,F,V,C,V,16.77,16.77
24/08/2024,18:15,[18:00-18:15[,S,F,V,C,V,71.41,71.41
24/08/2024,18:30,[18:15-18:30[,S,F,V,C,V,71.41,71.41
24/08/2024,18:45,[18:30-18:45[,S,F,V,C,V,71.41,71.41
24/08/2024,19:00,[18:45-19:00[,S,F,V,C,V,71.41,71.41
24/08/2024,19:15,[19:00-19:15[,S,F,V,C,V,103.42,103.42
24/08/2024,19:30,[19:15-19:30[,S,F,V,C,V,103.42,103.42
24/08/2024,19:45,[19:30-19:45[,S,F,V,P,V,103.42,103.42
24/08/2024,20:00,[19:45-20:00[,S,F,V,P,V,103.42,103.42
24/08/2024,20:15,[20:00-20:15[,S,F,F,P,C,116.62,116.62
24/08/2024,20:30,[20:15-20:30[,S,F,F,P,C,116.62,116.62
24/08/2024,20:45,[20:30-20:45[,S,F,F,P,C,116.62,116.62
24/08/2024,21:00,[20:45-21:00[,S,F,F,P,C,116.62,116.62
24/08/2024,21:15,[21:00-21:15[,S,F,F,C,C,98.75,98.75
24/08/2024,21:30,[21:15-21:30[,S,F,F,C,C,98.75,98.75
24/08/2024,21:45,[21:30-21:45[,S,F,F,C,C,98.75,98.75
24/08/2024,22:00,[21:45-22:00[,S,F,F,C,C,98.75,98.75
24/08/2024,22:15,[22:00-22:15[,S,V,V,V,V,90.41,90.41
24/08/2024,22:30,[22:15-22:30[,S,V,V,V,V,90.41,90.41
24/08/2024,22:45,[22:30-22:45[,S,V,V,V,V,90.41,90.41
24/08/2024,23:00,[22:45-23:00[,S,V,V,V,V,90.41,90.41
24/08/2024,23:15,[23:00-23:15[,S,V,V,V,V,70.00,70.00
24/08/2024,23:30,[23:15-23:30[,S,V,V,V,V,70.00,70.00
24/08/2024,23:45,[23:30-23:45[,S,V,V,V,V,70.00,70.00
24/08/2024,23:59,[23:45-00:00[,S,V,V,V,V,70.00,70.00
25/08/2024,00:15,[00:00-00:15[,S,V,V,V,V,56.44,56.44
25/08/2024,00:30,[00:15-00:30[,S,V,V,V,V,56.44,56.44
25/08/2024,00:45,[00:30-00:45[,S,V,V,V,V,56.44,56.44
25/08/2024,01:00,[00:45-01:00[,S,V,V,V,V,56.44,56.44
25/08/2024,01:15,[01:00-01:15[,S,V,V,V,V,50.00,50.00
25/08/2024,01:30,[01:15-01:30[,S,V,V,V,V,50.00,50.00
25/08/2024,01:45,[01:30-01:45[,S,V,V,V,V,50.00,50.00
25/08/2024,02:00,[01:45-02:00[,S,V,V,V,V,50.00,50.00
25/08/2024,02:15,[02:00-02:15[,S,V,V,V,V,42.02,42.02
25/08/2024,02:30,[02:15-02:30[,S,V,V,V,V,42.02,42.02
25/08/2024,02:45,[02:30-02:45[,S,V,V,V,V,42.02,42.02
25/08/2024,03:00,[02:45-03:00[,S,V,V,V,V,42.02,42.02
25/08/2024,03:15,[03:00-03:15[,S,V,V,V,V,8.00,8.00
25/08/2024,03:30,[03:15-03:30[,S,V,V,V,V,8.00,8.00
25/08/2024,03:45,[03:30-03:45[,S,V,V,V,V,8.00,8.00
25/08/2024,04:00,[03:45-04:00[,S,V,V,V,V,8.00,8.00
25/08/2024,04:15,[04:00-04:15[,S,V,V,V,V,6.99,6.99
25/08/2024,04:30,[04:15-04:30[,S,V,V,V,V,6.99,6.99
25/08/2024,04:45,[04:30-04:45[,S,V,V,V,V,6.99,6.99
25/08/2024,05:00,[04:45-05:00[,S,V,V,V,V,6.99,6.99
25/08/2024,05:15,[05:00-05:15[,S,V,V,V,V,14.00,14.00
25/08/2024,05:30,[05:15-05:30[,S,V,V,V,V,14.00,14.00
25/08/2024,05:45,[05:30-05:45[,S,V,V,V,V,14.00,14.00
25/08/2024,06:00,[05:45-06:00[,S,V,V,V,V,14.00,14.00
25/08/2024,06:15,[06:00-06:15[,S,V,V,V,V,14.00,14.00
25/08/2024,06:30,[06:15-06:30[,S,V,V,V,V,14.00,14.00
25/08/2024,06:45,[06:30-06:45[,S,V,V,V,V,14.00,14.00
25/08/2024,07:00,[06:45-07:00[,S,V,V,V,V,14.00,14.00
25/08/2024,07:15,[07:00-07:15[,S,V,V,V,V,3.32,3.32
25/08/2024,07:30,[07:15-07:30[,S,V,V,V,V,3.32,3.32
25/08/2024,07:45,[07:30-07:45[,S,V,V,V,V,3.32,3.32
25/08/2024,08:00,[07:45-08:00[,S,V,V,V,V,3.32,3.32
25/08/2024,08:15,[08:00-08:15[,S,F,V,C,V,0.00,0.00
25/08/2024,08:30,[08:15-08:30[,S,F,V,C,V,0.00,0.00
25/08/2024,08:45,[08:30-08:45[,S,F,V,C,V,0.00,0.00
25/08/2024,09:00,[08:45-09:00[,S,F,V,C,V,0.00,0.00
25/08/2024,09:15,[09:00-09:15[,S,F,V,C,V,-0.72,-0.72
25/08/2024,09:30,[09:15-09:30[,S,F,V,C,V,-0.72,-0.72
25/08/2024,09:45,[09:30-09:45[,S,F,V,C,V,-0.72,-0.72
25/08/2024,10:00,[09:45-10:00[,S,F,V,C,V,-0.72,-0.72
25/08/2024,10:15,[10:00-10:15[,S,F,V,C,V,-0.95,-0.95
25/08/2024,10:30,[10:15-10:30[,S,F,V,C,V,-0.95,-0.95
25/08/2024,10:45,[10:30-10:45[,S,F,V,P,V,-0.95,-0.95
25/08/2024,11:00,[10:45-11:00[,S,F,V,P,V,-0.95,-0.95
25/08/2024,11:15,[11:00-11:15[,S,F,V,P,V,-0.66,-0.66
25/08/2024,11:30,[11:15-11:30[,S,F,V,P,V,-0.66,-0.66
25/08/2024,11:45,[11:30-11:45[,S,F,V,P,V,-0.66,-0.66
25/08/2024,12:00,[11:45-12:00[,S,F,V,P,V,-0.66,-0.66
25/08/2024,12:15,[12:00-12:15[,S,F,V,P,V,0.00,-0.01
25/08/2024,12:30,[12:15-12:30[,S,F,V,P,V,0.00,-0.01
25/08/2024,12:45,[12:30-12:45[,S,F,V,P,V,0.00,-0.01
25/08/2024,13:00,[12:45-13:00[,S,F,V,P,V,0.00,-0.01
25/08/2024,13:15,[13:00-13:15[,S,F,V,C,V,0.00,0.00
25/08/2024,13:30,[13:15-13:30[,S,F,V,C,V,0.00,0.00
25/08/2024,13:45,[13:30-13:45[,S,F,V,C,V,0.00,0.00
25/08/2024,14:00,[13:45-14:00[,S,F,V,C,V,0.00,0.00
25/08/2024,14:15,[14:00-14:15[,S,F,V,C,V,0.00,0.00
25/08/2024,14:30,[14:15-14:30[,S,F,V,C,V,0.00,0.00
25/08/2024,14:45,[14:30-14:45[,S,F,V,C,V,0.00,0.00
25/08/2024,15:00,[14:45-15:00[,S,F,V,C,V,0.00,0.00
25/08/2024,15:15,[15:00-15:15[,S,F,V,C,V,0.00,0.00
25/08/2024,15:30,[15:15-15:30[,S,F,V,C,V,0.00,0.00
25/08/2024,15:45,[15:30-15:45[,S,F,V,C,V,0.00,0.00
25/08/2024,16:00,[15:45-16:00[,S,F,V,C,V,0.00,0.00
25/08/2024,16:15,[16:00-16:15[,S,F,V,C,V,0.44,0.44
25/08/2024,16:30,[16:15-16:30[,S,F,V,C,V,0.44,0.44
25/08/2024,16:45,[16:30-16:45[,S,F,V,C,V,0.44,0.44
25/08/2024,17:00,[16:45-17:00[,S,F,V,C,V,0.44,0.44
25/08/2024,17:15,[17:00-17:15[,S,F,V,C,V,14.20,14.20
25/08/2024,17:30,[17:15-17:30[,S,F,V,C,V,14.20,14.20
25/08/2024,17:45,[17:30-17:45[,S,F,V,C,V,14.20,14.20
25/08/2024,18:00,[17:45-18:00[,S,F,V,C,V,14.20,14.20
25/08/2024,18:15,[18:00-18:15[,S,F,V,C,V,71.41,71.41
25/08/2024,18:30,[18:15-18:30[,S,F,V,C,V,71.41,71.41
25/08/2024,18:45,[18:30-18:45[,S,F,V,C,V,71.41,71.41
25/08/2024,19:00,[18:45-19:00[,S,F,V,C,V,71.41,71.41
25/08/2024,19:15,[19:00-19:15[,S,F,V,C,V,94.02,94.02
25/08/2024,19:30,[19:15-19:30[,S,F,V,C,V,94.02,94.02
25/08/2024,19:45,[19:30-19:45[,S,F,V,P,V,94.02,94.02
25/08/2024,20:00,[19:45-20:00[,S,F,V,P,V,94.02,94.02
25/08/2024,20:15,[20:00-20:15[,S,F,V,P,V,109.91,109.91
25/08/2024,20:30,[20:15-20:30[,S,F,V,P,V,109.91,109.91
25/08/2024,20:45,[20:30-20:45[,S,F,V,P,V,109.91,109.91
25/08/2024,21:00,[20:45-21:00[,S,F,V,P,V,109.91,109.91
25/08/2024,21:15,[21:00-21:15[,S,F,V,C,V,102.88,102.88
25/08/2024,21:30,[21:15-21:30[,S,F,V,C,V,102.88,102.88
25/08/2024,21:45,[21:30-21:45[,S,F,V,C,V,102.88,102.88
25/08/2024,22:00,[21:45-22:00[,S,F,V,C,V,102.88,102.88
25/08/2024,22:15,[22:00-22:15[,S,V,V,V,V,93.53,93.53
25/08/2024,22:30,[22:15-22:30[,S,V,V,V,V,93.53,93.53
25/08/2024,22:45,[22:30-22:45[,S,V,V,V,V,93.53,93.53
25/08/2024,23:00,[22:45-23:00[,S,V,V,V,V,93.53,93.53
25/08/2024,23:15,[23:00-23:15[,S,V,V,V,V,97.14,97.14
25/08/2024,23:30,[23:15-23:30[,S,V,V,V,V,97.14,97.14
25/08/2024,23:45,[23:30-23:45[,S,V,V,V,V,97.14,97.14
25/08/2024,23:59,[23:45-00:00[,S,V,V,V,V,97.14,97.14
26/08/2024,00:15,[00:00-00:15[,S,V,V,V,V,85.23,85.23
26/08/2024,00:30,[00:15-00:30[,S,V,V,V,V,85.23,85.23
26/08/2024,00:45,[00:30-00:45[,S,V,V,V,V,85.23,85.23
26/08/2024,01:00,[00:45-01:00[,S,V,V,V,V,85.23,85.23
26/08/2024,01:15,[01:00-01:15[,S,V,V,V,V,75.00,75.00
26/08/2024,01:30,[01:15-01:30[,S,V,V,V,V,75.00,75.00
26/08/2024,01:45,[01:30-01:45[,S,V,V,V,V,75.00,75.00
26/08/2024,02:00,[01:45-02:00[,S,V,V,V,V,75.00,75.00
26/08/2024,02:15,[02:00-02:15[,S,V,V,V,V,74.87,74.87
26/08/2024,02:30,[02:15-02:30[,S,V,V,V,V,74.87,74.87
26/08/2024,02:45,[02:30-02:45[,S,V,V,V,V,74.87,74.87
26/08/2024,03:00,[02:45-03:00[,S,V,V,V,V,74.87,74.87
26/08/2024,03:15,[03:00-03:15[,S,V,V,V,V,74.87,74.87
26/08/2024,03:30,[03:15-03:30[,S,V,V,V,V,74.87,74.87
26/08/2024,03:45,[03:30-03:45[,S,V,V,V,V,74.87,74.87
26/08/2024,04:00,[03:45-04:00[,S,V,V,V,V,74.87,74.87
26/08/2024,04:15,[04:00-04:15[,S,V,V,V,V,75.50,75.50
26/08/2024,04:30,[04:15-04:30[,S,V,V,V,V,75.50,75.50
26/08/2024,04:45,[04:30-04:45[,S,V,V,V,V,75.50,75.50
26/08/2024,05:00,[04:45-05:00[,S,V,V,V,V,75.50,75.50
26/08/2024,05:15,[05:00-05:15[,S,V,V,V,V,105.00,105.00
26/08/2024,05:30,[05:15-05:30[,S,V,V,V,V,105.00,105.00
26/08/2024,05:45,[05:30-05:45[,S,V,V,V,V,105.00,105.00
26/08/2024,06:00,[05:45-06:00[,S,V,V,V,V,105.00,105.00
26/08/2024,06:15,[06:00-06:15[,S,V,V,V,V,122.20,122.20
26/08/2024,06:30,[06:15-06:30[,S,V,V,V,V,122.20,122.20
26/08/2024,06:45,[06:30-06:45[,S,V,V,V,V,122.20,122.20
26/08/2024,07:00,[06:45-07:00[,S,V,V,V,V,122.20,122.20
26/08/2024,07:15,[07:00-07:15[,S,V,F,V,C,120.01,120.01
26/08/2024,07:30,[07:15-07:30[,S,V,F,V,C,120.01,120.01
26/08/2024,07:45,[07:30-07:45[,S,V,F,V,C,120.01,120.01
26/08/2024,08:00,[07:45-08:00[,S,V,F,V,C,120.01,120.01
26/08/2024,08:15,[08:00-08:15[,S,F,F,C,C,83.06,83.06
26/08/2024,08:30,[08:15-08:30[,S,F,F,C,C,83.06,83.06
26/08/2024,08:45,[08:30-08:45[,S,F,F,C,C,83.06,83.06
26/08/2024,09:00,[08:45-09:00[,S,F,F,C,C,83.06,83.06
26/08/2024,09:15,[09:00-09:15[,S,F,F,C,C,64.99,64.99
26/08/2024,09:30,[09:15-09:30[,S,F,F,C,P,64.99,64.99
26/08/2024,09:45,[09:30-09:45[,S,F,F,C,P,64.99,64.99
26/08/2024,10:00,[09:45-10:00[,S,F,F,C,P,64.99,64.99
26/08/2024,10:15,[10:00-10:15[,S,F,F,C,P,63.37,63.37
26/08/2024,10:30,[10:15-10:30[,S,F,F,C,P,63.37,63.37
26/08/2024,10:45,[10:30-10:45[,S,F,F,P,P,63.37,63.37
26/08/2024,11:00,[10:45-11:00[,S,F,F,P,P,63.37,63.37
26/08/2024,11:15,[11:00-11:15[,S,F,F,P,P,64.99,64.99
26/08/2024,11:30,[11:15-11:30[,S,F,F,P,P,64.99,64.99
26/08/2024,11:45,[11:30-11:45[,S,F,F,P,P,64.99,64.99
26/08/2024,12:00,[11:45-12:00[,S,F,F,P,P,64.99,64.99
26/08/2024,12:15,[12:00-12:15[,S,F,F,P,P,73.94,73.94
26/08/2024,12:30,[12:15-12:30[,S,F,F,P,C,73.94,73.94
26/08/2024,12:45,[12:30-12:45[,S,F,F,P,C,73.94,73.94
26/08/2024,13:00,[12:45-13:00[,S,F,F,P,C,73.94,73.94
26/08/2024,13:15,[13:00-13:15[,S,F,F,C,C,74.87,74.87
26/08/2024,13:30,[13:15-13:30[,S,F,F,C,C,74.87,74.87
26/08/2024,13:45,[13:30-13:45[,S,F,F,C,C,74.87,74.87
26/08/2024,14:00,[13:45-14:00[,S,F,F,C,C,74.87,74.87
26/08/2024,14:15,[14:00-14:15[,S,F,F,C,C,74.07,74.07
26/08/2024,14:30,[14:15-14:30[,S,F,F,C,C,74.07,74.07
26/08/2024,14:45,[14:30-14:45[,S,F,F,C,C,74.07,74.07
26/08/2024,15:00,[14:45-15:00[,S,F,F,C,C,74.07,74.07
26/08/2024,15:15,[15:00-15:15[,S,F,F,C,C,73.81,73.81
26/08/2024,15:30,[15:15-15:30[,S,F,F,C,C,73.81,73.81
26/08/2024,15:45,[15:30-15:45[,S,F,F,C,C,73.81,73.81
26/08/2024,16:00,[15:45-16:00[,S,F,F,C,C,73.81,73.81
26/08/2024,16:15,[16:00-16:15[,S,F,F,C,C,85.34,85.34
26/08/2024,16:30,[16:15-16:30[,S,F,F,C,C,85.34,85.34
26/08/2024,16:45,[16:30-16:45[,S,F,F,C,C,85.34,85.34
26/08/2024,17:00,[16:45-17:00[,S,F,F,C,C,85.34,85.34
26/08/2024,17:15,[17:00-17:15[,S,F,F,C,C,110.78,110.78
26/08/2024,17:30,[17:15-17:30[,S,F,F,C,C,110.78,110.78
26/08/2024,17:45,[17:30-17:45[,S,F,F,C,C,110.78,110.78
26/08/2024,18:00,[17:45-18:00[,S,F,F,C,C,110.78,110.78
26/08/2024,18:15,[18:00-18:15[,S,F,F,C,C,120.00,120.00
26/08/2024,18:30,[18:15-18:30[,S,F,F,C,C,120.00,120.00
26/08/2024,18:45,[18:30-18:45[,S,F,F,C,C,120.00,120.00
26/08/2024,19:00,[18:45-19:00[,S,F,F,C,C,120.00,120.00
26/08/2024,19:15,[19:00-19:15[,S,F,F,C,C,127.04,127.04
26/08/2024,19:30,[19:15-19:30[,S,F,F,C,C,127.04,127.04
26/08/2024,19:45,[19:30-19:45[,S,F,F,P,C,127.04,127.04
26/08/2024,20:00,[19:45-20:00[,S,F,F,P,C,127.04,127.04
26/08/2024,20:15,[20:00-20:15[,S,F,F,P,C,160.00,160.00
26/08/2024,20:30,[20:15-20:30[,S,F,F,P,C,160.00,160.00
26/08/2024,20:45,[20:30-20:45[,S,F,F,P,C,160.00,160.00
26/08/2024,21:00,[20:45-21:00[,S,F,F,P,C,160.00,160.00
26/08/2024,21:15,[21:00-21:15[,S,F,F,C,C,130.00,130.00
26/08/2024,21:30,[21:15-21:30[,S,F,F,C,C,130.00,130.00
26/08/2024,21:45,[21:30-21:45[,S,F,F,C,C,130.00,130.00
26/08/2024,22:00,[21:45-22:00[,S,F,F,C,C,130.00,130.00
26/08/2024,22:15,[22:00-22:15[,S,V,F,V,C,124.54,124.54
26/08/2024,22:30,[22:15-22:30[,S,V,F,V,C,124.54,124.54
26/08/2024,22:45,[22:30-22:45[,S,V,F,V,C,124.54,124.54
26/08/2024,23:00,[22:45-23:00[,S,V,F,V,C,124.54,124.54
26/08/2024,23:15,[23:00-23:15[,S,V,F,V,C,129.21,129.21
26/08/2024,23:30,[23:15-23:30[,S,V,F,V,C,129.21,129.21
26/08/2024,23:45,[23:30-23:45[,S,V,F,V,C,129.21,129.21
26/08/2024,23:59,[23:45-00:00[,S,V,F,V,C,129.21,129.21
27/08/2024,00:15,[00:00-00:15[,S,V,V,V,V,122.73,122.73
27/08/2024,00:30,[00:15-00:30[,S,V,V,V,V,122.73,122.73
27/08/2024,00:45,[00:30-00:45[,S,V,V,V,V,122.73,122.73
27/08/2024,01:00,[00:45-01:00[,S,V,V,V,V,122.73,122.73
27/08/2024,01:15,[01:00-01:15[,S,V,V,V,V,119.00,119.00
27/08/2024,01:30,[01:15-01:30[,S,V,V,V,V,119.00,119.00
27/08/2024,01:45,[01:30-01:45[,S,V,V,V,V,119.00,119.00
27/08/2024,02:00,[01:45-02:00[,S,V,V,V,V,119.00,119.00
27/08/2024,02:15,[02:00-02:15[,S,V,V,V,V,119.00,119.00
27/08/2024,02:30,[02:15-02:30[,S,V,V,V,V,119.00,119.00
27/08/2024,02:45,[02:30-02:45[,S,V,V,V,V,119.00,119.00
27/08/2024,03:00,[02:45-03:00[,S,V,V,V,V,119.00,119.00
27/08/2024,03:15,[03:00-03:15[,S,V,V,V,V,112.39,112.39
27/08/2024,03:30,[03:15-03:30[,S,V,V,V,V,112.39,112.39
27/08/2024,03:45,[03:30-03:45[,S,V,V,V,V,112.39,112.39
27/08/2024,04:00,[03:45-04:00[,S,V,V,V,V,112.39,112.39
27/08/2024,04:15,[04:00-04:15[,S,V,V,V,V,109.99,109.99
27/08/2024,04:30,[04:15-04:30[,S,V,V,V,V,109.99,109.99
27/08/2024,04:45,[04:30-04:45[,S,V,V,V,V,109.99,109.99
27/08/2024,05:00,[04:45-05:00[,S,V,V,V,V,109.99,109.99
27/08/2024,05:15,[05:00-05:15[,S,V,V,V,V,114.76,114.76
27/08/2024,05:30,[05:15-05:30[,S,V,V,V,V,114.76,114.76
27/08/2024,05:45,[05:30-05:45[,S,V,V,V,V,114.76,114.76
27/08/2024,06:00,[05:45-06:00[,S,V,V,V,V,114.76,114.76
27/08/2024,06:15,[06:00-06:15[,S,V,V,V,V,124.10,124.10
27/08/2024,06:30,[06:15-06:30[,S,V,V,V,V,124.10,124.10
27/08/2024,06:45,[06:30-06:45[,S,V,V,V,V,124.10,124.10
27/08/2024,07:00,[06:45-07:00[,S,V,V,V,V,124.10,124.10
27/08/2024,07:15,[07:00-07:15[,S,V,F,V,C,119.58,119.58
27/08/2024,07:30,[07:15-07:30[,S,V,F,V,C,119.58,119.58
27/08/2024,07:45,[07:30-07:45[,S,V,F,V,C,119.58,119.58
27/08/2024,08:00,[07:45-08:00[,S,V,F,V,C,119.58,119.58
27/08/2024,08:15,[08:00-08:15[,S,F,F,C,C,110.78,110.78
27/08/2024,08:30,[08:15-08:30[,S,F,F,C,C,110.78,110.78
27/08/2024,08:45,[08:30-08:45[,S,F,F,C,C,110.78,110.78
27/08/2024,09:00,[08:45-09:00[,S,F,F,C,C,110.78,110.78
27/08/2024,09:15,[09:00-09:15[,S,F,F,C,C,94.20,94.20
27/08/2024,09:30,[09:15-09:30[,S,F,F,C,P,94.20,94.20
27/08/2024,09:45,[09:30-09:45[,S,F,F,C,P,94.20,94.20
27/08/2024,10:00,[09:45-10:00[,S,F,F,C,P,94.20,94.20
27/08/2024,10:15,[10:00-10:15[,S,F,F,C,P,81.20,81.20
27/08/2024,10:30,[10:15-10:30[,S,F,F,C,P,81.20,81.20
27/08/2024,10:45,[10:30-10:45[,S,F,F,P,P,81.20,81.20
27/08/2024,11:00,[10:45-11:00[,S,F,F,P,P,81.20,81.20
27/08/2024,11:15,[11:00-11:15[,S,F,F,P,P,77.50,77.50
27/08/2024,11:30,[11:15-11:30[,S,F,F,P,P,77.50,77.50
27/08/2024,11:45,[11:30-11:45[,S,F,F,P,P,77.50,77.50
27/08/2024,12:00,[11:45-12:00[,S,F,F,P,P,77.50,77.50
27/08/2024,12:15,[12:00-12:15[,S,F,F,P,P,77.50,77.50
27/08/2024,12:30,[12:15-12:30[,S,F,F,P,C,77.50,77.50
27/08/2024,12:45,[12:30-12:45[,S,F,F,P,C,77.50,77.50
27/08/2024,13:00,[12:45-13:00[,S,F,F,P,C,77.50,77.50
27/08/2024,13:15,[13:00-13:15[,S,F,F,C,C,75.93,75.93
27/08/2024,13:30,[13:15-13:30[,S,F,F,C,C,75.93,75.93
27/08/2024,13:45,[13:30-13:45[,S,F,F,C,C,75.93,75.93
27/08/2024,14:00,[13:45-14:00[,S,F,F,C,C,75.93,75.93
27/08/2024,14:15,[14:00-14:15[,S,F,F,C,C,75.00,75.00
27/08/2024,14:30,[14:15-14:30[,S,F,F,C,C,75.00,75.00
27/08/2024,14:45,[14:30-14:45[,S,F,F,C,C,75.00,75.00
27/08/2024,15:00,[14:45-15:00[,S,F,F,C,C,75.00,75.00
27/08/2024,15:15,[15:00-15:15[,S,F,F,C,C,75.31,75.31
27/08/2024,15:30,[15:15-15:30[,S,F,F,C,C,75.31,75.31
27/08/2024,15:45,[15:30-15:45[,S,F,F,C,C,75.31,75.31
27/08/2024,16:00,[15:45-16:00[,S,F,F,C,C,75.31,75.31
27/08/2024,16:15,[16:00-16:15[,S,F,F,C,C,87.95,87.95
27/08/2024,16:30,[16:15-16:30[,S,F,F,C,C,87.95,87.95
27/08/2024,16:45,[16:30-16:45[,S,F,F,C,C,87.95,87.95
27/08/2024,17:00,[16:45-17:00[,S,F,F,C,C,87.95,87.95
27/08/2024,17:15,[17:00-17:15[,S,F,F,C,C,114.00,114.00
27/08/2024,17:30,[17:15-17:30[,S,F,F,C,C,114.00,114.00
27/08/2024,17:45,[17:30-17:45[,S,F,F,C,C,114.00,114.00
27/08/2024,18:00,[17:45-18:00[,S,F,F,C,C,114.00,114.00
27/08/2024,18:15,[18:00-18:15[,S,F,F,C,C,123.85,123.85
27/08/2024,18:30,[18:15-18:30[,S,F,F,C,C,123.85,123.85
27/08/2024,18:45,[18:30-18:45[,S,F,F,C,C,123.85,123.85
27/08/2024,19:00,[18:45-19:00[,S,F,F,C,C,123.85,123.85
27/08/2024,19:15,[19:00-19:15[,S,F,F,C,C,125.14,125.14
27/08/2024,19:30,[19:15-19:30[,S,F,F,C,C,125.14,125.14
27/08/2024,19:45,[19:30-19:45[,S,F,F,P,C,125.14,125.14
27/08/2024,20:00,[19:45-20:00[,S,F,F,P,C,125.14,125.14
27/08/2024,20:15,[20:00-20:15[,S,F,F,P,C,153.20,153.20
27/08/2024,20:30,[20:15-20:30[,S,F,F,P,C,153.20,153.20
27/08/2024,20:45,[20:30-20:45[,S,F,F,P,C,153.20,153.20
27/08/2024,21:00,[20:45-21:00[,S,F,F,P,C,153.20,153.20
27/08/2024,21:15,[21:00-21:15[,S,F,F,C,C,123.78,123.78
27/08/2024,21:30,[21:15-21:30[,S,F,F,C,C,123.78,123.78
27/08/2024,21:45,[21:30-21:45[,S,F,F,C,C,123.78,123.78
27/08/2024,22:00,[21:45-22:00[,S,F,F,C,C,123.78,123.78
27/08/2024,22:15,[22:00-22:15[,S,V,F,V,C,119.00,119.00
27/08/2024,22:30,[22:15-22:30[,S,V,F,V,C,119.00,119.00
27/08/2024,22:45,[22:30-22:45[,S,V,F,V,C,119.00,119.00
27/08/2024,23:00,[22:45-23:00[,S,V,F,V,C,119.00,119.00
27/08/2024,23:15,[23:00-23:15[,S,V,F,V,C,122.92,122.92
27/08/2024,23:30,[23:15-23:30[,S,V,F,V,C,122.92,122.92
27/08/2024,23:45,[23:30-23:45[,S,V,F,V,C,122.92,122.92
27/08/2024,23:59,[23:45-00:00[,S,V,F,V,C,122.92,122.92
28/08/2024,00:15,[00:00-00:15[,S,V,V,V,V,119.33,119.33
28/08/2024,00:30,[00:15-00:30[,S,V,V,V,V,119.33,119.33
28/08/2024,00:45,[00:30-00:45[,S,V,V,V,V,119.33,119.33
28/08/2024,01:00,[00:45-01:00[,S,V,V,V,V,119.33,119.33
28/08/2024,01:15,[01:00-01:15[,S,V,V,V,V,117.80,117.80
28/08/2024,01:30,[01:15-01:30[,S,V,V,V,V,117.80,117.80
28/08/2024,01:45,[01:30-01:45[,S,V,V,V,V,117.80,117.80
28/08/2024,02:00,[01:45-02:00[,S,V,V,V,V,117.80,117.80
28/08/2024,02:15,[02:00-02:15[,S,V,V,V,V,118.63,118.63
28/08/2024,02:30,[02:15-02:30[,S,V,V,V,V,118.63,118.63
28/08/2024,02:45,[02:30-02:45[,S,V,V,V,V,118.63,118.63
28/08/2024,03:00,[02:45-03:00[,S,V,V,V,V,118.63,118.63
28/08/2024,03:15,[03:00-03:15[,S,V,V,V,V,118.63,118.63
28/08/2024,03:30,[03:15-03:30[,S,V,V,V,V,118.63,118.63
28/08/2024,03:45,[03:30-03:45[,S,V,V,V,V,118.63,118.63
28/08/2024,04:00,[03:45-04:00[,S,V,V,V,V,118.63,118.63
28/08/2024,04:15,[04:00-04:15[,S,V,V,V,V,118.63,118.63
28/08/2024,04:30,[04:15-04:30[,S,V,V,V,V,118.63,118.63
28/08/2024,04:45,[04:30-04:45[,S,V,V,V,V,118.63,118.63
28/08/2024,05:00,[04:45-05:00[,S,V,V,V,V,118.63,118.63
28/08/2024,05:15,[05:00-05:15[,S,V,V,V,V,117.00,117.00
28/08/2024,05:30,[05:15-05:30[,S,V,V,V,V,117.00,117.00
28/08/2024,05:45,[05:30-05:45[,S,V,V,V,V,117.00,117.00
28/08/2024,06:00,[05:45-06:00[,S,V,V,V,V,117.00,117.00
28/08/2024,06:15,[06:00-06:15[,S,V,V,V,V,124.28,124.28
28/08/2024,06:30,[06:15-06:30[,S,V,V,V,V,124.28,124.28
28/08/2024,06:45,[06:30-06:45[,S,V,V,V,V,124.28,124.28
28/08/2024,07:00,[06:45-07:00[,S,V,V,V,V,124.28,124.28
28/08/2024,07:15,[07:00-07:15[,S,V,F,V,C,120.76,120.76
28/08/2024,07:30,[07:15-07:30[,S,V,F,V,C,120.76,120.76
28/08/2024,07:45,[07:30-07:45[,S,V,F,V,C,120.76,120.76
28/08/2024,08:00,[07:45-08:00[,S,V,F,V,C,120.76,120.76
28/08/2024,08:15,[08:00-08:15[,S,F,F,C,C,118.85,118.85
28/08/2024,08:30,[08:15-08:30[,S,F,F,C,C,118.85,118.85
28/08/2024,08:45,[08:30-08:45[,S,F,F,C,C,118.85,118.85
28/08/2024,09:00,[08:45-09:00[,S,F,F,C,C,118.85,118.85
28/08/2024,09:15,[09:00-09:15[,S,F,F,C,C,105.91,105.91
28/08/2024,09:30,[09:15-09:30[,S,F,F,C,P,105.91,105.91
28/08/2024,09:45,[09:30-09:45[,S,F,F,C,P,105.91,105.91
28/08/2024,10:00,[09:45-10:00[,S,F,F,C,P,105.91,105.91
28/08/2024,10:15,[10:00-10:15[,S,F,F,C,P,83.70,83.70
28/08/2024,10:30,[10:15-10:30[,S,F,F,C,P,83.70,83.70
28/08/2024,10:45,[10:30-10:45[,S,F,F,P,P,83.70,83.70
28/08/2024,11:00,[10:45-11:00[,S,F,F,P,P,83.70,83.70
28/08/2024,11:15,[11:00-11:15[,S,F,F,P,P,80.20,80.20
28/08/2024,11:30,[11:15-11:30[,S,F,F,P,P,80.20,80.20
28/08/2024,11:45,[11:30-11:45[,S,F,F,P,P,80.20,80.20
28/08/2024,12:00,[11:45-12:00[,S,F,F,P,P,80.20,80.20
28/08/2024,12:15,[12:00-12:15[,S,F,F,P,P,79.94,79.94
28/08/2024,12:30,[12:15-12:30[,S,F,F,P,C,79.94,79.94
28/08/2024,12:45,[12:30-12:45[,S,F,F,P,C,79.94,79.94
28/08/2024,13:00,[12:45-13:00[,S,F,F,P,C,79.94,79.94
28/08/2024,13:15,[13:00-13:15[,S,F,F,C,C,77.16,77.16
28/08/2024,13:30,[13:15-13:30[,S,F,F,C,C,77.16,77.16
28/08/2024,13:45,[13:30-13:45[,S,F,F,C,C,77.16,77.16
28/08/2024,14:00,[13:45-14:00[,S,F,F,C,C,77.16,77.16
28/08/2024,14:15,[14:00-14:15[,S,F,F,C,C,75.00,75.00
28/08/2024,14:30,[14:15-14:30[,S,F,F,C,C,75.00,75.00
28/08/2024,14:45,[14:30-14:45[,S,F,F,C,C,75.00,75.00
28/08/2024,15:00,[14:45-15:00[,S,F,F,C,C,75.00,75.00
28/08/2024,15:15,[15:00-15:15[,S,F,F,C,C,82.00,82.00
28/08/2024,15:30,[15:15-15:30[,S,F,F,C,C,82.00,82.00
28/08/2024,15:45,[15:30-15:45[,S,F,F,C,C,82.00,82.00
28/08/2024,16:00,[15:45-16:00[,S,F,F,C,C,82.00,82.00
28/08/2024,16:15,[16:00-16:15[,S,F,F,C,C,94.38,94.38
28/08/2024,16:30,[16:15-16:30[,S,F,F,C,C,94.38,94.38
28/08/2024,16:45,[16:30-16:45[,S,F,F,C,C,94.38,94.38
28/08/2024,17:00,[16:45-17:00[,S,F,F,C,C,94.38,94.38
28/08/2024,17:15,[17:00-17:15[,S,F,F,C,C,108.26,108.26
28/08/2024,17:30,[17:15-17:30[,S,F,F,C,C,108.26,108.26
28/08/2024,17:45,[17:30-17:45[,S,F,F,C,C,108.26,108.26
28/08/2024,18:00,[17:45-18:00[,S,F,F,C,C,108.26,108.26
28/08/2024,18:15,[18:00-18:15[,S,F,F,C,C,123.16,123.16
28/08/2024,18:30,[18:15-18:30[,S,F,F,C,C,123.16,123.16
28/08/2024,18:45,[18:30-18:45[,S,F,F,C,C,123.16,123.16
28/08/2024,19:00,[18:45-19:00[,S,F,F,C,C,123.16,123.16
28/08/2024,19:15,[19:00-19:15[,S,F,F,C,C,125.78,125.78
28/08/2024,19:30,[19:15-19:30[,S,F,F,C,C,125.78,125.78
28/08/2024,19:45,[19:30-19:45[,S,F,F,P,C,125.78,125.78
28/08/2024,20:00,[19:45-20:00[,S,F,F,P,C,125.78,125.78
28/08/2024,20:15,[20:00-20:15[,S,F,F,P,C,138.58,138.58
28/08/2024,20:30,[20:15-20:30[,S,F,F,P,C,138.58,138.58
28/08/2024,20:45,[20:30-20:45[,S,F,F,P,C,138.58,138.58
28/08/2024,21:00,[20:45-21:00[,S,F,F,P,C,138.58,138.58
28/08/2024,21:15,[21:00-21:15[,S,F,F,C,C,119.93,119.93
28/08/2024,21:30,[21:15-21:30[,S,F,F,C,C,119.93,119.93
28/08/2024,21:45,[21:30-21:45[,S,F,F,C,C,119.93,119.93
28/08/2024,22:00,[21:45-22:00[,S,F,F,C,C,119.93,119.93
28/08/2024,22:15,[22:00-22:15[,S,V,F,V,C,111.53,111.53
28/08/2024,22:30,[22:15-22:30[,S,V,F,V,C,111.53,111.53
28/08/2024,22:45,[22:30-22:45[,S,V,F,V,C,111.53,111.53
28/08/2024,23:00,[22:45-23:00[,S,V,F,V,C,111.53,111.53
28/08/2024,23:15,[23:00-23:15[,S,V,F,V,C,124.36,124.36
28/08/2024,23:30,[23:15-23:30[,S,V,F,V,C,124.36,124.36
28/08/2024,23:45,[23:30-23:45[,S,V,F,V,C,124.36,124.36
28/08/2024,23:59,[23:45-00:00[,S,V,F,V,C,124.36,124.36
29/08/2024,00:15,[00:00-00:15[,S,V,V,V,V,119.00,119.00
29/08/2024,00:30,[00:15-00:30[,S,V,V,V,V,119.00,119.00
29/08/2024,00:45,[00:30-00:45[,S,V,V,V,V,119.00,119.00
29/08/2024,01:00,[00:45-01:00[,S,V,V,V,V,119.00,119.00
29/08/2024,01:15,[01:00-01:15[,S,V,V,V,V,117.13,117.13
29/08/2024,01:30,[01:15-01:30[,S,V,V,V,V,117.13,117.13
29/08/2024,01:45,[01:30-01:45[,S,V,V,V,V,117.13,117.13
29/08/2024,02:00,[01:45-02:00[,S,V,V,V,V,117.13,117.13
29/08/2024,02:15,[02:00-02:15[,S,V,V,V,V,118.53,118.53
29/08/2024,02:30,[02:15-02:30[,S,V,V,V,V,118.53,118.53
29/08/2024,02:45,[02:30-02:45[,S,V,V,V,V,118.53,118.53
29/08/2024,03:00,[02:45-03:00[,S,V,V,V,V,118.53,118.53
29/08/2024,03:15,[03:00-03:15[,S,V,V,V,V,118.85,118.85
29/08/2024,03:30,[03:15-03:30[,S,V,V,V,V,118.85,118.85
29/08/2024,03:45,[03:30-03:45[,S,V,V,V,V,118.85,118.85
29/08/2024,04:00,[03:45-04:00[,S,V,V,V,V,118.85,118.85
29/08/2024,04:15,[04:00-04:15[,S,V,V,V,V,119.82,119.82
29/08/2024,04:30,[04:15-04:30[,S,V,V,V,V,119.82,119.82
29/08/2024,04:45,[04:30-04:45[,S,V,V,V,V,119.82,119.82
29/08/2024,05:00,[04:45-05:00[,S,V,V,V,V,119.82,119.82
29/08/2024,05:15,[05:00-05:15[,S,V,V,V,V,124.50,124.50
29/08/2024,05:30,[05:15-05:30[,S,V,V,V,V,124.50,124.50
29/08/2024,05:45,[05:30-05:45[,S,V,V,V,V,124.50,124.50
29/08/2024,06:00,[05:45-06:00[,S,V,V,V,V,124.50,124.50
29/08/2024,06:15,[06:00-06:15[,S,V,V,V,V,128.45,128.45
29/08/2024,06:30,[06:15-06:30[,S,V,V,V,V,128.45,128.45
29/08/2024,06:45,[06:30-06:45[,S,V,V,V,V,128.45,128.45
29/08/2024,07:00,[06:45-07:00[,S,V,V,V,V,128.45,128.45
29/08/2024,07:15,[07:00-07:15[,S,V,F,V,C,128.85,128.85
29/08/2024,07:30,[07:15-07:30[,S,V,F,V,C,128.85,128.85
29/08/2024,07:45,[07:30-07:45[,S,V,F,V,C,128.85,128.85
29/08/2024,08:00,[07:45-08:00[,S,V,F,V,C,128.85,128.85
29/08/2024,08:15,[08:00-08:15[,S,F,F,C,C,120.00,120.00
29/08/2024,08:30,[08:15-08:30[,S,F,F,C,C,120.00,120.00
29/08/2024,08:45,[08:30-08:45[,S,F,F,C,C,120.00,120.00
29/08/2024,09:00,[08:45-09:00[,S,F,F,C,C,120.00,120.00
29/08/2024,09:15,[09:00-09:15[,S,F,F,C,C,112.84,112.84
29/08/2024,09:30,[09:15-09:30[,S,F,F,C,P,112.84,112.84
29/08/2024,09:45,[09:30-09:45[,S,F,F,C,P,112.84,112.84
29/08/2024,10:00,[09:45-10:00[,S,F,F,C,P,112.84,112.84
29/08/2024,10:15,[10:00-10:15[,S,F,F,C,P,114.60,114.60
29/08/2024,10:30,[10:15-10:30[,S,F,F,C,P,114.60,114.60
29/08/2024,10:45,[10:30-10:45[,S,F,F,P,P,114.60,114.60
29/08/2024,11:00,[10:45-11:00[,S,F,F,P,P,114.60,114.60
29/08/2024,11:15,[11:00-11:15[,S,F,F,P,P,107.42,107.42
29/08/2024,11:30,[11:15-11:30[,S,F,F,P,P,107.42,107.42
29/08/2024,11:45,[11:30-11:45[,S,F,F,P,P,107.42,107.42
29/08/2024,12:00,[11:45-12:00[,S,F,F,P,P,107.42,107.42
29/08/2024,12:15,[12:00-12:15[,S,F,F,P,P,111.11,111.11
29/08/2024,12:30,[12:15-12:30[,S,F,F,P,C,111.11,111.11
29/08/2024,12:45,[12:30-12:45[,S,F,F,P,C,111.11,111.11
29/08/2024,13:00,[12:45-13:00[,S,F,F,P,C,111.11,111.11
29/08/2024,13:15,[13:00-13:15[,S,F,F,C,C,117.13,117.13
29/08/2024,13:30,[13:15-13:30[,S,F,F,C,C,117.13,117.13
29/08/2024,13:45,[13:30-13:45[,S,F,F,C,C,117.13,117.13
29/08/2024,14:00,[13:45-14:00[,S,F,F,C,C,117.13,117.13
29/08/2024,14:15,[14:00-14:15[,S,F,F,C,C,114.00,114.00
29/08/2024,14:30,[14:15-14:30[,S,F,F,C,C,114.00,114.00
29/08/2024,14:45,[14:30-14:45[,S,F,F,C,C,114.00,114.00
29/08/2024,15:00,[14:45-15:00[,S,F,F,C,C,114.00,114.00
29/08/2024,15:15,[15:00-15:15[,S,F,F,C,C,114.00,114.00
29/08/2024,15:30,[15:15-15:30[,S,F,F,C,C,114.00,114.00
29/08/2024,15:45,[15:30-15:45[,S,F,F,C,C,114.00,114.00
29/08/2024,16:00,[15:45-16:00[,S,F,F,C,C,114.00,114.00
29/08/2024,16:15,[16:00-16:15[,S,F,F,C,C,108.96,108.96
29/08/2024,16:30,[16:15-16:30[,S,F,F,C,C,108.96,108.96
29/08/2024,16:45,[16:30-16:45[,S,F,F,C,C,108.96,108.96
29/08/2024,17:00,[16:45-17:00[,S,F,F,C,C,108.96,108.96
29/08/2024,17:15,[17:00-17:15[,S,F,F,C,C,117.89,117.89
29/08/2024,17:30,[17:15-17:30[,S,F,F,C,C,117.89,117.89
29/08/2024,17:45,[17:30-17:45[,S,F,F,C,C,117.89,117.89
29/08/2024,18:00,[17:45-18:00[,S,F,F,C,C,117.89,117.89
29/08/2024,18:15,[18:00-18:15[,S,F,F,C,C,128.18,128.18
29/08/2024,18:30,[18:15-18:30[,S,F,F,C,C,128.18,128.18
29/08/2024,18:45,[18:30-18:45[,S,F,F,C,C,128.18,128.18
29/08/2024,19:00,[18:45-19:00[,S,F,F,C,C,128.18,128.18
29/08/2024,19:15,[19:00-19:15[,S,F,F,C,C,131.99,131.99
29/08/2024,19:30,[19:15-19:30[,S,F,F,C,C,131.99,131.99
29/08/2024,19:45,[19:30-19:45[,S,F,F,P,C,131.99,131.99
29/08/2024,20:00,[19:45-20:00[,S,F,F,P,C,131.99,131.99
29/08/2024,20:15,[20:00-20:15[,S,F,F,P,C,138.00,138.00
29/08/2024,20:30,[20:15-20:30[,S,F,F,P,C,138.00,138.00
29/08/2024,20:45,[20:30-20:45[,S,F,F,P,C,138.00,138.00
29/08/2024,21:00,[20:45-21:00[,S,F,F,P,C,138.00,138.00
29/08/2024,21:15,[21:00-21:15[,S,F,F,C,C,128.45,128.45
29/08/2024,21:30,[21:15-21:30[,S,F,F,C,C,128.45,128.45
29/08/2024,21:45,[21:30-21:45[,S,F,F,C,C,128.45,128.45
29/08/2024,22:00,[21:45-22:00[,S,F,F,C,C,128.45,128.45
29/08/2024,22:15,[22:00-22:15[,S,V,F,V,C,124.73,124.73
29/08/2024,22:30,[22:15-22:30[,S,V,F,V,C,124.73,124.73
29/08/2024,22:45,[22:30-22:45[,S,V,F,V,C,124.73,124.73
29/08/2024,23:00,[22:45-23:00[,S,V,F,V,C,124.73,124.73
29/08/2024,23:15,[23:00-23:15[,S,V,F,V,C,122.00,122.00
29/08/2024,23:30,[23:15-23:30[,S,V,F,V,C,122.00,122.00
29/08/2024,23:45,[23:30-23:45[,S,V,F,V,C,122.00,122.00
29/08/2024,23:59,[23:45-00:00[,S,V,F,V,C,122.00,122.00
30/08/2024,00:15,[00:00-00:15[,S,V,V,V,V,120.16,120.16
30/08/2024,00:30,[00:15-00:30[,S,V,V,V,V,120.16,120.16
30/08/2024,00:45,[00:30-00:45[,S,V,V,V,V,120.16,120.16
30/08/2024,01:00,[00:45-01:00[,S,V,V,V,V,120.16,120.16
30/08/2024,01:15,[01:00-01:15[,S,V,V,V,V,111.17,111.17
30/08/2024,01:30,[01:15-01:30[,S,V,V,V,V,111.17,111.17
30/08/2024,01:45,[01:30-01:45[,S,V,V,V,V,111.17,111.17
30/08/2024,02:00,[01:45-02:00[,S,V,V,V,V,111.17,111.17
30/08/2024,02:15,[02:00-02:15[,S,V,V,V,V,120.16,120.16
30/08/2024,02:30,[02:15-02:30[,S,V,V,V,V,120.16,120.16
30/08/2024,02:45,[02:30-02:45[,S,V,V,V,V,120.16,120.16
30/08/2024,03:00,[02:45-03:00[,S,V,V,V,V,120.16,120.16
30/08/2024,03:15,[03:00-03:15[,S,V,V,V,V,119.46,119.46
30/08/2024,03:30,[03:15-03:30[,S,V,V,V,V,119.46,119.46
30/08/2024,03:45,[03:30-03:45[,S,V,V,V,V,119.46,119.46
30/08/2024,04:00,[03:45-04:00[,S,V,V,V,V,119.46,119.46
30/08/2024,04:15,[04:00-04:15[,S,V,V,V,V,116.20,116.20
30/08/2024,04:30,[04:15-04:30[,S,V,V,V,V,116.20,116.20
30/08/2024,04:45,[04:30-04:45[,S,V,V,V,V,116.20,116.20
30/08/2024,05:00,[04:45-05:00[,S,V,V,V,V,116.20,116.20
30/08/2024,05:15,[05:00-05:15[,S,V,V,V,V,123.16,123.16
30/08/2024,05:30,[05:15-05:30[,S,V,V,V,V,123.16,123.16
30/08/2024,05:45,[05:30-05:45[,S,V,V,V,V,123.16,123.16
30/08/2024,06:00,[05:45-06:00[,S,V,V,V,V,123.16,123.16
30/08/2024,06:15,[06:00-06:15[,S,V,V,V,V,129.00,129.00
30/08/2024,06:30,[06:15-06:30[,S,V,V,V,V,129.00,129.00
30/08/2024,06:45,[06:30-06:45[,S,V,V,V,V,129.00,129.00
30/08/2024,07:00,[06:45-07:00[,S,V,V,V,V,129.00,129.00
30/08/2024,07:15,[07:00-07:15[,S,V,F,V,C,126.00,126.00
30/08/2024,07:30,[07:15-07:30[,S,V,F,V,C,126.00,126.00
30/08/2024,07:45,[07:30-07:45[,S,V,F,V,C,126.00,126.00
30/08/2024,08:00,[07:45-08:00[,S,V,F,V,C,126.00,126.00
30/08/2024,08:15,[08:00-08:15[,S,F,F,C,C,125.50,125.50
30/08/2024,08:30,[08:15-08:30[,S,F,F,C,C,125.50,125.50
30/08/2024,08:45,[08:30-08:45[,S,F,F,C,C,125.50,125.50
30/08/2024,09:00,[08:45-09:00[,S,F,F,C,C,125.50,125.50
30/08/2024,09:15,[09:00-09:15[,S,F,F,C,C,116.66,116.66
30/08/2024,09:30,[09:15-09:30[,S,F,F,C,P,116.66,116.66
30/08/2024,09:45,[09:30-09:45[,S,F,F,C,P,116.66,116.66
30/08/2024,10:00,[09:45-10:00[,S,F,F,C,P,116.66,116.66
30/08/2024,10:15,[10:00-10:15[,S,F,F,C,P,99.54,99.54
30/08/2024,10:30,[10:15-10:30[,S,F,F,C,P,99.54,99.54
30/08/2024,10:45,[10:30-10:45[,S,F,F,P,P,99.54,99.54
30/08/2024,11:00,[10:45-11:00[,S,F,F,P,P,99.54,99.54
30/08/2024,11:15,[11:00-11:15[,S,F,F,P,P,92.29,92.29
30/08/2024,11:30,[11:15-11:30[,S,F,F,P,P,92.29,92.29
30/08/2024,11:45,[11:30-11:45[,S,F,F,P,P,92.29,92.29
30/08/2024,12:00,[11:45-12:00[,S,F,F,P,P,92.29,92.29
30/08/2024,12:15,[12:00-12:15[,S,F,F,P,P,92.29,92.29
30/08/2024,12:30,[12:15-12:30[,S,F,F,P,C,92.29,92.29
30/08/2024,12:45,[12:30-12:45[,S,F,F,P,C,92.29,92.29
30/08/2024,13:00,[12:45-13:00[,S,F,F,P,C,92.29,92.29
30/08/2024,13:15,[13:00-13:15[,S,F,F,C,C,91.94,91.94
30/08/2024,13:30,[13:15-13:30[,S,F,F,C,C,91.94,91.94
30/08/2024,13:45,[13:30-13:45[,S,F,F,C,C,91.94,91.94
30/08/2024,14:00,[13:45-14:00[,S,F,F,C,C,91.94,91.94
30/08/2024,14:15,[14:00-14:15[,S,F,F,C,C,91.81,91.81
30/08/2024,14:30,[14:15-14:30[,S,F,F,C,C,91.81,91.81
30/08/2024,14:45,[14:30-14:45[,S,F,F,C,C,91.81,91.81
30/08/2024,15:00,[14:45-15:00[,S,F,F,C,C,91.81,91.81
30/08/2024,15:15,[15:00-15:15[,S,F,F,C,C,92.07,92.07
30/08/2024,15:30,[15:15-15:30[,S,F,F,C,C,92.07,92.07
30/08/2024,15:45,[15:30-15:45[,S,F,F,C,C,92.07,92.07
30/08/2024,16:00,[15:45-16:00[,S,F,F,C,C,92.07,92.07
30/08/2024,16:15,[16:00-16:15[,S,F,F,C,C,105.97,105.97
30/08/2024,16:30,[16:15-16:30[,S,F,F,C,C,105.97,105.97
30/08/2024,16:45,[16:30-16:45[,S,F,F,C,C,105.97,105.97
30/08/2024,17:00,[16:45-17:00[,S,F,F,C,C,105.97,105.97
30/08/2024,17:15,[17:00-17:15[,S,F,F,C,C,120.00,120.00
30/08/2024,17:30,[17:15-17:30[,S,F,F,C,C,120.00,120.00
30/08/2024,17:45,[17:30-17:45[,S,F,F,C,C,120.00,120.00
30/08/2024,18:00,[17:45-18:00[,S,F,F,C,C,120.00,120.00
30/08/2024,18:15,[18:00-18:15[,S,F,F,C,C,125.50,125.50
30/08/2024,18:30,[18:15-18:30[,S,F,F,C,C,125.50,125.50
30/08/2024,18:45,[18:30-18:45[,S,F,F,C,C,125.50,125.50
30/08/2024,19:00,[18:45-19:00[,S,F,F,C,C,125.50,125.50
30/08/2024,19:15,[19:00-19:15[,S,F,F,C,C,131.99,131.99
30/08/2024,19:30,[19:15-19:30[,S,F,F,C,C,131.99,131.99
30/08/2024,19:45,[19:30-19:45[,S,F,F,P,C,131.99,131.99
30/08/2024,20:00,[19:45-20:00[,S,F,F,P,C,131.99,131.99
30/08/2024,20:15,[20:00-20:15[,S,F,F,P,C,140.01,140.01
30/08/2024,20:30,[20:15-20:30[,S,F,F,P,C,140.01,140.01
30/08/2024,20:45,[20:30-20:45[,S,F,F,P,C,140.01,140.01
30/08/2024,21:00,[20:45-21:00[,S,F,F,P,C,140.01,140.01
30/08/2024,21:15,[21:00-21:15[,S,F,F,C,C,131.99,131.99
30/08/2024,21:30,[21:15-21:30[,S,F,F,C,C,131.99,131.99
30/08/2024,21:45,[21:30-21:45[,S,F,F,C,C,131.99,131.99
30/08/2024,22:00,[21:45-22:00[,S,F,F,C,C,131.99,131.99
30/08/2024,22:15,[22:00-22:15[,S,V,F,V,C,128.78,128.78
30/08/2024,22:30,[22:15-22:30[,S,V,F,V,C,128.78,128.78
30/08/2024,22:45,[22:30-22:45[,S,V,F,V,C,128.78,128.78
30/08/2024,23:00,[22:45-23:00[,S,V,F,V,C,128.78,128.78
30/08/2024,23:15,[23:00-23:15[,S,V,F,V,C,128.50,128.50
30/08/2024,23:30,[23:15-23:30[,S,V,F,V,C,128.50,128.50
30/08/2024,23:45,[23:30-23:45[,S,V,F,V,C,128.50,128.50
30/08/2024,23:59,[23:45-00:00[,S,V,F,V,C,128.50,128.50
31/08/2024,00:15,[00:00-00:15[,S,V,V,V,V,124.90,124.90
31/08/2024,00:30,[00:15-00:30[,S,V,V,V,V,124.90,124.90
31/08/2024,00:45,[00:30-00:45[,S,V,V,V,V,124.90,124.90
31/08/2024,01:00,[00:45-01:00[,S,V,V,V,V,124.90,124.90
31/08/2024,01:15,[01:00-01:15[,S,V,V,V,V,121.26,121.26
31/08/2024,01:30,[01:15-01:30[,S,V,V,V,V,121.26,121.26
31/08/2024,01:45,[01:30-01:45[,S,V,V,V,V,121.26,121.26
31/08/2024,02:00,[01:45-02:00[,S,V,V,V,V,121.26,121.26
31/08/2024,02:15,[02:00-02:15[,S,V,V,V,V,119.51,119.51
31/08/2024,02:30,[02:15-02:30[,S,V,V,V,V,119.51,119.51
31/08/2024,02:45,[02:30-02:45[,S,V,V,V,V,119.51,119.51
31/08/2024,03:00,[02:45-03:00[,S,V,V,V,V,119.51,119.51
31/08/2024,03:15,[03:00-03:15[,S,V,V,V,V,120.00,120.00
31/08/2024,03:30,[03:15-03:30[,S,V,V,V,V,120.00,120.00
31/08/2024,03:45,[03:30-03:45[,S,V,V,V,V,120.00,120.00
31/08/2024,04:00,[03:45-04:00[,S,V,V,V,V,120.00,120.00
31/08/2024,04:15,[04:00-04:15[,S,V,V,V,V,124.36,124.36
31/08/2024,04:30,[04:15-04:30[,S,V,V,V,V,124.36,124.36
31/08/2024,04:45,[04:30-04:45[,S,V,V,V,V,124.36,124.36
31/08/2024,05:00,[04:45-05:00[,S,V,V,V,V,124.36,124.36
31/08/2024,05:15,[05:00-05:15[,S,V,V,V,V,126.26,126.26
31/08/2024,05:30,[05:15-05:30[,S,V,V,V,V,126.26,126.26
31/08/2024,05:45,[05:30-05:45[,S,V,V,V,V,126.26,126.26
31/08/2024,06:00,[05:45-06:00[,S,V,V,V,V,126.26,126.26
31/08/2024,06:15,[06:00-06:15[,S,V,V,V,V,126.26,126.26
31/08/2024,06:30,[06:15-06:30[,S,V,V,V,V,126.26,126.26
31/08/2024,06:45,[06:30-06:45[,S,V,V,V,V,126.26,126.26
31/08/2024,07:00,[06:45-07:00[,S,V,V,V,V,126.26,126.26
31/08/2024,07:15,[07:00-07:15[,S,V,V,V,V,128.50,128.50
31/08/2024,07:30,[07:15-07:30[,S,V,V,V,V,128.50,128.50
31/08/2024,07:45,[07:30-07:45[,S,V,V,V,V,128.50,128.50
31/08/2024,08:00,[07:45-08:00[,S,V,V,V,V,128.50,128.50
31/08/2024,08:15,[08:00-08:15[,S,F,V,C,V,124.64,124.64
31/08/2024,08:30,[08:15-08:30[,S,F,V,C,V,124.64,124.64
31/08/2024,08:45,[08:30-08:45[,S,F,V,C,V,124.64,124.64
31/08/2024,09:00,[08:45-09:00[,S,F,V,C,V,124.64,124.64
31/08/2024,09:15,[09:00-09:15[,S,F,F,C,C,115.91,115.91
31/08/2024,09:30,[09:15-09:30[,S,F,F,C,C,115.91,115.91
31/08/2024,09:45,[09:30-09:45[,S,F,F,C,C,115.91,115.91
31/08/2024,10:00,[09:45-10:00[,S,F,F,C,C,115.91,115.91
31/08/2024,10:15,[10:00-10:15[,S,F,F,C,C,89.63,89.63
31/08/2024,10:30,[10:15-10:30[,S,F,F,C,C,89.63,89.63
31/08/2024,10:45,[10:30-10:45[,S,F,F,P,C,89.63,89.63
31/08/2024,11:00,[10:45-11:00[,S,F,F,P,C,89.63,89.63
31/08/2024,11:15,[11:00-11:15[,S,F,F,P,C,85.45,85.45
31/08/2024,11:30,[11:15-11:30[,S,F,F,P,C,85.45,85.45
31/08/2024,11:45,[11:30-11:45[,S,F,F,P,C,85.45,85.45
31/08/2024,12:00,[11:45-12:00[,S,F,F,P,C,85.45,85.45
31/08/2024,12:15,[12:00-12:15[,S,F,F,P,C,88.20,88.20
31/08/2024,12:30,[12:15-12:30[,S,F,F,P,C,88.20,88.20
31/08/2024,12:45,[12:30-12:45[,S,F,F,P,C,88.20,88.20
31/08/2024,13:00,[12:45-13:00[,S,F,F,P,C,88.20,88.20
31/08/2024,13:15,[13:00-13:15[,S,F,F,C,C,87.94,87.94
31/08/2024,13:30,[13:15-13:30[,S,F,F,C,C,87.94,87.94
31/08/2024,13:45,[13:30-13:45[,S,F,F,C,C,87.94,87.94
31/08/2024,14:00,[13:45-14:00[,S,F,F,C,C,87.94,87.94
31/08/2024,14:15,[14:00-14:15[,S,F,V,C,V,85.23,85.23
31/08/2024,14:30,[14:15-14:30[,S,F,V,C,V,85.23,85.23
31/08/2024,14:45,[14:30-14:45[,S,F,V,C,V,85.23,85.23
31/08/2024,15:00,[14:45-15:00[,S,F,V,C,V,85.23,85.23
31/08/2024,15:15,[15:00-15:15[,S,F,V,C,V,88.07,88.07
31/08/2024,15:30,[15:15-15:30[,S,F,V,C,V,88.07,88.07
31/08/2024,15:45,[15:30-15:45[,S,F,V,C,V,88.07,88.07
31/08/2024,16:00,[15:45-16:00[,S,F,V,C,V,88.07,88.07
31/08/2024,16:15,[16:00-16:15[,S,F,V,C,V,100.00,100.00
31/08/2024,16:30,[16:15-16:30[,S,F,V,C,V,100.00,100.00
31/08/2024,16:45,[16:30-16:45[,S,F,V,C,V,100.00,100.00
31/08/2024,17:00,[16:45-17:00[,S,F,V,C,V,100.00,100.00
31/08/2024,17:15,[17:00-17:15[,S,F,V,C,V,118.85,118.85
31/08/2024,17:30,[17:15-17:30[,S,F,V,C,V,118.85,118.85
31/08/2024,17:45,[17:30-17:45[,S,F,V,C,V,118.85,118.85
31/08/2024,18:00,[17:45-18:00[,S,F,V,C,V,118.85,118.85
31/08/2024,18:15,[18:00-18:15[,S,F,V,C,V,127.42,127.42
31/08/2024,18:30,[18:15-18:30[,S,F,V,C,V,127.42,127.42
31/08/2024,18:45,[18:30-18:45[,S,F,V,C,V,127.42,127.42
31/08/2024,19:00,[18:45-19:00[,S,F,V,C,V,127.42,127.42
31/08/2024,19:15,[19:00-19:15[,S,F,V,C,V,133.00,133.00
31/08/2024,19:30,[19:15-19:30[,S,F,V,C,V,133.00,133.00
31/08/2024,19:45,[19:30-19:45[,S,F,V,P,V,133.00,133.00
31/08/2024,20:00,[19:45-20:00[,S,F,V,P,V,133.00,133.00
31/08/2024,20:15,[20:00-20:15[,S,F,F,P,C,154.15,154.15
31/08/2024,20:30,[20:15-20:30[,S,F,F,P,C,154.15,154.15
31/08/2024,20:45,[20:30-20:45[,S,F,F,P,C,154.15,154.15
31/08/2024,21:00,[20:45-21:00[,S,F,F,P,C,154.15,154.15
31/08/2024,21:15,[21:00-21:15[,S,F,F,C,C,145.68,145.68
31/08/2024,21:30,[21:15-21:30[,S,F,F,C,C,145.68,145.68
31/08/2024,21:45,[21:30-21:45[,S,F,F,C,C,145.68,145.68
31/08/2024,22:00,[21:45-22:00[,S,F,F,C,C,145.68,145.68
31/08/2024,22:15,[22:00-22:15[,S,V,V,V,V,135.01,135.01
31/08/2024,22:30,[22:15-22:30[,S,V,V,V,V,135.01,135.01
31/08/2024,22:45,[22:30-22:45[,S,V,V,V,V,135.01,135.01
31/08/2024,23:00,[22:45-23:00[,S,V,V,V,V,135.01,135.01
31/08/2024,23:15,[23:00-23:15[,S,V,V,V,V,134.02,134.02
31/08/2024,23:30,[23:15-23:30[,S,V,V,V,V,134.02,134.02
31/08/2024,23:45,[23:30-23:45[,S,V,V,V,V,134.02,134.02
31/08/2024,23:59,[23:45-00:00[,S,V,V,V,V,134.02,134.02
01/09/2024,00:15,[00:00-00:15[,S,V,V,V,V,129.16,129.16
01/09/2024,00:30,[00:15-00:30[,S,V,V,V,V,129.16,129.16
01/09/2024,00:45,[00:30-00:45[,S,V,V,V,V,129.16,129.16
01/09/2024,01:00,[00:45-01:00[,S,V,V,V,V,129.16,129.16
01/09/2024,01:15,[01:00-01:15[,S,V,V,V,V,125.92,125.92
01/09/2024,01:30,[01:15-01:30[,S,V,V,V,V,125.92,125.92
01/09/2024,01:45,[01:30-01:45[,S,V,V,V,V,125.92,125.92
01/09/2024,02:00,[01:45-02:00[,S,V,V,V,V,125.92,125.92
01/09/2024,02:15,[02:00-02:15[,S,V,V,V,V,124.30,124.30
01/09/2024,02:30,[02:15-02:30[,S,V,V,V,V,124.30,124.30
01/09/2024,02:45,[02:30-02:45[,S,V,V,V,V,124.30,124.30
01/09/2024,03:00,[02:45-03:00[,S,V,V,V,V,124.30,124.30
01/09/2024,03:15,[03:00-03:15[,S,V,V,V,V,122.68,122.68
01/09/2024,03:30,[03:15-03:30[,S,V,V,V,V,122.68,122.68
01/09/2024,03:45,[03:30-03:45[,S,V,V,V,V,122.68,122.68
01/09/2024,04:00,[03:45-04:00[,S,V,V,V,V,122.68,122.68
01/09/2024,04:15,[04:00-04:15[,S,V,V,V,V,121.39,121.39
01/09/2024,04:30,[04:15-04:30[,S,V,V,V,V,121.39,121.39
01/09/2024,04:45,[04:30-04:45[,S,V,V,V,V,121.39,121.39
01/09/2024,05:00,[04:45-05:00[,S,V,V,V,V,121.39,121.39
01/09/2024,05:15,[05:00-05:15[,S,V,V,V,V,124.09,124.09
01/09/2024,05:30,[05:15-05:30[,S,V,V,V,V,124.09,124.09
01/09/2024,05:45,[05:30-05:45[,S,V,V,V,V,124.09,124.09
01/09/2024,06:00,[05:45-06:00[,S,V,V,V,V,124.09,124.09
01/09/2024,06:15,[06:00-06:15[,S,V,V,V,V,124.90,124.90
01/09/2024,06:30,[06:15-06:30[,S,V,V,V,V,124.90,124.90
01/09/2024,06:45,[06:30-06:45[,S,V,V,V,V,124.90,124.90
01/09/2024,07:00,[06:45-07:00[,S,V,V,V,V,124.90,124.90
01/09/2024,07:15,[07:00-07:15[,S,V,V,V,V,113.08,113.08
01/09/2024,07:30,[07:15-07:30[,S,V,V,V,V,113.08,113.08
01/09/2024,07:45,[07:30-07:45[,S,V,V,V,V,113.08,113.08
01/09/2024,08:00,[07:45-08:00[,S,V,V,V,V,113.08,113.08
01/09/2024,08:15,[08:00-08:15[,S,F,V,C,V,100.66,100.66
01/09/2024,08:30,[08:15-08:30[,S,F,V,C,V,100.66,100.66
01/09/2024,08:45,[08:30-08:45[,S,F,V,C,V,100.66,100.66
01/09/2024,09:00,[08:45-09:00[,S,F,V,C,V,100.66,100.66
01/09/2024,09:15,[09:00-09:15[,S,F,V,C,V,78.50,78.50
01/09/2024,09:30,[09:15-09:30[,S,F,V,C,V,78.50,78.50
01/09/2024,09:45,[09:30-09:45[,S,F,V,C,V,78.50,78.50
01/09/2024,10:00,[09:45-10:00[,S,F,V,C,V,78.50,78.50
01/09/2024,10:15,[10:00-10:15[,S,F,V,C,V,51.99,51.99
01/09/2024,10:30,[10:15-10:30[,S,F,V,C,V,51.99,51.99
01/09/2024,10:45,[10:30-10:45[,S,F,V,P,V,51.99,51.99
01/09/2024,11:00,[10:45-11:00[,S,F,V,P,V,51.99,51.99
01/09/2024,11:15,[11:00-11:15[,S,F,V,P,V,43.00,43.00
01/09/2024,11:30,[11:15-11:30[,S,F,V,P,V,43.00,43.00
01/09/2024,11:45,[11:30-11:45[,S,F,V,P,V,43.00,43.00
01/09/2024,12:00,[11:45-12:00[,S,F,V,P,V,43.00,43.00
01/09/2024,12:15,[12:00-12:15[,S,F,V,P,V,43.00,43.00
01/09/2024,12:30,[12:15-12:30[,S,F,V,P,V,43.00,43.00
01/09/2024,12:45,[12:30-12:45[,S,F,V,P,V,43.00,43.00
01/09/2024,13:00,[12:45-13:00[,S,F,V,P,V,43.00,43.00
01/09/2024,13:15,[13:00-13:15[,S,F,V,C,V,46.53,46.53
01/09/2024,13:30,[13:15-13:30[,S,F,V,C,V,46.53,46.53
01/09/2024,13:45,[13:30-13:45[,S,F,V,C,V,46.53,46.53
01/09/2024,14:00,[13:45-14:00[,S,F,V,C,V,46.53,46.53
01/09/2024,14:15,[14:00-14:15[,S,F,V,C,V,30.10,30.10
01/09/2024,14:30,[14:15-14:30[,S,F,V,C,V,30.10,30.10
01/09/2024,14:45,[14:30-14:45[,S,F,V,C,V,30.10,30.10
01/09/2024,15:00,[14:45-15:00[,S,F,V,C,V,30.10,30.10
01/09/2024,15:15,[15:00-15:15[,S,F,V,C,V,28.98,28.98
01/09/2024,15:30,[15:15-15:30[,S,F,V,C,V,28.98,28.98
01/09/2024,15:45,[15:30-15:45[,S,F,V,C,V,28.98,28.98
01/09/2024,16:00,[15:45-16:00[,S,F,V,C,V,28.98,28.98
01/09/2024,16:15,[16:00-16:15[,S,F,V,C,V,81.37,81.37
01/09/2024,16:30,[16:15-16:30[,S,F,V,C,V,81.37,81.37
01/09/2024,16:45,[16:30-16:45[,S,F,V,C,V,81.37,81.37
01/09/2024,17:00,[16:45-17:00[,S,F,V,C,V,81.37,81.37
01/09/2024,17:15,[17:00-17:15[,S,F,V,C,V,99.64,99.64
01/09/2024,17:30,[17:15-17:30[,S,F,V,C,V,99.64,99.64
01/09/2024,17:45,[17:30-17:45[,S,F,V,C,V,99.64,99.64
01/09/2024,18:00,[17:45-18:00[,S,F,V,C,V,99.64,99.64
01/09/2024,18:15,[18:00-18:15[,S,F,V,C,V,123.60,123.60
01/09/2024,18:30,[18:15-18:30[,S,F,V,C,V,123.60,123.60
01/09/2024,18:45,[18:30-18:45[,S,F,V,C,V,123.60,123.60
01/09/2024,19:00,[18:45-19:00[,S,F,V,C,V,123.60,123.60
01/09/2024,19:15,[19:00-19:15[,S,F,V,C,V,134.02,134.02
01/09/2024,19:30,[19:15-19:30[,S,F,V,C,V,134.02,134.02
01/09/2024,19:45,[19:30-19:45[,S,F,V,P,V,134.02,134.02
01/09/2024,20:00,[19:45-20:00[,S,F,V,P,V,134.02,134.02
01/09/2024,20:15,[20:00-20:15[,S,F,V,P,V,141.74,141.74
01/09/2024,20:30,[20:15-20:30[,S,F,V,P,V,141.74,141.74
01/09/2024,20:45,[20:30-20:45[,S,F,V,P,V,141.74,141.74
01/09/2024,21:00,[20:45-21:00[,S,F,V,P,V,141.74,141.74
01/09/2024,21:15,[21:00-21:15[,S,F,V,C,V,139.70,139.70
01/09/2024,21:30,[21:15-21:30[,S,F,V,C,V,139.70,139.70
01/09/2024,21:45,[21:30-21:45[,S,F,V,C,V,139.70,139.70
01/09/2024,22:00,[21:45-22:00[,S,F,V,C,V,139.70,139.70
01/09/2024,22:15,[22:00-22:15[,S,V,V,V,V,129.10,129.10
01/09/2024,22:30,[22:15-22:30[,S,V,V,V,V,129.10,129.10
01/09/2024,22:45,[22:30-22:45[,S,V,V,V,V,129.10,129.10
01/09/2024,23:00,[22:45-23:00[,S,V,V,V,V,129.10,129.10
01/09/2024,23:15,[23:00-23:15[,S,V,V,V,V,132.16,132.16
01/09/2024,23:30,[23:15-23:30[,S,V,V,V,V,132.16,132.16
01/09/2024,23:45,[23:30-23:45[,S,V,V,V,V,132.16,132.16
01/09/2024,23:59,[23:45-00:00[,S,V,V,V,V,132.16,132.16
02/09/2024,00:15,[00:00-00:15[,S,V,V,V,V,128.00,128.00
02/09/2024,00:30,[00:15-00:30[,S,V,V,V,V,128.00,128.00
02/09/2024,00:45,[00:30-00:45[,S,V,V,V,V,128.00,128.00
02/09/2024,01:00,[00:45-01:00[,S,V,V,V,V,128.00,128.00
02/09/2024,01:15,[01:00-01:15[,S,V,V,V,V,125.14,125.14
02/09/2024,01:30,[01:15-01:30[,S,V,V,V,V,125.14,125.14
02/09/2024,01:45,[01:30-01:45[,S,V,V,V,V,125.14,125.14
02/09/2024,02:00,[01:45-02:00[,S,V,V,V,V,125.14,125.14
02/09/2024,02:15,[02:00-02:15[,S,V,V,V,V,120.00,120.00
02/09/2024,02:30,[02:15-02:30[,S,V,V,V,V,120.00,120.00
02/09/2024,02:45,[02:30-02:45[,S,V,V,V,V,120.00,120.00
02/09/2024,03:00,[02:45-03:00[,S,V,V,V,V,120.00,120.00
02/09/2024,03:15,[03:00-03:15[,S,V,V,V,V,118.50,118.50
02/09/2024,03:30,[03:15-03:30[,S,V,V,V,V,118.50,118.50
02/09/2024,03:45,[03:30-03:45[,S,V,V,V,V,118.50,118.50
02/09/2024,04:00,[03:45-04:00[,S,V,V,V,V,118.50,118.50
02/09/2024,04:15,[04:00-04:15[,S,V,V,V,V,122.50,122.50
02/09/2024,04:30,[04:15-04:30[,S,V,V,V,V,122.50,122.50
02/09/2024,04:45,[04:30-04:45[,S,V,V,V,V,122.50,122.50
02/09/2024,05:00,[04:45-05:00[,S,V,V,V,V,122.50,122.50
02/09/2024,05:15,[05:00-05:15[,S,V,V,V,V,127.14,127.14
02/09/2024,05:30,[05:15-05:30[,S,V,V,V,V,127.14,127.14
02/09/2024,05:45,[05:30-05:45[,S,V,V,V,V,127.14,127.14
02/09/2024,06:00,[05:45-06:00[,S,V,V,V,V,127.14,127.14
02/09/2024,06:15,[06:00-06:15[,S,V,V,V,V,131.95,131.95
02/09/2024,06:30,[06:15-06:30[,S,V,V,V,V,131.95,131.95
02/09/2024,06:45,[06:30-06:45[,S,V,V,V,V,131.95,131.95
02/09/2024,07:00,[06:45-07:00[,S,V,V,V,V,131.95,131.95
02/09/2024,07:15,[07:00-07:15[,S,V,F,V,C,131.52,131.52
02/09/2024,07:30,[07:15-07:30[,S,V,F,V,C,131.52,131.52
02/09/2024,07:45,[07:30-07:45[,S,V,F,V,C,131.52,131.52
02/09/2024,08:00,[07:45-08:00[,S,V,F,V,C,131.52,131.52
02/09/2024,08:15,[08:00-08:15[,S,F,F,C,C,122.98,122.98
02/09/2024,08:30,[08:15-08:30[,S,F,F,C,C,122.98,122.98
02/09/2024,08:45,[08:30-08:45[,S,F,F,C,C,122.98,122.98
02/09/2024,09:00,[08:45-09:00[,S,F,F,C,C,122.98,122.98
02/09/2024,09:15,[09:00-09:15[,S,F,F,C,C,109.90,109.90
02/09/2024,09:30,[09:15-09:30[,S,F,F,C,P,109.90,109.90
02/09/2024,09:45,[09:30-09:45[,S,F,F,C,P,109.90,109.90
02/09/2024,10:00,[09:45-10:00[,S,F,F,C,P,109.90,109.90
02/09/2024,10:15,[10:00-10:15[,S,F,F,C,P,90.98,90.98
02/09/2024,10:30,[10:15-10:30[,S,F,F,C,P,90.98,90.98
02/09/2024,10:45,[10:30-10:45[,S,F,F,P,P,90.98,90.98
02/09/2024,11:00,[10:45-11:00[,S,F,F,P,P,90.98,90.98
02/09/2024,11:15,[11:00-11:15[,S,F,F,P,P,89.87,89.87
02/09/2024,11:30,[11:15-11:30[,S,F,F,P,P,89.87,89.87
02/09/2024,11:45,[11:30-11:45[,S,F,F,P,P,89.87,89.87
02/09/2024,12:00,[11:45-12:00[,S,F,F,P,P,89.87,89.87
02/09/2024,12:15,[12:00-12:15[,S,F,F,P,P,90.29,90.29
02/09/2024,12:30,[12:15-12:30[,S,F,F,P,C,90.29,90.29
02/09/2024,12:45,[12:30-12:45[,S,F,F,P,C,90.29,90.29
02/09/2024,13:00,[12:45-13:00[,S,F,F,P,C,90.29,90.29
02/09/2024,13:15,[13:00-13:15[,S,F,F,C,C,90.08,90.08
02/09/2024,13:30,[13:15-13:30[,S,F,F,C,C,90.08,90.08
02/09/2024,13:45,[13:30-13:45[,S,F,F,C,C,90.08,90.08
02/09/2024,14:00,[13:45-14:00[,S,F,F,C,C,90.08,90.08
02/09/2024,14:15,[14:00-14:15[,S,F,F,C,C,91.90,91.90
02/09/2024,14:30,[14:15-14:30[,S,F,F,C,C,91.90,91.90
02/09/2024,14:45,[14:30-14:45[,S,F,F,C,C,91.90,91.90
02/09/2024,15:00,[14:45-15:00[,S,F,F,C,C,91.90,91.90
02/09/2024,15:15,[15:00-15:15[,S,F,F,C,C,95.97,95.97
02/09/2024,15:30,[15:15-15:30[,S,F,F,C,C,95.97,95.97
02/09/2024,15:45,[15:30-15:45[,S,F,F,C,C,95.97,95.97
02/09/2024,16:00,[15:45-16:00[,S,F,F,C,C,95.97,95.97
02/09/2024,16:15,[16:00-16:15[,S,F,F,C,C,104.90,104.90
02/09/2024,16:30,[16:15-16:30[,S,F,F,C,C,104.90,104.90
02/09/2024,16:45,[16:30-16:45[,S,F,F,C,C,104.90,104.90
02/09/2024,17:00,[16:45-17:00[,S,F,F,C,C,104.90,104.90
02/09/2024,17:15,[17:00-17:15[,S,F,F,C,C,122.09,122.09
02/09/2024,17:30,[17:15-17:30[,S,F,F,C,C,122.09,122.09
02/09/2024,17:45,[17:30-17:45[,S,F,F,C,C,122.09,122.09
02/09/2024,18:00,[17:45-18:00[,S,F,F,C,C,122.09,122.09
02/09/2024,18:15,[18:00-18:15[,S,F,F,C,C,130.00,130.00
02/09/2024,18:30,[18:15-18:30[,S,F,F,C,C,130.00,130.00
02/09/2024,18:45,[18:30-18:45[,S,F,F,C,C,130.00,130.00
02/09/2024,19:00,[18:45-19:00[,S,F,F,C,C,130.00,130.00
02/09/2024,19:15,[19:00-19:15[,S,F,F,C,C,138.00,138.00
02/09/2024,19:30,[19:15-19:30[,S,F,F,C,C,138.00,138.00
02/09/2024,19:45,[19:30-19:45[,S,F,F,P,C,138.00,138.00
02/09/2024,20:00,[19:45-20:00[,S,F,F,P,C,138.00,138.00
02/09/2024,20:15,[20:00-20:15[,S,F,F,P,C,134.53,134.53
02/09/2024,20:30,[20:15-20:30[,S,F,F,P,C,134.53,134.53
02/09/2024,20:45,[20:30-20:45[,S,F,F,P,C,134.53,134.53
02/09/2024,21:00,[20:45-21:00[,S,F,F,P,C,134.53,134.53
02/09/2024,21:15,[21:00-21:15[,S,F,F,C,C,128.72,128.72
02/09/2024,21:30,[21:15-21:30[,S,F,F,C,C,128.72,128.72
02/09/2024,21:45,[21:30-21:45[,S,F,F,C,C,128.72,128.72
02/09/2024,22:00,[21:45-22:00[,S,F,F,C,C,128.72,128.72
02/09/2024,22:15,[22:00-22:15[,S,V,F,V,C,122.74,122.74
02/09/2024,22:30,[22:15-22:30[,S,V,F,V,C,122.74,122.74
02/09/2024,22:45,[22:30-22:45[,S,V,F,V,C,122.74,122.74
02/09/2024,23:00,[22:45-23:00[,S,V,F,V,C,122.74,122.74
02/09/2024,23:15,[23:00-23:15[,S,V,F,V,C,124.90,124.90
02/09/2024,23:30,[23:15-23:30[,S,V,F,V,C,124.90,124.90
02/09/2024,23:45,[23:30-23:45[,S,V,F,V,C,124.90,124.90
02/09/2024,23:59,[23:45-00:00[,S,V,F,V,C,124.90,124.90
03/09/2024,00:15,[00:00-00:15[,S,V,V,V,V,122.29,122.29
03/09/2024,00:30,[00:15-00:30[,S,V,V,V,V,122.29,122.29
03/09/2024,00:45,[00:30-00:45[,S,V,V,V,V,122.29,122.29
03/09/2024,01:00,[00:45-01:00[,S,V,V,V,V,122.29,122.29
03/09/2024,01:15,[01:00-01:15[,S,V,V,V,V,114.51,114.51
03/09/2024,01:30,[01:15-01:30[,S,V,V,V,V,114.51,114.51
03/09/2024,01:45,[01:30-01:45[,S,V,V,V,V,114.51,114.51
03/09/2024,02:00,[01:45-02:00[,S,V,V,V,V,114.51,114.51
03/09/2024,02:15,[02:00-02:15[,S,V,V,V,V,108.00,108.00
03/09/2024,02:30,[02:15-02:30[,S,V,V,V,V,108.00,108.00
03/09/2024,02:45,[02:30-02:45[,S,V,V,V,V,108.00,108.00
03/09/2024,03:00,[02:45-03:00[,S,V,V,V,V,108.00,108.00
03/09/2024,03:15,[03:00-03:15[,S,V,V,V,V,105.00,105.00
03/09/2024,03:30,[03:15-03:30[,S,V,V,V,V,105.00,105.00
03/09/2024,03:45,[03:30-03:45[,S,V,V,V,V,105.00,105.00
03/09/2024,04:00,[03:45-04:00[,S,V,V,V,V,105.00,105.00
03/09/2024,04:15,[04:00-04:15[,S,V,V,V,V,106.21,106.21
03/09/2024,04:30,[04:15-04:30[,S,V,V,V,V,106.21,106.21
03/09/2024,04:45,[04:30-04:45[,S,V,V,V,V,106.21,106.21
03/09/2024,05:00,[04:45-05:00[,S,V,V,V,V,106.21,106.21
03/09/2024,05:15,[05:00-05:15[,S,V,V,V,V,115.74,115.74
03/09/2024,05:30,[05:15-05:30[,S,V,V,V,V,115.74,115.74
03/09/2024,05:45,[05:30-05:45[,S,V,V,V,V,115.74,115.74
03/09/2024,06:00,[05:45-06:00[,S,V,V,V,V,115.74,115.74
03/09/2024,06:15,[06:00-06:15[,S,V,V,V,V,125.00,125.00
03/09/2024,06:30,[06:15-06:30[,S,V,V,V,V,125.00,125.00
03/09/2024,06:45,[06:30-06:45[,S,V,V,V,V,125.00,125.00
03/09/2024,07:00,[06:45-07:00[,S,V,V,V,V,125.00,125.00
03/09/2024,07:15,[07:00-07:15[,S,V,F,V,C,133.95,133.95
03/09/2024,07:30,[07:15-07:30[,S,V,F,V,C,133.95,133.95
03/09/2024,07:45,[07:30-07:45[,S,V,F,V,C,133.95,133.95
03/09/2024,08:00,[07:45-08:00[,S,V,F,V,C,133.95,133.95
03/09/2024,08:15,[08:00-08:15[,S,F,F,C,C,115.98,115.98
03/09/2024,08:30,[08:15-08:30[,S,F,F,C,C,115.98,115.98
03/09/2024,08:45,[08:30-08:45[,S,F,F,C,C,115.98,115.98
03/09/2024,09:00,[08:45-09:00[,S,F,F,C,C,115.98,115.98
03/09/2024,09:15,[09:00-09:15[,S,F,F,C,C,98.88,98.88
03/09/2024,09:30,[09:15-09:30[,S,F,F,C,P,98.88,98.88
03/09/2024,09:45,[09:30-09:45[,S,F,F,C,P,98.88,98.88
03/09/2024,10:00,[09:45-10:00[,S,F,F,C,P,98.88,98.88
03/09/2024,10:15,[10:00-10:15[,S,F,F,C,P,90.02,90.02
03/09/2024,10:30,[10:15-10:30[,S,F,F,C,P,90.02,90.02
03/09/2024,10:45,[10:30-10:45[,S,F,F,P,P,90.02,90.02
03/09/2024,11:00,[10:45-11:00[,S,F,F,P,P,90.02,90.02
03/09/2024,11:15,[11:00-11:15[,S,F,F,P,P,85.00,85.00
03/09/2024,11:30,[11:15-11:30[,S,F,F,P,P,85.00,85.00
03/09/2024,11:45,[11:30-11:45[,S,F,F,P,P,85.00,85.00
03/09/2024,12:00,[11:45-12:00[,S,F,F,P,P,85.00,85.00
03/09/2024,12:15,[12:00-12:15[,S,F,F,P,P,83.08,83.08
03/09/2024,12:30,[12:15-12:30[,S,F,F,P,C,83.08,83.08
03/09/2024,12:45,[12:30-12:45[,S,F,F,P,C,83.08,83.08
03/09/2024,13:00,[12:45-13:00[,S,F,F,P,C,83.08,83.08
03/09/2024,13:15,[13:00-13:15[,S,F,F,C,C,84.68,84.68
03/09/2024,13:30,[13:15-13:30[,S,F,F,C,C,84.68,84.68
03/09/2024,13:45,[13:30-13:45[,S,F,F,C,C,84.68,84.68
03/09/2024,14:00,[13:45-14:00[,S,F,F,C,C,84.68,84.68
03/09/2024,14:15,[14:00-14:15[,S,F,F,C,C,87.20,87.20
03/09/2024,14:30,[14:15-14:30[,S,F,F,C,C,87.20,87.20
03/09/2024,14:45,[14:30-14:45[,S,F,F,C,C,87.20,87.20
03/09/2024,15:00,[14:45-15:00[,S,F,F,C,C,87.20,87.20
03/09/2024,15:15,[15:00-15:15[,S,F,F,C,C,86.08,86.08
03/09/2024,15:30,[15:15-15:30[,S,F,F,C,C,86.08,86.08
03/09/2024,15:45,[15:30-15:45[,S,F,F,C,C,86.08,86.08
03/09/2024,16:00,[15:45-16:00[,S,F,F,C,C,86.08,86.08
03/09/2024,16:15,[16:00-16:15[,S,F,F,C,C,90.49,90.49
03/09/2024,16:30,[16:15-16:30[,S,F,F,C,C,90.49,90.49
03/09/2024,16:45,[16:30-16:45[,S,F,F,C,C,90.49,90.49
03/09/2024,17:00,[16:45-17:00[,S,F,F,C,C,90.49,90.49
03/09/2024,17:15,[17:00-17:15[,S,F,F,C,C,101.92,101.92
03/09/2024,17:30,[17:15-17:30[,S,F,F,C,C,101.92,101.92
03/09/2024,17:45,[17:30-17:45[,S,F,F,C,C,101.92,101.92
03/09/2024,18:00,[17:45-18:00[,S,F,F,C,C,101.92,101.92
03/09/2024,18:15,[18:00-18:15[,S,F,F,C,C,120.94,120.94
03/09/2024,18:30,[18:15-18:30[,S,F,F,C,C,120.94,120.94
03/09/2024,18:45,[18:30-18:45[,S,F,F,C,C,120.94,120.94
03/09/2024,19:00,[18:45-19:00[,S,F,F,C,C,120.94,120.94
03/09/2024,19:15,[19:00-19:15[,S,F,F,C,C,131.00,131.00
03/09/2024,19:30,[19:15-19:30[,S,F,F,C,C,131.00,131.00
03/09/2024,19:45,[19:30-19:45[,S,F,F,P,C,131.00,131.00
03/09/2024,20:00,[19:45-20:00[,S,F,F,P,C,131.00,131.00
03/09/2024,20:15,[20:00-20:15[,S,F,F,P,C,130.01,130.01
03/09/2024,20:30,[20:15-20:30[,S,F,F,P,C,130.01,130.01
03/09/2024,20:45,[20:30-20:45[,S,F,F,P,C,130.01,130.01
03/09/2024,21:00,[20:45-21:00[,S,F,F,P,C,130.01,130.01
03/09/2024,21:15,[21:00-21:15[,S,F,F,C,C,126.57,126.57
03/09/2024,21:30,[21:15-21:30[,S,F,F,C,C,126.57,126.57
03/09/2024,21:45,[21:30-21:45[,S,F,F,C,C,126.57,126.57
03/09/2024,22:00,[21:45-22:00[,S,F,F,C,C,126.57,126.57
03/09/2024,22:15,[22:00-22:15[,S,V,F,V,C,115.19,115.19
03/09/2024,22:30,[22:15-22:30[,S,V,F,V,C,115.19,115.19
03/09/2024,22:45,[22:30-22:45[,S,V,F,V,C,115.19,115.19
03/09/2024,23:00,[22:45-23:00[,S,V,F,V,C,115.19,115.19
03/09/2024,23:15,[23:00-23:15[,S,V,F,V,C,108.38,108.38
03/09/2024,23:30,[23:15-23:30[,S,V,F,V,C,108.38,108.38
03/09/2024,23:45,[23:30-23:45[,S,V,F,V,C,108.38,108.38
03/09/2024,23:59,[23:45-00:00[,S,V,F,V,C,108.38,108.38
04/09/2024,00:15,[00:00-00:15[,S,V,V,V,V,99.35,99.35
04/09/2024,00:30,[00:15-00:30[,S,V,V,V,V,99.35,99.35
04/09/2024,00:45,[00:30-00:45[,S,V,V,V,V,99.35,99.35
04/09/2024,01:00,[00:45-01:00[,S,V,V,V,V,99.35,99.35
04/09/2024,01:15,[01:00-01:15[,S,V,V,V,V,94.50,94.50
04/09/2024,01:30,[01:15-01:30[,S,V,V,V,V,94.50,94.50
04/09/2024,01:45,[01:30-01:45[,S,V,V,V,V,94.50,94.50
04/09/2024,02:00,[01:45-02:00[,S,V,V,V,V,94.50,94.50
04/09/2024,02:15,[02:00-02:15[,S,V,V,V,V,101.31,101.31
04/09/2024,02:30,[02:15-02:30[,S,V,V,V,V,101.31,101.31
04/09/2024,02:45,[02:30-02:45[,S,V,V,V,V,101.31,101.31
04/09/2024,03:00,[02:45-03:00[,S,V,V,V,V,101.31,101.31
04/09/2024,03:15,[03:00-03:15[,S,V,V,V,V,101.00,101.00
04/09/2024,03:30,[03:15-03:30[,S,V,V,V,V,101.00,101.00
04/09/2024,03:45,[03:30-03:45[,S,V,V,V,V,101.00,101.00
04/09/2024,04:00,[03:45-04:00[,S,V,V,V,V,101.00,101.00
04/09/2024,04:15,[04:00-04:15[,S,V,V,V,V,98.00,98.00
04/09/2024,04:30,[04:15-04:30[,S,V,V,V,V,98.00,98.00
04/09/2024,04:45,[04:30-04:45[,S,V,V,V,V,98.00,98.00
04/09/2024,05:00,[04:45-05:00[,S,V,V,V,V,98.00,98.00
04/09/2024,05:15,[05:00-05:15[,S,V,V,V,V,109.28,109.28
04/09/2024,05:30,[05:15-05:30[,S,V,V,V,V,109.28,109.28
04/09/2024,05:45,[05:30-05:45[,S,V,V,V,V,109.28,109.28
04/09/2024,06:00,[05:45-06:00[,S,V,V,V,V,109.28,109.28
04/09/2024,06:15,[06:00-06:15[,S,V,V,V,V,122.30,122.30
04/09/2024,06:30,[06:15-06:30[,S,V,V,V,V,122.30,122.30
04/09/2024,06:45,[06:30-06:45[,S,V,V,V,V,122.30,122.30
04/09/2024,07:00,[06:45-07:00[,S,V,V,V,V,122.30,122.30
04/09/2024,07:15,[07:00-07:15[,S,V,F,V,C,127.42,127.42
04/09/2024,07:30,[07:15-07:30[,S,V,F,V,C,127.42,127.42
04/09/2024,07:45,[07:30-07:45[,S,V,F,V,C,127.42,127.42
04/09/2024,08:00,[07:45-08:00[,S,V,F,V,C,127.42,127.42
04/09/2024,08:15,[08:00-08:15[,S,F,F,C,C,117.99,117.99
04/09/2024,08:30,[08:15-08:30[,S,F,F,C,C,117.99,117.99
04/09/2024,08:45,[08:30-08:45[,S,F,F,C,C,117.99,117.99
04/09/2024,09:00,[08:45-09:00[,S,F,F,C,C,117.99,117.99
04/09/2024,09:15,[09:00-09:15[,S,F,F,C,C,89.50,89.50
04/09/2024,09:30,[09:15-09:30[,S,F,F,C,P,89.50,89.50
04/09/2024,09:45,[09:30-09:45[,S,F,F,C,P,89.50,89.50
04/09/2024,10:00,[09:45-10:00[,S,F,F,C,P,89.50,89.50
04/09/2024,10:15,[10:00-10:15[,S,F,F,C,P,79.96,79.96
04/09/2024,10:30,[10:15-10:30[,S,F,F,C,P,79.96,79.96
04/09/2024,10:45,[10:30-10:45[,S,F,F,P,P,79.96,79.96
04/09/2024,11:00,[10:45-11:00[,S,F,F,P,P,79.96,79.96
04/09/2024,11:15,[11:00-11:15[,S,F,F,P,P,75.50,75.50
04/09/2024,11:30,[11:15-11:30[,S,F,F,P,P,75.50,75.50
04/09/2024,11:45,[11:30-11:45[,S,F,F,P,P,75.50,75.50
04/09/2024,12:00,[11:45-12:00[,S,F,F,P,P,75.50,75.50
04/09/2024,12:15,[12:00-12:15[,S,F,F,P,P,76.00,76.00
04/09/2024,12:30,[12:15-12:30[,S,F,F,P,C,76.00,76.00
04/09/2024,12:45,[12:30-12:45[,S,F,F,P,C,76.00,76.00
04/09/2024,13:00,[12:45-13:00[,S,F,F,P,C,76.00,76.00
04/09/2024,13:15,[13:00-13:15[,S,F,F,C,C,70.50,70.50
04/09/2024,13:30,[13:15-13:30[,S,F,F,C,C,70.50,70.50
04/09/2024,13:45,[13:30-13:45[,S,F,F,C,C,70.50,70.50
04/09/2024,14:00,[13:45-14:00[,S,F,F,C,C,70.50,70.50
04/09/2024,14:15,[14:00-14:15[,S,F,F,C,C,60.89,60.89
04/09/2024,14:30,[14:15-14:30[,S,F,F,C,C,60.89,60.89
04/09/2024,14:45,[14:30-14:45[,S,F,F,C,C,60.89,60.89
04/09/2024,15:00,[14:45-15:00[,S,F,F,C,C,60.89,60.89
04/09/2024,15:15,[15:00-15:15[,S,F,F,C,C,51.99,51.99
04/09/2024,15:30,[15:15-15:30[,S,F,F,C,C,51.99,51.99
04/09/2024,15:45,[15:30-15:45[,S,F,F,C,C,51.99,51.99
04/09/2024,16:00,[15:45-16:00[,S,F,F,C,C,51.99,51.99
04/09/2024,16:15,[16:00-16:15[,S,F,F,C,C,53.10,53.10
04/09/2024,16:30,[16:15-16:30[,S,F,F,C,C,53.10,53.10
04/09/2024,16:45,[16:30-16:45[,S,F,F,C,C,53.10,53.10
04/09/2024,17:00,[16:45-17:00[,S,F,F,C,C,53.10,53.10
04/09/2024,17:15,[17:00-17:15[,S,F,F,C,C,76.99,76.99
04/09/2024,17:30,[17:15-17:30[,S,F,F,C,C,76.99,76.99
04/09/2024,17:45,[17:30-17:45[,S,F,F,C,C,76.99,76.99
04/09/2024,18:00,[17:45-18:00[,S,F,F,C,C,76.99,76.99
04/09/2024,18:15,[18:00-18:15[,S,F,F,C,C,103.00,103.00
04/09/2024,18:30,[18:15-18:30[,S,F,F,C,C,103.00,103.00
04/09/2024,18:45,[18:30-18:45[,S,F,F,C,C,103.00,103.00
04/09/2024,19:00,[18:45-19:00[,S,F,F,C,C,103.00,103.00
04/09/2024,19:15,[19:00-19:15[,S,F,F,C,C,122.81,122.81
04/09/2024,19:30,[19:15-19:30[,S,F,F,C,C,122.81,122.81
04/09/2024,19:45,[19:30-19:45[,S,F,F,P,C,122.81,122.81
04/09/2024,20:00,[19:45-20:00[,S,F,F,P,C,122.81,122.81
04/09/2024,20:15,[20:00-20:15[,S,F,F,P,C,124.44,124.44
04/09/2024,20:30,[20:15-20:30[,S,F,F,P,C,124.44,124.44
04/09/2024,20:45,[20:30-20:45[,S,F,F,P,C,124.44,124.44
04/09/2024,21:00,[20:45-21:00[,S,F,F,P,C,124.44,124.44
04/09/2024,21:15,[21:00-21:15[,S,F,F,C,C,117.14,117.14
04/09/2024,21:30,[21:15-21:30[,S,F,F,C,C,117.14,117.14
04/09/2024,21:45,[21:30-21:45[,S,F,F,C,C,117.14,117.14
04/09/2024,22:00,[21:45-22:00[,S,F,F,C,C,117.14,117.14
04/09/2024,22:15,[22:00-22:15[,S,V,F,V,C,108.55,108.55
04/09/2024,22:30,[22:15-22:30[,S,V,F,V,C,108.55,108.55
04/09/2024,22:45,[22:30-22:45[,S,V,F,V,C,108.55,108.55
04/09/2024,23:00,[22:45-23:00[,S,V,F,V,C,108.55,108.55
04/09/2024,23:15,[23:00-23:15[,S,V,F,V,C,105.00,105.00
04/09/2024,23:30,[23:15-23:30[,S,V,F,V,C,105.00,105.00
04/09/2024,23:45,[23:30-23:45[,S,V,F,V,C,105.00,105.00
04/09/2024,23:59,[23:45-00:00[,S,V,F,V,C,105.00,105.00
05/09/2024,00:15,[00:00-00:15[,S,V,V,V,V,105.70,105.70
05/09/2024,00:30,[00:15-00:30[,S,V,V,V,V,105.70,105.70
05/09/2024,00:45,[00:30-00:45[,S,V,V,V,V,105.70,105.70
05/09/2024,01:00,[00:45-01:00[,S,V,V,V,V,105.70,105.70
05/09/2024,01:15,[01:00-01:15[,S,V,V,V,V,99.35,99.35
05/09/2024,01:30,[01:15-01:30[,S,V,V,V,V,99.35,99.35
05/09/2024,01:45,[01:30-01:45[,S,V,V,V,V,99.35,99.35
05/09/2024,02:00,[01:45-02:00[,S,V,V,V,V,99.35,99.35
05/09/2024,02:15,[02:00-02:15[,S,V,V,V,V,99.41,99.41
05/09/2024,02:30,[02:15-02:30[,S,V,V,V,V,99.41,99.41
05/09/2024,02:45,[02:30-02:45[,S,V,V,V,V,99.41,99.41
05/09/2024,03:00,[02:45-03:00[,S,V,V,V,V,99.41,99.41
05/09/2024,03:15,[03:00-03:15[,S,V,V,V,V,96.00,96.00
05/09/2024,03:30,[03:15-03:30[,S,V,V,V,V,96.00,96.00
05/09/2024,03:45,[03:30-03:45[,S,V,V,V,V,96.00,96.00
05/09/2024,04:00,[03:45-04:00[,S,V,V,V,V,96.00,96.00
05/09/2024,04:15,[04:00-04:15[,S,V,V,V,V,100.00,100.00
05/09/2024,04:30,[04:15-04:30[,S,V,V,V,V,100.00,100.00
05/09/2024,04:45,[04:30-04:45[,S,V,V,V,V,100.00,100.00
05/09/2024,05:00,[04:45-05:00[,S,V,V,V,V,100.00,100.00
05/09/2024,05:15,[05:00-05:15[,S,V,V,V,V,118.06,118.06
05/09/2024,05:30,[05:15-05:30[,S,V,V,V,V,118.06,118.06
05/09/2024,05:45,[05:30-05:45[,S,V,V,V,V,118.06,118.06
05/09/2024,06:00,[05:45-06:00[,S,V,V,V,V,118.06,118.06
05/09/2024,06:15,[06:00-06:15[,S,V,V,V,V,124.90,124.90
05/09/2024,06:30,[06:15-06:30[,S,V,V,V,V,124.90,124.90
05/09/2024,06:45,[06:30-06:45[,S,V,V,V,V,124.90,124.90
05/09/2024,07:00,[06:45-07:00[,S,V,V,V,V,124.90,124.90
05/09/2024,07:15,[07:00-07:15[,S,V,F,V,C,125.00,125.00
05/09/2024,07:30,[07:15-07:30[,S,V,F,V,C,125.00,125.00
05/09/2024,07:45,[07:30-07:45[,S,V,F,V,C,125.00,125.00
05/09/2024,08:00,[07:45-08:00[,S,V,F,V,C,125.00,125.00
05/09/2024,08:15,[08:00-08:15[,S,F,F,C,C,113.42,113.42
05/09/2024,08:30,[08:15-08:30[,S,F,F,C,C,113.42,113.42
05/09/2024,08:45,[08:30-08:45[,S,F,F,C,C,113.42,113.42
05/09/2024,09:00,[08:45-09:00[,S,F,F,C,C,113.42,113.42
05/09/2024,09:15,[09:00-09:15[,S,F,F,C,C,92.50,92.50
05/09/2024,09:30,[09:15-09:30[,S,F,F,C,P,92.50,92.50
05/09/2024,09:45,[09:30-09:45[,S,F,F,C,P,92.50,92.50
05/09/2024,10:00,[09:45-10:00[,S,F,F,C,P,92.50,92.50
05/09/2024,10:15,[10:00-10:15[,S,F,F,C,P,87.87,84.81
05/09/2024,10:30,[10:15-10:30[,S,F,F,C,P,87.87,84.81
05/09/2024,10:45,[10:30-10:45[,S,F,F,P,P,87.87,84.81
05/09/2024,11:00,[10:45-11:00[,S,F,F,P,P,87.87,84.81
05/09/2024,11:15,[11:00-11:15[,S,F,F,P,P,87.00,84.81
05/09/2024,11:30,[11:15-11:30[,S,F,F,P,P,87.00,84.81
05/09/2024,11:45,[11:30-11:45[,S,F,F,P,P,87.00,84.81
05/09/2024,12:00,[11:45-12:00[,S,F,F,P,P,87.00,84.81
05/09/2024,12:15,[12:00-12:15[,S,F,F,P,P,84.81,84.81
05/09/2024,12:30,[12:15-12:30[,S,F,F,P,C,84.81,84.81
05/09/2024,12:45,[12:30-12:45[,S,F,F,P,C,84.81,84.81
05/09/2024,13:00,[12:45-13:00[,S,F,F,P,C,84.81,84.81
05/09/2024,13:15,[13:00-13:15[,S,F,F,C,C,84.68,84.68
05/09/2024,13:30,[13:15-13:30[,S,F,F,C,C,84.68,84.68
05/09/2024,13:45,[13:30-13:45[,S,F,F,C,C,84.68,84.68
05/09/2024,14:00,[13:45-14:00[,S,F,F,C,C,84.68,84.68
05/09/2024,14:15,[14:00-14:15[,S,F,F,C,C,81.18,81.18
05/09/2024,14:30,[14:15-14:30[,S,F,F,C,C,81.18,81.18
05/09/2024,14:45,[14:30-14:45[,S,F,F,C,C,81.18,81.18
05/09/2024,15:00,[14:45-15:00[,S,F,F,C,C,81.18,81.18
05/09/2024,15:15,[15:00-15:15[,S,F,F,C,C,84.55,84.55
05/09/2024,15:30,[15:15-15:30[,S,F,F,C,C,84.55,84.55
05/09/2024,15:45,[15:30-15:45[,S,F,F,C,C,84.55,84.55
05/09/2024,16:00,[15:45-16:00[,S,F,F,C,C,84.55,84.55
05/09/2024,16:15,[16:00-16:15[,S,F,F,C,C,87.87,87.87
05/09/2024,16:30,[16:15-16:30[,S,F,F,C,C,87.87,87.87
05/09/2024,16:45,[16:30-16:45[,S,F,F,C,C,87.87,87.87
05/09/2024,17:00,[16:45-17:00[,S,F,F,C,C,87.87,87.87
05/09/2024,17:15,[17:00-17:15[,S,F,F,C,C,105.70,105.70
05/09/2024,17:30,[17:15-17:30[,S,F,F,C,C,105.70,105.70
05/09/2024,17:45,[17:30-17:45[,S,F,F,C,C,105.70,105.70
05/09/2024,18:00,[17:45-18:00[,S,F,F,C,C,105.70,105.70
05/09/2024,18:15,[18:00-18:15[,S,F,F,C,C,118.22,118.22
05/09/2024,18:30,[18:15-18:30[,S,F,F,C,C,118.22,118.22
05/09/2024,18:45,[18:30-18:45[,S,F,F,C,C,118.22,118.22
05/09/2024,19:00,[18:45-19:00[,S,F,F,C,C,118.22,118.22
05/09/2024,19:15,[19:00-19:15[,S,F,F,C,C,129.70,129.70
05/09/2024,19:30,[19:15-19:30[,S,F,F,C,C,129.70,129.70
05/09/2024,19:45,[19:30-19:45[,S,F,F,P,C,129.70,129.70
05/09/2024,20:00,[19:45-20:00[,S,F,F,P,C,129.70,129.70
05/09/2024,20:15,[20:00-20:15[,S,F,F,P,C,134.00,134.00
05/09/2024,20:30,[20:15-20:30[,S,F,F,P,C,134.00,134.00
05/09/2024,20:45,[20:30-20:45[,S,F,F,P,C,134.00,134.00
05/09/2024,21:00,[20:45-21:00[,S,F,F,P,C,134.00,134.00
05/09/2024,21:15,[21:00-21:15[,S,F,F,C,C,124.90,124.90
05/09/2024,21:30,[21:15-21:30[,S,F,F,C,C,124.90,124.90
05/09/2024,21:45,[21:30-21:45[,S,F,F,C,C,124.90,124.90
05/09/2024,22:00,[21:45-22:00[,S,F,F,C,C,124.90,124.90
05/09/2024,22:15,[22:00-22:15[,S,V,F,V,C,118.22,118.22
05/09/2024,22:30,[22:15-22:30[,S,V,F,V,C,118.22,118.22
05/09/2024,22:45,[22:30-22:45[,S,V,F,V,C,118.22,118.22
05/09/2024,23:00,[22:45-23:00[,S,V,F,V,C,118.22,118.22
05/09/2024,23:15,[23:00-23:15[,S,V,F,V,C,111.98,111.98
05/09/2024,23:30,[23:15-23:30[,S,V,F,V,C,111.98,111.98
05/09/2024,23:45,[23:30-23:45[,S,V,F,V,C,111.98,111.98
05/09/2024,23:59,[23:45-00:00[,S,V,F,V,C,111.98,111.98
06/09/2024,00:15,[00:00-00:15[,S,V,V,V,V,109.00,109.00
06/09/2024,00:30,[00:15-00:30[,S,V,V,V,V,109.00,109.00
06/09/2024,00:45,[00:30-00:45[,S,V,V,V,V,109.00,109.00
06/09/2024,01:00,[00:45-01:00[,S,V,V,V,V,109.00,109.00
06/09/2024,01:15,[01:00-01:15[,S,V,V,V,V,103.35,103.35
06/09/2024,01:30,[01:15-01:30[,S,V,V,V,V,103.35,103.35
06/09/2024,01:45,[01:30-01:45[,S,V,V,V,V,103.35,103.35
06/09/2024,02:00,[01:45-02:00[,S,V,V,V,V,103.35,103.35
06/09/2024,02:15,[02:00-02:15[,S,V,V,V,V,98.00,98.00
06/09/2024,02:30,[02:15-02:30[,S,V,V,V,V,98.00,98.00
06/09/2024,02:45,[02:30-02:45[,S,V,V,V,V,98.00,98.00
06/09/2024,03:00,[02:45-03:00[,S,V,V,V,V,98.00,98.00
06/09/2024,03:15,[03:00-03:15[,S,V,V,V,V,97.55,97.55
06/09/2024,03:30,[03:15-03:30[,S,V,V,V,V,97.55,97.55
06/09/2024,03:45,[03:30-03:45[,S,V,V,V,V,97.55,97.55
06/09/2024,04:00,[03:45-04:00[,S,V,V,V,V,97.55,97.55
06/09/2024,04:15,[04:00-04:15[,S,V,V,V,V,98.00,98.00
06/09/2024,04:30,[04:15-04:30[,S,V,V,V,V,98.00,98.00
06/09/2024,04:45,[04:30-04:45[,S,V,V,V,V,98.00,98.00
06/09/2024,05:00,[04:45-05:00[,S,V,V,V,V,98.00,98.00
06/09/2024,05:15,[05:00-05:15[,S,V,V,V,V,110.00,110.00
06/09/2024,05:30,[05:15-05:30[,S,V,V,V,V,110.00,110.00
06/09/2024,05:45,[05:30-05:45[,S,V,V,V,V,110.00,110.00
06/09/2024,06:00,[05:45-06:00[,S,V,V,V,V,110.00,110.00
06/09/2024,06:15,[06:00-06:15[,S,V,V,V,V,116.00,116.00
06/09/2024,06:30,[06:15-06:30[,S,V,V,V,V,116.00,116.00
06/09/2024,06:45,[06:30-06:45[,S,V,V,V,V,116.00,116.00
06/09/2024,07:00,[06:45-07:00[,S,V,V,V,V,116.00,116.00
06/09/2024,07:15,[07:00-07:15[,S,V,F,V,C,115.00,115.00
06/09/2024,07:30,[07:15-07:30[,S,V,F,V,C,115.00,115.00
06/09/2024,07:45,[07:30-07:45[,S,V,F,V,C,115.00,115.00
06/09/2024,08:00,[07:45-08:00[,S,V,F,V,C,115.00,115.00
06/09/2024,08:15,[08:00-08:15[,S,F,F,C,C,102.25,102.25
06/09/2024,08:30,[08:15-08:30[,S,F,F,C,C,102.25,102.25
06/09/2024,08:45,[08:30-08:45[,S,F,F,C,C,102.25,102.25
06/09/2024,09:00,[08:45-09:00[,S,F,F,C,C,102.25,102.25
06/09/2024,09:15,[09:00-09:15[,S,F,F,C,C,85.23,85.23
06/09/2024,09:30,[09:15-09:30[,S,F,F,C,P,85.23,85.23
06/09/2024,09:45,[09:30-09:45[,S,F,F,C,P,85.23,85.23
06/09/2024,10:00,[09:45-10:00[,S,F,F,C,P,85.23,85.23
06/09/2024,10:15,[10:00-10:15[,S,F,F,C,P,74.99,74.99
06/09/2024,10:30,[10:15-10:30[,S,F,F,C,P,74.99,74.99
06/09/2024,10:45,[10:30-10:45[,S,F,F,P,P,74.99,74.99
06/09/2024,11:00,[10:45-11:00[,S,F,F,P,P,74.99,74.99
06/09/2024,11:15,[11:00-11:15[,S,F,F,P,P,63.37,63.37
06/09/2024,11:30,[11:15-11:30[,S,F,F,P,P,63.37,63.37
06/09/2024,11:45,[11:30-11:45[,S,F,F,P,P,63.37,63.37
06/09/2024,12:00,[11:45-12:00[,S,F,F,P,P,63.37,63.37
06/09/2024,12:15,[12:00-12:15[,S,F,F,P,P,46.22,46.22
06/09/2024,12:30,[12:15-12:30[,S,F,F,P,C,46.22,46.22
06/09/2024,12:45,[12:30-12:45[,S,F,F,P,C,46.22,46.22
06/09/2024,13:00,[12:45-13:00[,S,F,F,P,C,46.22,46.22
06/09/2024,13:15,[13:00-13:15[,S,F,F,C,C,31.20,31.20
06/09/2024,13:30,[13:15-13:30[,S,F,F,C,C,31.20,31.20
06/09/2024,13:45,[13:30-13:45[,S,F,F,C,C,31.20,31.20
06/09/2024,14:00,[13:45-14:00[,S,F,F,C,C,31.20,31.20
06/09/2024,14:15,[14:00-14:15[,S,F,F,C,C,26.85,26.85
06/09/2024,14:30,[14:15-14:30[,S,F,F,C,C,26.85,26.85
06/09/2024,14:45,[14:30-14:45[,S,F,F,C,C,26.85,26.85
06/09/2024,15:00,[14:45-15:00[,S,F,F,C,C,26.85,26.85
06/09/2024,15:15,[15:00-15:15[,S,F,F,C,C,19.56,19.56
06/09/2024,15:30,[15:15-15:30[,S,F,F,C,C,19.56,19.56
06/09/2024,15:45,[15:30-15:45[,S,F,F,C,C,19.56,19.56
06/09/2024,16:00,[15:45-16:00[,S,F,F,C,C,19.56,19.56
06/09/2024,16:15,[16:00-16:15[,S,F,F,C,C,43.60,43.60
06/09/2024,16:30,[16:15-16:30[,S,F,F,C,C,43.60,43.60
06/09/2024,16:45,[16:30-16:45[,S,F,F,C,C,43.60,43.60
06/09/2024,17:00,[16:45-17:00[,S,F,F,C,C,43.60,43.60
06/09/2024,17:15,[17:00-17:15[,S,F,F,C,C,70.20,70.20
06/09/2024,17:30,[17:15-17:30[,S,F,F,C,C,70.20,70.20
06/09/2024,17:45,[17:30-17:45[,S,F,F,C,C,70.20,70.20
06/09/2024,18:00,[17:45-18:00[,S,F,F,C,C,70.20,70.20
06/09/2024,18:15,[18:00-18:15[,S,F,F,C,C,104.41,104.41
06/09/2024,18:30,[18:15-18:30[,S,F,F,C,C,104.41,104.41
06/09/2024,18:45,[18:30-18:45[,S,F,F,C,C,104.41,104.41
06/09/2024,19:00,[18:45-19:00[,S,F,F,C,C,104.41,104.41
06/09/2024,19:15,[19:00-19:15[,S,F,F,C,C,114.81,114.81
06/09/2024,19:30,[19:15-19:30[,S,F,F,C,C,114.81,114.81
06/09/2024,19:45,[19:30-19:45[,S,F,F,P,C,114.81,114.81
06/09/2024,20:00,[19:45-20:00[,S,F,F,P,C,114.81,114.81
06/09/2024,20:15,[20:00-20:15[,S,F,F,P,C,118.20,118.20
06/09/2024,20:30,[20:15-20:30[,S,F,F,P,C,118.20,118.20
06/09/2024,20:45,[20:30-20:45[,S,F,F,P,C,118.20,118.20
06/09/2024,21:00,[20:45-21:00[,S,F,F,P,C,118.20,118.20
06/09/2024,21:15,[21:00-21:15[,S,F,F,C,C,112.46,112.46
06/09/2024,21:30,[21:15-21:30[,S,F,F,C,C,112.46,112.46
06/09/2024,21:45,[21:30-21:45[,S,F,F,C,C,112.46,112.46
06/09/2024,22:00,[21:45-22:00[,S,F,F,C,C,112.46,112.46
06/09/2024,22:15,[22:00-22:15[,S,V,F,V,C,109.14,109.14
06/09/2024,22:30,[22:15-22:30[,S,V,F,V,C,109.14,109.14
06/09/2024,22:45,[22:30-22:45[,S,V,F,V,C,109.14,109.14
06/09/2024,23:00,[22:45-23:00[,S,V,F,V,C,109.14,109.14
06/09/2024,23:15,[23:00-23:15[,S,V,F,V,C,117.32,117.32
06/09/2024,23:30,[23:15-23:30[,S,V,F,V,C,117.32,117.32
06/09/2024,23:45,[23:30-23:45[,S,V,F,V,C,117.32,117.32
06/09/2024,23:59,[23:45-00:00[,S,V,F,V,C,117.32,117.32
07/09/2024,00:15,[00:00-00:15[,S,V,V,V,V,116.42,116.42
07/09/2024,00:30,[00:15-00:30[,S,V,V,V,V,116.42,116.42
07/09/2024,00:45,[00:30-00:45[,S,V,V,V,V,116.42,116.42
07/09/2024,01:00,[00:45-01:00[,S,V,V,V,V,116.42,116.42
07/09/2024,01:15,[01:00-01:15[,S,V,V,V,V,103.35,103.35
07/09/2024,01:30,[01:15-01:30[,S,V,V,V,V,103.35,103.35
07/09/2024,01:45,[01:30-01:45[,S,V,V,V,V,103.35,103.35
07/09/2024,02:00,[01:45-02:00[,S,V,V,V,V,103.35,103.35
07/09/2024,02:15,[02:00-02:15[,S,V,V,V,V,103.35,103.35
07/09/2024,02:30,[02:15-02:30[,S,V,V,V,V,103.35,103.35
07/09/2024,02:45,[02:30-02:45[,S,V,V,V,V,103.35,103.35
07/09/2024,03:00,[02:45-03:00[,S,V,V,V,V,103.35,103.35
07/09/2024,03:15,[03:00-03:15[,S,V,V,V,V,101.12,101.12
07/09/2024,03:30,[03:15-03:30[,S,V,V,V,V,101.12,101.12
07/09/2024,03:45,[03:30-03:45[,S,V,V,V,V,101.12,101.12
07/09/2024,04:00,[03:45-04:00[,S,V,V,V,V,101.12,101.12
07/09/2024,04:15,[04:00-04:15[,S,V,V,V,V,99.34,99.34
07/09/2024,04:30,[04:15-04:30[,S,V,V,V,V,99.34,99.34
07/09/2024,04:45,[04:30-04:45[,S,V,V,V,V,99.34,99.34
07/09/2024,05:00,[04:45-05:00[,S,V,V,V,V,99.34,99.34
07/09/2024,05:15,[05:00-05:15[,S,V,V,V,V,104.00,104.00
07/09/2024,05:30,[05:15-05:30[,S,V,V,V,V,104.00,104.00
07/09/2024,05:45,[05:30-05:45[,S,V,V,V,V,104.00,104.00
07/09/2024,06:00,[05:45-06:00[,S,V,V,V,V,104.00,104.00
07/09/2024,06:15,[06:00-06:15[,S,V,V,V,V,108.83,108.83
07/09/2024,06:30,[06:15-06:30[,S,V,V,V,V,108.83,108.83
07/09/2024,06:45,[06:30-06:45[,S,V,V,V,V,108.83,108.83
07/09/2024,07:00,[06:45-07:00[,S,V,V,V,V,108.83,108.83
07/09/2024,07:15,[07:00-07:15[,S,V,V,V,V,104.68,104.68
07/09/2024,07:30,[07:15-07:30[,S,V,V,V,V,104.68,104.68
07/09/2024,07:45,[07:30-07:45[,S,V,V,V,V,104.68,104.68
07/09/2024,08:00,[07:45-08:00[,S,V,V,V,V,104.68,104.68
07/09/2024,08:15,[08:00-08:15[,S,F,V,C,V,77.95,77.95
07/09/2024,08:30,[08:15-08:30[,S,F,V,C,V,77.95,77.95
07/09/2024,08:45,[08:30-08:45[,S,F,V,C,V,77.95,77.95
07/09/2024,09:00,[08:45-09:00[,S,F,V,C,V,77.95,77.95
07/09/2024,09:15,[09:00-09:15[,S,F,F,C,C,51.52,51.52
07/09/2024,09:30,[09:15-09:30[,S,F,F,C,C,51.52,51.52
07/09/2024,09:45,[09:30-09:45[,S,F,F,C,C,51.52,51.52
07/09/2024,10:00,[09:45-10:00[,S,F,F,C,C,51.52,51.52
07/09/2024,10:15,[10:00-10:15[,S,F,F,C,C,34.12,3.32
07/09/2024,10:30,[10:15-10:30[,S,F,F,C,C,34.12,3.32
07/09/2024,10:45,[10:30-10:45[,S,F,F,P,C,34.12,3.32
07/09/2024,11:00,[10:45-11:00[,S,F,F,P,C,34.12,3.32
07/09/2024,11:15,[11:00-11:15[,S,F,F,P,C,37.55,3.32
07/09/2024,11:30,[11:15-11:30[,S,F,F,P,C,37.55,3.32
07/09/2024,11:45,[11:30-11:45[,S,F,F,P,C,37.55,3.32
07/09/2024,12:00,[11:45-12:00[,S,F,F,P,C,37.55,3.32
07/09/2024,12:15,[12:00-12:15[,S,F,F,P,C,37.55,1.02
07/09/2024,12:30,[12:15-12:30[,S,F,F,P,C,37.55,1.02
07/09/2024,12:45,[12:30-12:45[,S,F,F,P,C,37.55,1.02
07/09/2024,13:00,[12:45-13:00[,S,F,F,P,C,37.55,1.02
07/09/2024,13:15,[13:00-13:15[,S,F,F,C,C,37.55,0.44
07/09/2024,13:30,[13:15-13:30[,S,F,F,C,C,37.55,0.44
07/09/2024,13:45,[13:30-13:45[,S,F,F,C,C,37.55,0.44
07/09/2024,14:00,[13:45-14:00[,S,F,F,C,C,37.55,0.44
07/09/2024,14:15,[14:00-14:15[,S,F,V,C,V,37.55,3.32
07/09/2024,14:30,[14:15-14:30[,S,F,V,C,V,37.55,3.32
07/09/2024,14:45,[14:30-14:45[,S,F,V,C,V,37.55,3.32
07/09/2024,15:00,[14:45-15:00[,S,F,V,C,V,37.55,3.32
07/09/2024,15:15,[15:00-15:15[,S,F,V,C,V,34.12,14.00
07/09/2024,15:30,[15:15-15:30[,S,F,V,C,V,34.12,14.00
07/09/2024,15:45,[15:30-15:45[,S,F,V,C,V,34.12,14.00
07/09/2024,16:00,[15:45-16:00[,S,F,V,C,V,34.12,14.00
07/09/2024,16:15,[16:00-16:15[,S,F,V,C,V,50.24,50.24
07/09/2024,16:30,[16:15-16:30[,S,F,V,C,V,50.24,50.24
07/09/2024,16:45,[16:30-16:45[,S,F,V,C,V,50.24,50.24
07/09/2024,17:00,[16:45-17:00[,S,F,V,C,V,50.24,50.24
07/09/2024,17:15,[17:00-17:15[,S,F,V,C,V,83.32,83.32
07/09/2024,17:30,[17:15-17:30[,S,F,V,C,V,83.32,83.32
07/09/2024,17:45,[17:30-17:45[,S,F,V,C,V,83.32,83.32
07/09/2024,18:00,[17:45-18:00[,S,F,V,C,V,83.32,83.32
07/09/2024,18:15,[18:00-18:15[,S,F,V,C,V,116.51,116.51
07/09/2024,18:30,[18:15-18:30[,S,F,V,C,V,116.51,116.51
07/09/2024,18:45,[18:30-18:45[,S,F,V,C,V,116.51,116.51
07/09/2024,19:00,[18:45-19:00[,S,F,V,C,V,116.51,116.51
07/09/2024,19:15,[19:00-19:15[,S,F,V,C,V,136.07,136.07
07/09/2024,19:30,[19:15-19:30[,S,F,V,C,V,136.07,136.07
07/09/2024,19:45,[19:30-19:45[,S,F,V,P,V,136.07,136.07
07/09/2024,20:00,[19:45-20:00[,S,F,V,P,V,136.07,136.07
07/09/2024,20:15,[20:00-20:15[,S,F,F,P,C,148.56,148.56
07/09/2024,20:30,[20:15-20:30[,S,F,F,P,C,148.56,148.56
07/09/2024,20:45,[20:30-20:45[,S,F,F,P,C,148.56,148.56
07/09/2024,21:00,[20:45-21:00[,S,F,F,P,C,148.56,148.56
07/09/2024,21:15,[21:00-21:15[,S,F,F,C,C,124.44,124.44
07/09/2024,21:30,[21:15-21:30[,S,F,F,C,C,124.44,124.44
07/09/2024,21:45,[21:30-21:45[,S,F,F,C,C,124.44,124.44
07/09/2024,22:00,[21:45-22:00[,S,F,F,C,C,124.44,124.44
07/09/2024,22:15,[22:00-22:15[,S,V,V,V,V,123.86,123.86
07/09/2024,22:30,[22:15-22:30[,S,V,V,V,V,123.86,123.86
07/09/2024,22:45,[22:30-22:45[,S,V,V,V,V,123.86,123.86
07/09/2024,23:00,[22:45-23:00[,S,V,V,V,V,123.86,123.86
07/09/2024,23:15,[23:00-23:15[,S,V,V,V,V,120.86,120.86
07/09/2024,23:30,[23:15-23:30[,S,V,V,V,V,120.86,120.86
07/09/2024,23:45,[23:30-23:45[,S,V,V,V,V,120.86,120.86
07/09/2024,23:59,[23:45-00:00[,S,V,V,V,V,120.86,120.86
08/09/2024,00:15,[00:00-00:15[,S,V,V,V,V,117.14,117.14
08/09/2024,00:30,[00:15-00:30[,S,V,V,V,V,117.14,117.14
08/09/2024,00:45,[00:30-00:45[,S,V,V,V,V,117.14,117.14
08/09/2024,01:00,[00:45-01:00[,S,V,V,V,V,117.14,117.14
08/09/2024,01:15,[01:00-01:15[,S,V,V,V,V,114.32,114.32
08/09/2024,01:30,[01:15-01:30[,S,V,V,V,V,114.32,114.32
08/09/2024,01:45,[01:30-01:45[,S,V,V,V,V,114.32,114.32
08/09/2024,02:00,[01:45-02:00[,S,V,V,V,V,114.32,114.32
08/09/2024,02:15,[02:00-02:15[,S,V,V,V,V,110.00,110.00
08/09/2024,02:30,[02:15-02:30[,S,V,V,V,V,110.00,110.00
08/09/2024,02:45,[02:30-02:45[,S,V,V,V,V,110.00,110.00
08/09/2024,03:00,[02:45-03:00[,S,V,V,V,V,110.00,110.00
08/09/2024,03:15,[03:00-03:15[,S,V,V,V,V,107.80,107.80
08/09/2024,03:30,[03:15-03:30[,S,V,V,V,V,107.80,107.80
08/09/2024,03:45,[03:30-03:45[,S,V,V,V,V,107.80,107.80
08/09/2024,04:00,[03:45-04:00[,S,V,V,V,V,107.80,107.80
08/09/2024,04:15,[04:00-04:15[,S,V,V,V,V,106.87,106.87
08/09/2024,04:30,[04:15-04:30[,S,V,V,V,V,106.87,106.87
08/09/2024,04:45,[04:30-04:45[,S,V,V,V,V,106.87,106.87
08/09/2024,05:00,[04:45-05:00[,S,V,V,V,V,106.87,106.87
08/09/2024,05:15,[05:00-05:15[,S,V,V,V,V,110.11,110.11
08/09/2024,05:30,[05:15-05:30[,S,V,V,V,V,110.11,110.11
08/09/2024,05:45,[05:30-05:45[,S,V,V,V,V,110.11,110.11
08/09/2024,06:00,[05:45-06:00[,S,V,V,V,V,110.11,110.11
08/09/2024,06:15,[06:00-06:15[,S,V,V,V,V,113.30,113.30
08/09/2024,06:30,[06:15-06:30[,S,V,V,V,V,113.30,113.30
08/09/2024,06:45,[06:30-06:45[,S,V,V,V,V,113.30,113.30
08/09/2024,07:00,[06:45-07:00[,S,V,V,V,V,113.30,113.30
08/09/2024,07:15,[07:00-07:15[,S,V,V,V,V,108.04,108.04
08/09/2024,07:30,[07:15-07:30[,S,V,V,V,V,108.04,108.04
08/09/2024,07:45,[07:30-07:45[,S,V,V,V,V,108.04,108.04
08/09/2024,08:00,[07:45-08:00[,S,V,V,V,V,108.04,108.04
08/09/2024,08:15,[08:00-08:15[,S,F,V,C,V,78.87,78.87
08/09/2024,08:30,[08:15-08:30[,S,F,V,C,V,78.87,78.87
08/09/2024,08:45,[08:30-08:45[,S,F,V,C,V,78.87,78.87
08/09/2024,09:00,[08:45-09:00[,S,F,V,C,V,78.87,78.87
08/09/2024,09:15,[09:00-09:15[,S,F,V,C,V,8.29,8.29
08/09/2024,09:30,[09:15-09:30[,S,F,V,C,V,8.29,8.29
08/09/2024,09:45,[09:30-09:45[,S,F,V,C,V,8.29,8.29
08/09/2024,10:00,[09:45-10:00[,S,F,V,C,V,8.29,8.29
08/09/2024,10:15,[10:00-10:15[,S,F,V,C,V,0.44,0.44
08/09/2024,10:30,[10:15-10:30[,S,F,V,C,V,0.44,0.44
08/09/2024,10:45,[10:30-10:45[,S,F,V,P,V,0.44,0.44
08/09/2024,11:00,[10:45-11:00[,S,F,V,P,V,0.44,0.44
08/09/2024,11:15,[11:00-11:15[,S,F,V,P,V,0.04,0.04
08/09/2024,11:30,[11:15-11:30[,S,F,V,P,V,0.04,0.04
08/09/2024,11:45,[11:30-11:45[,S,F,V,P,V,0.04,0.04
08/09/2024,12:00,[11:45-12:00[,S,F,V,P,V,0.04,0.04
08/09/2024,12:15,[12:00-12:15[,S,F,V,P,V,0.01,0.00
08/09/2024,12:30,[12:15-12:30[,S,F,V,P,V,0.01,0.00
08/09/2024,12:45,[12:30-12:45[,S,F,V,P,V,0.01,0.00
08/09/2024,13:00,[12:45-13:00[,S,F,V,P,V,0.01,0.00
08/09/2024,13:15,[13:00-13:15[,S,F,V,C,V,0.00,0.00
08/09/2024,13:30,[13:15-13:30[,S,F,V,C,V,0.00,0.00
08/09/2024,13:45,[13:30-13:45[,S,F,V,C,V,0.00,0.00
08/09/2024,14:00,[13:45-14:00[,S,F,V,C,V,0.00,0.00
08/09/2024,14:15,[14:00-14:15[,S,F,V,C,V,0.00,0.00
08/09/2024,14:30,[14:15-14:30[,S,F,V,C,V,0.00,0.00
08/09/2024,14:45,[14:30-14:45[,S,F,V,C,V,0.00,0.00
08/09/2024,15:00,[14:45-15:00[,S,F,V,C,V,0.00,0.00
08/09/2024,15:15,[15:00-15:15[,S,F,V,C,V,0.00,0.00
08/09/2024,15:30,[15:15-15:30[,S,F,V,C,V,0.00,0.00
08/09/2024,15:45,[15:30-15:45[,S,F,V,C,V,0.00,0.00
08/09/2024,16:00,[15:45-16:00[,S,F,V,C,V,0.00,0.00
08/09/2024,16:15,[16:00-16:15[,S,F,V,C,V,0.00,0.00
08/09/2024,16:30,[16:15-16:30[,S,F,V,C,V,0.00,0.00
08/09/2024,16:45,[16:30-16:45[,S,F,V,C,V,0.00,0.00
08/09/2024,17:00,[16:45-17:00[,S,F,V,C,V,0.00,0.00
08/09/2024,17:15,[17:00-17:15[,S,F,V,C,V,3.32,3.32
08/09/2024,17:30,[17:15-17:30[,S,F,V,C,V,3.32,3.32
08/09/2024,17:45,[17:30-17:45[,S,F,V,C,V,3.32,3.32
08/09/2024,18:00,[17:45-18:00[,S,F,V,C,V,3.32,3.32
08/09/2024,18:15,[18:00-18:15[,S,F,V,C,V,76.16,76.16
08/09/2024,18:30,[18:15-18:30[,S,F,V,C,V,76.16,76.16
08/09/2024,18:45,[18:30-18:45[,S,F,V,C,V,76.16,76.16
08/09/2024,19:00,[18:45-19:00[,S,F,V,C,V,76.16,76.16
08/09/2024,19:15,[19:00-19:15[,S,F,V,C,V,106.87,106.87
08/09/2024,19:30,[19:15-19:30[,S,F,V,C,V,106.87,106.87
08/09/2024,19:45,[19:30-19:45[,S,F,V,P,V,106.87,106.87
08/09/2024,20:00,[19:45-20:00[,S,F,V,P,V,106.87,106.87
08/09/2024,20:15,[20:00-20:15[,S,F,V,P,V,117.22,117.22
08/09/2024,20:30,[20:15-20:30[,S,F,V,P,V,117.22,117.22
08/09/2024,20:45,[20:30-20:45[,S,F,V,P,V,117.22,117.22
08/09/2024,21:00,[20:45-21:00[,S,F,V,P,V,117.22,117.22
08/09/2024,21:15,[21:00-21:15[,S,F,V,C,V,116.42,116.42
08/09/2024,21:30,[21:15-21:30[,S,F,V,C,V,116.42,116.42
08/09/2024,21:45,[21:30-21:45[,S,F,V,C,V,116.42,116.42
08/09/2024,22:00,[21:45-22:00[,S,F,V,C,V,116.42,116.42
08/09/2024,22:15,[22:00-22:15[,S,V,V,V,V,110.11,110.11
08/09/2024,22:30,[22:15-22:30[,S,V,V,V,V,110.11,110.11
08/09/2024,22:45,[22:30-22:45[,S,V,V,V,V,110.11,110.11
08/09/2024,23:00,[22:45-23:00[,S,V,V,V,V,110.11,110.11
08/09/2024,23:15,[23:00-23:15[,S,V,V,V,V,115.70,115.70
08/09/2024,23:30,[23:15-23:30[,S,V,V,V,V,115.70,115.70
08/09/2024,23:45,[23:30-23:45[,S,V,V,V,V,115.70,115.70
08/09/2024,23:59,[23:45-00:00[,S,V,V,V,V,115.70,115.70
09/09/2024,00:15,[00:00-00:15[,S,V,V,V,V,110.30,110.30
09/09/2024,00:30,[00:15-00:30[,S,V,V,V,V,110.30,110.30
09/09/2024,00:45,[00:30-00:45[,S,V,V,V,V,110.30,110.30
09/09/2024,01:00,[00:45-01:00[,S,V,V,V,V,110.30,110.30
09/09/2024,01:15,[01:00-01:15[,S,V,V,V,V,108.75,108.75
09/09/2024,01:30,[01:15-01:30[,S,V,V,V,V,108.75,108.75
09/09/2024,01:45,[01:30-01:45[,S,V,V,V,V,108.75,108.75
09/09/2024,02:00,[01:45-02:00[,S,V,V,V,V,108.75,108.75
09/09/2024,02:15,[02:00-02:15[,S,V,V,V,V,108.66,108.66
09/09/2024,02:30,[02:15-02:30[,S,V,V,V,V,108.66,108.66
09/09/2024,02:45,[02:30-02:45[,S,V,V,V,V,108.66,108.66
09/09/2024,03:00,[02:45-03:00[,S,V,V,V,V,108.66,108.66
09/09/2024,03:15,[03:00-03:15[,S,V,V,V,V,100.20,100.20
09/09/2024,03:30,[03:15-03:30[,S,V,V,V,V,100.20,100.20
09/09/2024,03:45,[03:30-03:45[,S,V,V,V,V,100.20,100.20
09/09/2024,04:00,[03:45-04:00[,S,V,V,V,V,100.20,100.20
09/09/2024,04:15,[04:00-04:15[,S,V,V,V,V,108.36,108.36
09/09/2024,04:30,[04:15-04:30[,S,V,V,V,V,108.36,108.36
09/09/2024,04:45,[04:30-04:45[,S,V,V,V,V,108.36,108.36
09/09/2024,05:00,[04:45-05:00[,S,V,V,V,V,108.36,108.36
09/09/2024,05:15,[05:00-05:15[,S,V,V,V,V,116.42,116.42
09/09/2024,05:30,[05:15-05:30[,S,V,V,V,V,116.42,116.42
09/09/2024,05:45,[05:30-05:45[,S,V,V,V,V,116.42,116.42
09/09/2024,06:00,[05:45-06:00[,S,V,V,V,V,116.42,116.42
09/09/2024,06:15,[06:00-06:15[,S,V,V,V,V,120.00,120.00
09/09/2024,06:30,[06:15-06:30[,S,V,V,V,V,120.00,120.00
09/09/2024,06:45,[06:30-06:45[,S,V,V,V,V,120.00,120.00
09/09/2024,07:00,[06:45-07:00[,S,V,V,V,V,120.00,120.00
09/09/2024,07:15,[07:00-07:15[,S,V,F,V,C,120.00,120.00
09/09/2024,07:30,[07:15-07:30[,S,V,F,V,C,120.00,120.00
09/09/2024,07:45,[07:30-07:45[,S,V,F,V,C,120.00,120.00
09/09/2024,08:00,[07:45-08:00[,S,V,F,V,C,120.00,120.00
09/09/2024,08:15,[08:00-08:15[,S,F,F,C,C,115.10,115.10
09/09/2024,08:30,[08:15-08:30[,S,F,F,C,C,115.10,115.10
09/09/2024,08:45,[08:30-08:45[,S,F,F,C,C,115.10,115.10
09/09/2024,09:00,[08:45-09:00[,S,F,F,C,C,115.10,115.10
09/09/2024,09:15,[09:00-09:15[,S,F,F,C,C,80.87,72.20
09/09/2024,09:30,[09:15-09:30[,S,F,F,C,P,80.87,72.20
09/09/2024,09:45,[09:30-09:45[,S,F,F,C,P,80.87,72.20
09/09/2024,10:00,[09:45-10:00[,S,F,F,C,P,80.87,72.20
09/09/2024,10:15,[10:00-10:15[,S,F,F,C,P,80.87,50.24
09/09/2024,10:30,[10:15-10:30[,S,F,F,C,P,80.87,50.24
09/09/2024,10:45,[10:30-10:45[,S,F,F,P,P,80.87,50.24
09/09/2024,11:00,[10:45-11:00[,S,F,F,P,P,80.87,50.24
09/09/2024,11:15,[11:00-11:15[,S,F,F,P,P,80.87,45.31
09/09/2024,11:30,[11:15-11:30[,S,F,F,P,P,80.87,45.31
09/09/2024,11:45,[11:30-11:45[,S,F,F,P,P,80.87,45.31
09/09/2024,12:00,[11:45-12:00[,S,F,F,P,P,80.87,45.31
09/09/2024,12:15,[12:00-12:15[,S,F,F,P,P,55.53,40.50
09/09/2024,12:30,[12:15-12:30[,S,F,F,P,C,55.53,40.50
09/09/2024,12:45,[12:30-12:45[,S,F,F,P,C,55.53,40.50
09/09/2024,13:00,[12:45-13:00[,S,F,F,P,C,55.53,40.50
09/09/2024,13:15,[13:00-13:15[,S,F,F,C,C,20.00,20.00
09/09/2024,13:30,[13:15-13:30[,S,F,F,C,C,20.00,20.00
09/09/2024,13:45,[13:30-13:45[,S,F,F,C,C,20.00,20.00
09/09/2024,14:00,[13:45-14:00[,S,F,F,C,C,20.00,20.00
09/09/2024,14:15,[14:00-14:15[,S,F,F,C,C,19.56,6.12
09/09/2024,14:30,[14:15-14:30[,S,F,F,C,C,19.56,6.12
09/09/2024,14:45,[14:30-14:45[,S,F,F,C,C,19.56,6.12
09/09/2024,15:00,[14:45-15:00[,S,F,F,C,C,19.56,6.12
09/09/2024,15:15,[15:00-15:15[,S,F,F,C,C,9.54,9.54
09/09/2024,15:30,[15:15-15:30[,S,F,F,C,C,9.54,9.54
09/09/2024,15:45,[15:30-15:45[,S,F,F,C,C,9.54,9.54
09/09/2024,16:00,[15:45-16:00[,S,F,F,C,C,9.54,9.54
09/09/2024,16:15,[16:00-16:15[,S,F,F,C,C,40.50,40.50
09/09/2024,16:30,[16:15-16:30[,S,F,F,C,C,40.50,40.50
09/09/2024,16:45,[16:30-16:45[,S,F,F,C,C,40.50,40.50
09/09/2024,17:00,[16:45-17:00[,S,F,F,C,C,40.50,40.50
09/09/2024,17:15,[17:00-17:15[,S,F,F,C,C,71.94,71.94
09/09/2024,17:30,[17:15-17:30[,S,F,F,C,C,71.94,71.94
09/09/2024,17:45,[17:30-17:45[,S,F,F,C,C,71.94,71.94
09/09/2024,18:00,[17:45-18:00[,S,F,F,C,C,71.94,71.94
09/09/2024,18:15,[18:00-18:15[,S,F,F,C,C,116.50,116.50
09/09/2024,18:30,[18:15-18:30[,S,F,F,C,C,116.50,116.50
09/09/2024,18:45,[18:30-18:45[,S,F,F,C,C,116.50,116.50
09/09/2024,19:00,[18:45-19:00[,S,F,F,C,C,116.50,116.50
09/09/2024,19:15,[19:00-19:15[,S,F,F,C,C,121.56,121.56
09/09/2024,19:30,[19:15-19:30[,S,F,F,C,C,121.56,121.56
09/09/2024,19:45,[19:30-19:45[,S,F,F,P,C,121.56,121.56
09/09/2024,20:00,[19:45-20:00[,S,F,F,P,C,121.56,121.56
09/09/2024,20:15,[20:00-20:15[,S,F,F,P,C,132.00,132.00
09/09/2024,20:30,[20:15-20:30[,S,F,F,P,C,132.00,132.00
09/09/2024,20:45,[20:30-20:45[,S,F,F,P,C,132.00,132.00
09/09/2024,21:00,[20:45-21:00[,S,F,F,P,C,132.00,132.00
09/09/2024,21:15,[21:00-21:15[,S,F,F,C,C,118.30,118.30
09/09/2024,21:30,[21:15-21:30[,S,F,F,C,C,118.30,118.30
09/09/2024,21:45,[21:30-21:45[,S,F,F,C,C,118.30,118.30
09/09/2024,22:00,[21:45-22:00[,S,F,F,C,C,118.30,118.30
09/09/2024,22:15,[22:00-22:15[,S,V,F,V,C,108.66,108.66
09/09/2024,22:30,[22:15-22:30[,S,V,F,V,C,108.66,108.66
09/09/2024,22:45,[22:30-22:45[,S,V,F,V,C,108.66,108.66
09/09/2024,23:00,[22:45-23:00[,S,V,F,V,C,108.66,108.66
09/09/2024,23:15,[23:00-23:15[,S,V,F,V,C,110.32,110.32
09/09/2024,23:30,[23:15-23:30[,S,V,F,V,C,110.32,110.32
09/09/2024,23:45,[23:30-23:45[,S,V,F,V,C,110.32,110.32
09/09/2024,23:59,[23:45-00:00[,S,V,F,V,C,110.32,110.32
10/09/2024,00:15,[00:00-00:15[,S,V,V,V,V,103.83,103.83
10/09/2024,00:30,[00:15-00:30[,S,V,V,V,V,103.83,103.83
10/09/2024,00:45,[00:30-00:45[,S,V,V,V,V,103.83,103.83
10/09/2024,01:00,[00:45-01:00[,S,V,V,V,V,103.83,103.83
10/09/2024,01:15,[01:00-01:15[,S,V,V,V,V,105.00,105.00
10/09/2024,01:30,[01:15-01:30[,S,V,V,V,V,105.00,105.00
10/09/2024,01:45,[01:30-01:45[,S,V,V,V,V,105.00,105.00
10/09/2024,02:00,[01:45-02:00[,S,V,V,V,V,105.00,105.00
10/09/2024,02:15,[02:00-02:15[,S,V,V,V,V,103.92,103.92
10/09/2024,02:30,[02:15-02:30[,S,V,V,V,V,103.92,103.92
10/09/2024,02:45,[02:30-02:45[,S,V,V,V,V,103.92,103.92
10/09/2024,03:00,[02:45-03:00[,S,V,V,V,V,103.92,103.92
10/09/2024,03:15,[03:00-03:15[,S,V,V,V,V,99.42,99.42
10/09/2024,03:30,[03:15-03:30[,S,V,V,V,V,99.42,99.42
10/09/2024,03:45,[03:30-03:45[,S,V,V,V,V,99.42,99.42
10/09/2024,04:00,[03:45-04:00[,S,V,V,V,V,99.42,99.42
10/09/2024,04:15,[04:00-04:15[,S,V,V,V,V,100.01,100.01
10/09/2024,04:30,[04:15-04:30[,S,V,V,V,V,100.01,100.01
10/09/2024,04:45,[04:30-04:45[,S,V,V,V,V,100.01,100.01
10/09/2024,05:00,[04:45-05:00[,S,V,V,V,V,100.01,100.01
10/09/2024,05:15,[05:00-05:15[,S,V,V,V,V,109.47,109.47
10/09/2024,05:30,[05:15-05:30[,S,V,V,V,V,109.47,109.47
10/09/2024,05:45,[05:30-05:45[,S,V,V,V,V,109.47,109.47
10/09/2024,06:00,[05:45-06:00[,S,V,V,V,V,109.47,109.47
10/09/2024,06:15,[06:00-06:15[,S,V,V,V,V,112.64,112.64
10/09/2024,06:30,[06:15-06:30[,S,V,V,V,V,112.64,112.64
10/09/2024,06:45,[06:30-06:45[,S,V,V,V,V,112.64,112.64
10/09/2024,07:00,[06:45-07:00[,S,V,V,V,V,112.64,112.64
10/09/2024,07:15,[07:00-07:15[,S,V,F,V,C,114.59,114.59
10/09/2024,07:30,[07:15-07:30[,S,V,F,V,C,114.59,114.59
10/09/2024,07:45,[07:30-07:45[,S,V,F,V,C,114.59,114.59
10/09/2024,08:00,[07:45-08:00[,S,V,F,V,C,114.59,114.59
10/09/2024,08:15,[08:00-08:15[,S,F,F,C,C,100.00,100.00
10/09/2024,08:30,[08:15-08:30[,S,F,F,C,C,100.00,100.00
10/09/2024,08:45,[08:30-08:45[,S,F,F,C,C,100.00,100.00
10/09/2024,09:00,[08:45-09:00[,S,F,F,C,C,100.00,100.00
10/09/2024,09:15,[09:00-09:15[,S,F,F,C,C,72.87,62.00
10/09/2024,09:30,[09:15-09:30[,S,F,F,C,P,72.87,62.00
10/09/2024,09:45,[09:30-09:45[,S,F,F,C,P,72.87,62.00
10/09/2024,10:00,[09:45-10:00[,S,F,F,C,P,72.87,62.00
10/09/2024,10:15,[10:00-10:15[,S,F,F,C,P,72.87,30.10
10/09/2024,10:30,[10:15-10:30[,S,F,F,C,P,72.87,30.10
10/09/2024,10:45,[10:30-10:45[,S,F,F,P,P,72.87,30.10
10/09/2024,11:00,[10:45-11:00[,S,F,F,P,P,72.87,30.10
10/09/2024,11:15,[11:00-11:15[,S,F,F,P,P,67.47,14.74
10/09/2024,11:30,[11:15-11:30[,S,F,F,P,P,67.47,14.74
10/09/2024,11:45,[11:30-11:45[,S,F,F,P,P,67.47,14.74
10/09/2024,12:00,[11:45-12:00[,S,F,F,P,P,67.47,14.74
10/09/2024,12:15,[12:00-12:15[,S,F,F,P,P,19.56,19.56
10/09/2024,12:30,[12:15-12:30[,S,F,F,P,C,19.56,19.56
10/09/2024,12:45,[12:30-12:45[,S,F,F,P,C,19.56,19.56
10/09/2024,13:00,[12:45-13:00[,S,F,F,P,C,19.56,19.56
10/09/2024,13:15,[13:00-13:15[,S,F,F,C,C,6.31,6.31
10/09/2024,13:30,[13:15-13:30[,S,F,F,C,C,6.31,6.31
10/09/2024,13:45,[13:30-13:45[,S,F,F,C,C,6.31,6.31
10/09/2024,14:00,[13:45-14:00[,S,F,F,C,C,6.31,6.31
10/09/2024,14:15,[14:00-14:15[,S,F,F,C,C,64.24,3.04
10/09/2024,14:30,[14:15-14:30[,S,F,F,C,C,64.24,3.04
10/09/2024,14:45,[14:30-14:45[,S,F,F,C,C,64.24,3.04
10/09/2024,15:00,[14:45-15:00[,S,F,F,C,C,64.24,3.04
10/09/2024,15:15,[15:00-15:15[,S,F,F,C,C,4.59,4.59
10/09/2024,15:30,[15:15-15:30[,S,F,F,C,C,4.59,4.59
10/09/2024,15:45,[15:30-15:45[,S,F,F,C,C,4.59,4.59
10/09/2024,16:00,[15:45-16:00[,S,F,F,C,C,4.59,4.59
10/09/2024,16:15,[16:00-16:15[,S,F,F,C,C,28.41,28.41
10/09/2024,16:30,[16:15-16:30[,S,F,F,C,C,28.41,28.41
10/09/2024,16:45,[16:30-16:45[,S,F,F,C,C,28.41,28.41
10/09/2024,17:00,[16:45-17:00[,S,F,F,C,C,28.41,28.41
10/09/2024,17:15,[17:00-17:15[,S,F,F,C,C,53.10,53.10
10/09/2024,17:30,[17:15-17:30[,S,F,F,C,C,53.10,53.10
10/09/2024,17:45,[17:30-17:45[,S,F,F,C,C,53.10,53.10
10/09/2024,18:00,[17:45-18:00[,S,F,F,C,C,53.10,53.10
10/09/2024,18:15,[18:00-18:15[,S,F,F,C,C,99.42,99.42
10/09/2024,18:30,[18:15-18:30[,S,F,F,C,C,99.42,99.42
10/09/2024,18:45,[18:30-18:45[,S,F,F,C,C,99.42,99.42
10/09/2024,19:00,[18:45-19:00[,S,F,F,C,C,99.42,99.42
10/09/2024,19:15,[19:00-19:15[,S,F,F,C,C,109.00,109.00
10/09/2024,19:30,[19:15-19:30[,S,F,F,C,C,109.00,109.00
10/09/2024,19:45,[19:30-19:45[,S,F,F,P,C,109.00,109.00
10/09/2024,20:00,[19:45-20:00[,S,F,F,P,C,109.00,109.00
10/09/2024,20:15,[20:00-20:15[,S,F,F,P,C,111.74,111.74
10/09/2024,20:30,[20:15-20:30[,S,F,F,P,C,111.74,111.74
10/09/2024,20:45,[20:30-20:45[,S,F,F,P,C,111.74,111.74
10/09/2024,21:00,[20:45-21:00[,S,F,F,P,C,111.74,111.74
10/09/2024,21:15,[21:00-21:15[,S,F,F,C,C,105.50,105.50
10/09/2024,21:30,[21:15-21:30[,S,F,F,C,C,105.50,105.50
10/09/2024,21:45,[21:30-21:45[,S,F,F,C,C,105.50,105.50
10/09/2024,22:00,[21:45-22:00[,S,F,F,C,C,105.50,105.50
10/09/2024,22:15,[22:00-22:15[,S,V,F,V,C,98.42,98.42
10/09/2024,22:30,[22:15-22:30[,S,V,F,V,C,98.42,98.42
10/09/2024,22:45,[22:30-22:45[,S,V,F,V,C,98.42,98.42
10/09/2024,23:00,[22:45-23:00[,S,V,F,V,C,98.42,98.42
10/09/2024,23:15,[23:00-23:15[,S,V,F,V,C,80.89,80.89
10/09/2024,23:30,[23:15-23:30[,S,V,F,V,C,80.89,80.89
10/09/2024,23:45,[23:30-23:45[,S,V,F,V,C,80.89,80.89
10/09/2024,23:59,[23:45-00:00[,S,V,F,V,C,80.89,80.89
11/09/2024,00:15,[00:00-00:15[,S,V,V,V,V,77.75,77.75
11/09/2024,00:30,[00:15-00:30[,S,V,V,V,V,77.75,77.75
11/09/2024,00:45,[00:30-00:45[,S,V,V,V,V,77.75,77.75
11/09/2024,01:00,[00:45-01:00[,S,V,V,V,V,77.75,77.75
11/09/2024,01:15,[01:00-01:15[,S,V,V,V,V,71.00,71.00
11/09/2024,01:30,[01:15-01:30[,S,V,V,V,V,71.00,71.00
11/09/2024,01:45,[01:30-01:45[,S,V,V,V,V,71.00,71.00
11/09/2024,02:00,[01:45-02:00[,S,V,V,V,V,71.00,71.00
11/09/2024,02:15,[02:00-02:15[,S,V,V,V,V,79.77,79.77
11/09/2024,02:30,[02:15-02:30[,S,V,V,V,V,79.77,79.77
11/09/2024,02:45,[02:30-02:45[,S,V,V,V,V,79.77,79.77
11/09/2024,03:00,[02:45-03:00[,S,V,V,V,V,79.77,79.77
11/09/2024,03:15,[03:00-03:15[,S,V,V,V,V,84.84,84.84
11/09/2024,03:30,[03:15-03:30[,S,V,V,V,V,84.84,84.84
11/09/2024,03:45,[03:30-03:45[,S,V,V,V,V,84.84,84.84
11/09/2024,04:00,[03:45-04:00[,S,V,V,V,V,84.84,84.84
11/09/2024,04:15,[04:00-04:15[,S,V,V,V,V,89.84,89.84
11/09/2024,04:30,[04:15-04:30[,S,V,V,V,V,89.84,89.84
11/09/2024,04:45,[04:30-04:45[,S,V,V,V,V,89.84,89.84
11/09/2024,05:00,[04:45-05:00[,S,V,V,V,V,89.84,89.84
11/09/2024,05:15,[05:00-05:15[,S,V,V,V,V,97.63,97.63
11/09/2024,05:30,[05:15-05:30[,S,V,V,V,V,97.63,97.63
11/09/2024,05:45,[05:30-05:45[,S,V,V,V,V,97.63,97.63
11/09/2024,06:00,[05:45-06:00[,S,V,V,V,V,97.63,97.63
11/09/2024,06:15,[06:00-06:15[,S,V,V,V,V,102.98,102.98
11/09/2024,06:30,[06:15-06:30[,S,V,V,V,V,102.98,102.98
11/09/2024,06:45,[06:30-06:45[,S,V,V,V,V,102.98,102.98
11/09/2024,07:00,[06:45-07:00[,S,V,V,V,V,102.98,102.98
11/09/2024,07:15,[07:00-07:15[,S,V,F,V,C,103.70,103.70
11/09/2024,07:30,[07:15-07:30[,S,V,F,V,C,103.70,103.70
11/09/2024,07:45,[07:30-07:45[,S,V,F,V,C,103.70,103.70
11/09/2024,08:00,[07:45-08:00[,S,V,F,V,C,103.70,103.70
11/09/2024,08:15,[08:00-08:15[,S,F,F,C,C,94.44,94.44
11/09/2024,08:30,[08:15-08:30[,S,F,F,C,C,94.44,94.44
11/09/2024,08:45,[08:30-08:45[,S,F,F,C,C,94.44,94.44
11/09/2024,09:00,[08:45-09:00[,S,F,F,C,C,94.44,94.44
11/09/2024,09:15,[09:00-09:15[,S,F,F,C,C,70.10,70.10
11/09/2024,09:30,[09:15-09:30[,S,F,F,C,P,70.10,70.10
11/09/2024,09:45,[09:30-09:45[,S,F,F,C,P,70.10,70.10
11/09/2024,10:00,[09:45-10:00[,S,F,F,C,P,70.10,70.10
11/09/2024,10:15,[10:00-10:15[,S,F,F,C,P,51.99,51.99
11/09/2024,10:30,[10:15-10:30[,S,F,F,C,P,51.99,51.99
11/09/2024,10:45,[10:30-10:45[,S,F,F,P,P,51.99,51.99
11/09/2024,11:00,[10:45-11:00[,S,F,F,P,P,51.99,51.99
11/09/2024,11:15,[11:00-11:15[,S,F,F,P,P,50.24,50.24
11/09/2024,11:30,[11:15-11:30[,S,F,F,P,P,50.24,50.24
11/09/2024,11:45,[11:30-11:45[,S,F,F,P,P,50.24,50.24
11/09/2024,12:00,[11:45-12:00[,S,F,F,P,P,50.24,50.24
11/09/2024,12:15,[12:00-12:15[,S,F,F,P,P,47.70,47.70
11/09/2024,12:30,[12:15-12:30[,S,F,F,P,C,47.70,47.70
11/09/2024,12:45,[12:30-12:45[,S,F,F,P,C,47.70,47.70
11/09/2024,13:00,[12:45-13:00[,S,F,F,P,C,47.70,47.70
11/09/2024,13:15,[13:00-13:15[,S,F,F,C,C,45.00,45.00
11/09/2024,13:30,[13:15-13:30[,S,F,F,C,C,45.00,45.00
11/09/2024,13:45,[13:30-13:45[,S,F,F,C,C,45.00,45.00
11/09/2024,14:00,[13:45-14:00[,S,F,F,C,C,45.00,45.00
11/09/2024,14:15,[14:00-14:15[,S,F,F,C,C,23.75,23.75
11/09/2024,14:30,[14:15-14:30[,S,F,F,C,C,23.75,23.75
11/09/2024,14:45,[14:30-14:45[,S,F,F,C,C,23.75,23.75
11/09/2024,15:00,[14:45-15:00[,S,F,F,C,C,23.75,23.75
11/09/2024,15:15,[15:00-15:15[,S,F,F,C,C,15.00,15.00
11/09/2024,15:30,[15:15-15:30[,S,F,F,C,C,15.00,15.00
11/09/2024,15:45,[15:30-15:45[,S,F,F,C,C,15.00,15.00
11/09/2024,16:00,[15:45-16:00[,S,F,F,C,C,15.00,15.00
11/09/2024,16:15,[16:00-16:15[,S,F,F,C,C,50.24,50.24
11/09/2024,16:30,[16:15-16:30[,S,F,F,C,C,50.24,50.24
11/09/2024,16:45,[16:30-16:45[,S,F,F,C,C,50.24,50.24
11/09/2024,17:00,[16:45-17:00[,S,F,F,C,C,50.24,50.24
11/09/2024,17:15,[17:00-17:15[,S,F,F,C,C,76.16,76.16
11/09/2024,17:30,[17:15-17:30[,S,F,F,C,C,76.16,76.16
11/09/2024,17:45,[17:30-17:45[,S,F,F,C,C,76.16,76.16
11/09/2024,18:00,[17:45-18:00[,S,F,F,C,C,76.16,76.16
11/09/2024,18:15,[18:00-18:15[,S,F,F,C,C,99.95,99.95
11/09/2024,18:30,[18:15-18:30[,S,F,F,C,C,99.95,99.95
11/09/2024,18:45,[18:30-18:45[,S,F,F,C,C,99.95,99.95
11/09/2024,19:00,[18:45-19:00[,S,F,F,C,C,99.95,99.95
11/09/2024,19:15,[19:00-19:15[,S,F,F,C,C,113.00,113.00
11/09/2024,19:30,[19:15-19:30[,S,F,F,C,C,113.00,113.00
11/09/2024,19:45,[19:30-19:45[,S,F,F,P,C,113.00,113.00
11/09/2024,20:00,[19:45-20:00[,S,F,F,P,C,113.00,113.00
11/09/2024,20:15,[20:00-20:15[,S,F,F,P,C,110.04,110.04
11/09/2024,20:30,[20:15-20:30[,S,F,F,P,C,110.04,110.04
11/09/2024,20:45,[20:30-20:45[,S,F,F,P,C,110.04,110.04
11/09/2024,21:00,[20:45-21:00[,S,F,F,P,C,110.04,110.04
11/09/2024,21:15,[21:00-21:15[,S,F,F,C,C,102.98,102.98
11/09/2024,21:30,[21:15-21:30[,S,F,F,C,C,102.98,102.98
11/09/2024,21:45,[21:30-21:45[,S,F,F,C,C,102.98,102.98
11/09/2024,22:00,[21:45-22:00[,S,F,F,C,C,102.98,102.98
11/09/2024,22:15,[22:00-22:15[,S,V,F,V,C,102.74,102.74
11/09/2024,22:30,[22:15-22:30[,S,V,F,V,C,102.74,102.74
11/09/2024,22:45,[22:30-22:45[,S,V,F,V,C,102.74,102.74
11/09/2024,23:00,[22:45-23:00[,S,V,F,V,C,102.74,102.74
11/09/2024,23:15,[23:00-23:15[,S,V,F,V,C,100.64,100.64
11/09/2024,23:30,[23:15-23:30[,S,V,F,V,C,100.64,100.64
11/09/2024,23:45,[23:30-23:45[,S,V,F,V,C,100.64,100.64
11/09/2024,23:59,[23:45-00:00[,S,V,F,V,C,100.64,100.64
12/09/2024,00:15,[00:00-00:15[,S,V,V,V,V,99.83,99.83
12/09/2024,00:30,[00:15-00:30[,S,V,V,V,V,99.83,99.83
12/09/2024,00:45,[00:30-00:45[,S,V,V,V,V,99.83,99.83
12/09/2024,01:00,[00:45-01:00[,S,V,V,V,V,99.83,99.83
12/09/2024,01:15,[01:00-01:15[,S,V,V,V,V,99.50,99.50
12/09/2024,01:30,[01:15-01:30[,S,V,V,V,V,99.50,99.50
12/09/2024,01:45,[01:30-01:45[,S,V,V,V,V,99.50,99.50
12/09/2024,02:00,[01:45-02:00[,S,V,V,V,V,99.50,99.50
12/09/2024,02:15,[02:00-02:15[,S,V,V,V,V,95.00,95.00
12/09/2024,02:30,[02:15-02:30[,S,V,V,V,V,95.00,95.00
12/09/2024,02:45,[02:30-02:45[,S,V,V,V,V,95.00,95.00
12/09/2024,03:00,[02:45-03:00[,S,V,V,V,V,95.00,95.00
12/09/2024,03:15,[03:00-03:15[,S,V,V,V,V,95.42,95.42
12/09/2024,03:30,[03:15-03:30[,S,V,V,V,V,95.42,95.42
12/09/2024,03:45,[03:30-03:45[,S,V,V,V,V,95.42,95.42
12/09/2024,04:00,[03:45-04:00[,S,V,V,V,V,95.42,95.42
12/09/2024,04:15,[04:00-04:15[,S,V,V,V,V,98.42,98.42
12/09/2024,04:30,[04:15-04:30[,S,V,V,V,V,98.42,98.42
12/09/2024,04:45,[04:30-04:45[,S,V,V,V,V,98.42,98.42
12/09/2024,05:00,[04:45-05:00[,S,V,V,V,V,98.42,98.42
12/09/2024,05:15,[05:00-05:15[,S,V,V,V,V,100.64,100.64
12/09/2024,05:30,[05:15-05:30[,S,V,V,V,V,100.64,100.64
12/09/2024,05:45,[05:30-05:45[,S,V,V,V,V,100.64,100.64
12/09/2024,06:00,[05:45-06:00[,S,V,V,V,V,100.64,100.64
12/09/2024,06:15,[06:00-06:15[,S,V,V,V,V,113.55,113.55
12/09/2024,06:30,[06:15-06:30[,S,V,V,V,V,113.55,113.55
12/09/2024,06:45,[06:30-06:45[,S,V,V,V,V,113.55,113.55
12/09/2024,07:00,[06:45-07:00[,S,V,V,V,V,113.55,113.55
12/09/2024,07:15,[07:00-07:15[,S,V,F,V,C,116.37,116.37
12/09/2024,07:30,[07:15-07:30[,S,V,F,V,C,116.37,116.37
12/09/2024,07:45,[07:30-07:45[,S,V,F,V,C,116.37,116.37
12/09/2024,08:00,[07:45-08:00[,S,V,F,V,C,116.37,116.37
12/09/2024,08:15,[08:00-08:15[,S,F,F,C,C,101.46,101.46
12/09/2024,08:30,[08:15-08:30[,S,F,F,C,C,101.46,101.46
12/09/2024,08:45,[08:30-08:45[,S,F,F,C,C,101.46,101.46
12/09/2024,09:00,[08:45-09:00[,S,F,F,C,C,101.46,101.46
12/09/2024,09:15,[09:00-09:15[,S,F,F,C,C,73.60,73.60
12/09/2024,09:30,[09:15-09:30[,S,F,F,C,P,73.60,73.60
12/09/2024,09:45,[09:30-09:45[,S,F,F,C,P,73.60,73.60
12/09/2024,10:00,[09:45-10:00[,S,F,F,C,P,73.60,73.60
12/09/2024,10:15,[10:00-10:15[,S,F,F,C,P,52.10,52.10
12/09/2024,10:30,[10:15-10:30[,S,F,F,C,P,52.10,52.10
12/09/2024,10:45,[10:30-10:45[,S,F,F,P,P,52.10,52.10
12/09/2024,11:00,[10:45-11:00[,S,F,F,P,P,52.10,52.10
12/09/2024,11:15,[11:00-11:15[,S,F,F,P,P,44.30,44.30
12/09/2024,11:30,[11:15-11:30[,S,F,F,P,P,44.30,44.30
12/09/2024,11:45,[11:30-11:45[,S,F,F,P,P,44.30,44.30
12/09/2024,12:00,[11:45-12:00[,S,F,F,P,P,44.30,44.30
12/09/2024,12:15,[12:00-12:15[,S,F,F,P,P,14.00,14.00
12/09/2024,12:30,[12:15-12:30[,S,F,F,P,C,14.00,14.00
12/09/2024,12:45,[12:30-12:45[,S,F,F,P,C,14.00,14.00
12/09/2024,13:00,[12:45-13:00[,S,F,F,P,C,14.00,14.00
12/09/2024,13:15,[13:00-13:15[,S,F,F,C,C,3.60,3.60
12/09/2024,13:30,[13:15-13:30[,S,F,F,C,C,3.60,3.60
12/09/2024,13:45,[13:30-13:45[,S,F,F,C,C,3.60,3.60
12/09/2024,14:00,[13:45-14:00[,S,F,F,C,C,3.60,3.60
12/09/2024,14:15,[14:00-14:15[,S,F,F,C,C,3.32,3.32
12/09/2024,14:30,[14:15-14:30[,S,F,F,C,C,3.32,3.32
12/09/2024,14:45,[14:30-14:45[,S,F,F,C,C,3.32,3.32
12/09/2024,15:00,[14:45-15:00[,S,F,F,C,C,3.32,3.32
12/09/2024,15:15,[15:00-15:15[,S,F,F,C,C,3.32,3.32
12/09/2024,15:30,[15:15-15:30[,S,F,F,C,C,3.32,3.32
12/09/2024,15:45,[15:30-15:45[,S,F,F,C,C,3.32,3.32
12/09/2024,16:00,[15:45-16:00[,S,F,F,C,C,3.32,3.32
12/09/2024,16:15,[16:00-16:15[,S,F,F,C,C,3.60,3.60
12/09/2024,16:30,[16:15-16:30[,S,F,F,C,C,3.60,3.60
12/09/2024,16:45,[16:30-16:45[,S,F,F,C,C,3.60,3.60
12/09/2024,17:00,[16:45-17:00[,S,F,F,C,C,3.60,3.60
12/09/2024,17:15,[17:00-17:15[,S,F,F,C,C,51.55,51.55
12/09/2024,17:30,[17:15-17:30[,S,F,F,C,C,51.55,51.55
12/09/2024,17:45,[17:30-17:45[,S,F,F,C,C,51.55,51.55
12/09/2024,18:00,[17:45-18:00[,S,F,F,C,C,51.55,51.55
12/09/2024,18:15,[18:00-18:15[,S,F,F,C,C,80.00,80.00
12/09/2024,18:30,[18:15-18:30[,S,F,F,C,C,80.00,80.00
12/09/2024,18:45,[18:30-18:45[,S,F,F,C,C,80.00,80.00
12/09/2024,19:00,[18:45-19:00[,S,F,F,C,C,80.00,80.00
12/09/2024,19:15,[19:00-19:15[,S,F,F,C,C,101.46,101.46
12/09/2024,19:30,[19:15-19:30[,S,F,F,C,C,101.46,101.46
12/09/2024,19:45,[19:30-19:45[,S,F,F,P,C,101.46,101.46
12/09/2024,20:00,[19:45-20:00[,S,F,F,P,C,101.46,101.46
12/09/2024,20:15,[20:00-20:15[,S,F,F,P,C,100.50,100.50
12/09/2024,20:30,[20:15-20:30[,S,F,F,P,C,100.50,100.50
12/09/2024,20:45,[20:30-20:45[,S,F,F,P,C,100.50,100.50
12/09/2024,21:00,[20:45-21:00[,S,F,F,P,C,100.50,100.50
12/09/2024,21:15,[21:00-21:15[,S,F,F,C,C,93.53,93.53
12/09/2024,21:30,[21:15-21:30[,S,F,F,C,C,93.53,93.53
12/09/2024,21:45,[21:30-21:45[,S,F,F,C,C,93.53,93.53
12/09/2024,22:00,[21:45-22:00[,S,F,F,C,C,93.53,93.53
12/09/2024,22:15,[22:00-22:15[,S,V,F,V,C,87.35,87.35
12/09/2024,22:30,[22:15-22:30[,S,V,F,V,C,87.35,87.35
12/09/2024,22:45,[22:30-22:45[,S,V,F,V,C,87.35,87.35
12/09/2024,23:00,[22:45-23:00[,S,V,F,V,C,87.35,87.35
12/09/2024,23:15,[23:00-23:15[,S,V,F,V,C,78.89,78.89
12/09/2024,23:30,[23:15-23:30[,S,V,F,V,C,78.89,78.89
12/09/2024,23:45,[23:30-23:45[,S,V,F,V,C,78.89,78.89
12/09/2024,23:59,[23:45-00:00[,S,V,F,V,C,78.89,78.89
13/09/2024,00:15,[00:00-00:15[,S,V,V,V,V,75.05,75.05
13/09/2024,00:30,[00:15-00:30[,S,V,V,V,V,75.05,75.05
13/09/2024,00:45,[00:30-00:45[,S,V,V,V,V,75.05,75.05
13/09/2024,01:00,[00:45-01:00[,S,V,V,V,V,75.05,75.05
13/09/2024,01:15,[01:00-01:15[,S,V,V,V,V,74.76,74.76
13/09/2024,01:30,[01:15-01:30[,S,V,V,V,V,74.76,74.76
13/09/2024,01:45,[01:30-01:45[,S,V,V,V,V,74.76,74.76
13/09/2024,02:00,[01:45-02:00[,S,V,V,V,V,74.76,74.76
13/09/2024,02:15,[02:00-02:15[,S,V,V,V,V,74.76,74.76
13/09/2024,02:30,[02:15-02:30[,S,V,V,V,V,74.76,74.76
13/09/2024,02:45,[02:30-02:45[,S,V,V,V,V,74.76,74.76
13/09/2024,03:00,[02:45-03:00[,S,V,V,V,V,74.76,74.76
13/09/2024,03:15,[03:00-03:15[,S,V,V,V,V,67.52,67.52
13/09/2024,03:30,[03:15-03:30[,S,V,V,V,V,67.52,67.52
13/09/2024,03:45,[03:30-03:45[,S,V,V,V,V,67.52,67.52
13/09/2024,04:00,[03:45-04:00[,S,V,V,V,V,67.52,67.52
13/09/2024,04:15,[04:00-04:15[,S,V,V,V,V,62.20,62.20
13/09/2024,04:30,[04:15-04:30[,S,V,V,V,V,62.20,62.20
13/09/2024,04:45,[04:30-04:45[,S,V,V,V,V,62.20,62.20
13/09/2024,05:00,[04:45-05:00[,S,V,V,V,V,62.20,62.20
13/09/2024,05:15,[05:00-05:15[,S,V,V,V,V,76.50,76.50
13/09/2024,05:30,[05:15-05:30[,S,V,V,V,V,76.50,76.50
13/09/2024,05:45,[05:30-05:45[,S,V,V,V,V,76.50,76.50
13/09/2024,06:00,[05:45-06:00[,S,V,V,V,V,76.50,76.50
13/09/2024,06:15,[06:00-06:15[,S,V,V,V,V,89.74,89.74
13/09/2024,06:30,[06:15-06:30[,S,V,V,V,V,89.74,89.74
13/09/2024,06:45,[06:30-06:45[,S,V,V,V,V,89.74,89.74
13/09/2024,07:00,[06:45-07:00[,S,V,V,V,V,89.74,89.74
13/09/2024,07:15,[07:00-07:15[,S,V,F,V,C,85.23,85.23
13/09/2024,07:30,[07:15-07:30[,S,V,F,V,C,85.23,85.23
13/09/2024,07:45,[07:30-07:45[,S,V,F,V,C,85.23,85.23
13/09/2024,08:00,[07:45-08:00[,S,V,F,V,C,85.23,85.23
13/09/2024,08:15,[08:00-08:15[,S,F,F,C,C,61.00,61.00
13/09/2024,08:30,[08:15-08:30[,S,F,F,C,C,61.00,61.00
13/09/2024,08:45,[08:30-08:45[,S,F,F,C,C,61.00,61.00
13/09/2024,09:00,[08:45-09:00[,S,F,F,C,C,61.00,61.00
13/09/2024,09:15,[09:00-09:15[,S,F,F,C,C,3.32,3.32
13/09/2024,09:30,[09:15-09:30[,S,F,F,C,P,3.32,3.32
13/09/2024,09:45,[09:30-09:45[,S,F,F,C,P,3.32,3.32
13/09/2024,10:00,[09:45-10:00[,S,F,F,C,P,3.32,3.32
13/09/2024,10:15,[10:00-10:15[,S,F,F,C,P,0.00,0.00
13/09/2024,10:30,[10:15-10:30[,S,F,F,C,P,0.00,0.00
13/09/2024,10:45,[10:30-10:45[,S,F,F,P,P,0.00,0.00
13/09/2024,11:00,[10:45-11:00[,S,F,F,P,P,0.00,0.00
13/09/2024,11:15,[11:00-11:15[,S,F,F,P,P,0.00,0.00
13/09/2024,11:30,[11:15-11:30[,S,F,F,P,P,0.00,0.00
13/09/2024,11:45,[11:30-11:45[,S,F,F,P,P,0.00,0.00
13/09/2024,12:00,[11:45-12:00[,S,F,F,P,P,0.00,0.00
13/09/2024,12:15,[12:00-12:15[,S,F,F,P,P,0.00,0.00
13/09/2024,12:30,[12:15-12:30[,S,F,F,P,C,0.00,0.00
13/09/2024,12:45,[12:30-12:45[,S,F,F,P,C,0.00,0.00
13/09/2024,13:00,[12:45-13:00[,S,F,F,P,C,0.00,0.00
13/09/2024,13:15,[13:00-13:15[,S,F,F,C,C,0.00,0.00
13/09/2024,13:30,[13:15-13:30[,S,F,F,C,C,0.00,0.00
13/09/2024,13:45,[13:30-13:45[,S,F,F,C,C,0.00,0.00
13/09/2024,14:00,[13:45-14:00[,S,F,F,C,C,0.00,0.00
13/09/2024,14:15,[14:00-14:15[,S,F,F,C,C,0.01,0.00
13/09/2024,14:30,[14:15-14:30[,S,F,F,C,C,0.01,0.00
13/09/2024,14:45,[14:30-14:45[,S,F,F,C,C,0.01,0.00
13/09/2024,15:00,[14:45-15:00[,S,F,F,C,C,0.01,0.00
13/09/2024,15:15,[15:00-15:15[,S,F,F,C,C,0.01,0.00
13/09/2024,15:30,[15:15-15:30[,S,F,F,C,C,0.01,0.00
13/09/2024,15:45,[15:30-15:45[,S,F,F,C,C,0.01,0.00
13/09/2024,16:00,[15:45-16:00[,S,F,F,C,C,0.01,0.00
13/09/2024,16:15,[16:00-16:15[,S,F,F,C,C,0.55,0.00
13/09/2024,16:30,[16:15-16:30[,S,F,F,C,C,0.55,0.00
13/09/2024,16:45,[16:30-16:45[,S,F,F,C,C,0.55,0.00
13/09/2024,17:00,[16:45-17:00[,S,F,F,C,C,0.55,0.00
13/09/2024,17:15,[17:00-17:15[,S,F,F,C,C,2.00,2.00
13/09/2024,17:30,[17:15-17:30[,S,F,F,C,C,2.00,2.00
13/09/2024,17:45,[17:30-17:45[,S,F,F,C,C,2.00,2.00
13/09/2024,18:00,[17:45-18:00[,S,F,F,C,C,2.00,2.00
13/09/2024,18:15,[18:00-18:15[,S,F,F,C,C,62.07,62.07
13/09/2024,18:30,[18:15-18:30[,S,F,F,C,C,62.07,62.07
13/09/2024,18:45,[18:30-18:45[,S,F,F,C,C,62.07,62.07
13/09/2024,19:00,[18:45-19:00[,S,F,F,C,C,62.07,62.07
13/09/2024,19:15,[19:00-19:15[,S,F,F,C,C,89.98,89.98
13/09/2024,19:30,[19:15-19:30[,S,F,F,C,C,89.98,89.98
13/09/2024,19:45,[19:30-19:45[,S,F,F,P,C,89.98,89.98
13/09/2024,20:00,[19:45-20:00[,S,F,F,P,C,89.98,89.98
13/09/2024,20:15,[20:00-20:15[,S,F,F,P,C,85.29,85.29
13/09/2024,20:30,[20:15-20:30[,S,F,F,P,C,85.29,85.29
13/09/2024,20:45,[20:30-20:45[,S,F,F,P,C,85.29,85.29
13/09/2024,21:00,[20:45-21:00[,S,F,F,P,C,85.29,85.29
13/09/2024,21:15,[21:00-21:15[,S,F,F,C,C,80.01,80.01
13/09/2024,21:30,[21:15-21:30[,S,F,F,C,C,80.01,80.01
13/09/2024,21:45,[21:30-21:45[,S,F,F,C,C,80.01,80.01
13/09/2024,22:00,[21:45-22:00[,S,F,F,C,C,80.01,80.01
13/09/2024,22:15,[22:00-22:15[,S,V,F,V,C,62.20,62.20
13/09/2024,22:30,[22:15-22:30[,S,V,F,V,C,62.20,62.20
13/09/2024,22:45,[22:30-22:45[,S,V,F,V,C,62.20,62.20
13/09/2024,23:00,[22:45-23:00[,S,V,F,V,C,62.20,62.20
13/09/2024,23:15,[23:00-23:15[,S,V,F,V,C,55.20,55.20
13/09/2024,23:30,[23:15-23:30[,S,V,F,V,C,55.20,55.20
13/09/2024,23:45,[23:30-23:45[,S,V,F,V,C,55.20,55.20
13/09/2024,23:59,[23:45-00:00[,S,V,F,V,C,55.20,55.20
14/09/2024,00:15,[00:00-00:15[,S,V,V,V,V,54.00,54.00
14/09/2024,00:30,[00:15-00:30[,S,V,V,V,V,54.00,54.00
14/09/2024,00:45,[00:30-00:45[,S,V,V,V,V,54.00,54.00
14/09/2024,01:00,[00:45-01:00[,S,V,V,V,V,54.00,54.00
14/09/2024,01:15,[01:00-01:15[,S,V,V,V,V,49.86,49.86
14/09/2024,01:30,[01:15-01:30[,S,V,V,V,V,49.86,49.86
14/09/2024,01:45,[01:30-01:45[,S,V,V,V,V,49.86,49.86
14/09/2024,02:00,[01:45-02:00[,S,V,V,V,V,49.86,49.86
14/09/2024,02:15,[02:00-02:15[,S,V,V,V,V,45.98,45.98
14/09/2024,02:30,[02:15-02:30[,S,V,V,V,V,45.98,45.98
14/09/2024,02:45,[02:30-02:45[,S,V,V,V,V,45.98,45.98
14/09/2024,03:00,[02:45-03:00[,S,V,V,V,V,45.98,45.98
14/09/2024,03:15,[03:00-03:15[,S,V,V,V,V,49.08,49.08
14/09/2024,03:30,[03:15-03:30[,S,V,V,V,V,49.08,49.08
14/09/2024,03:45,[03:30-03:45[,S,V,V,V,V,49.08,49.08
14/09/2024,04:00,[03:45-04:00[,S,V,V,V,V,49.08,49.08
14/09/2024,04:15,[04:00-04:15[,S,V,V,V,V,48.88,48.88
14/09/2024,04:30,[04:15-04:30[,S,V,V,V,V,48.88,48.88
14/09/2024,04:45,[04:30-04:45[,S,V,V,V,V,48.88,48.88
14/09/2024,05:00,[04:45-05:00[,S,V,V,V,V,48.88,48.88
14/09/2024,05:15,[05:00-05:15[,S,V,V,V,V,55.07,55.07
14/09/2024,05:30,[05:15-05:30[,S,V,V,V,V,55.07,55.07
14/09/2024,05:45,[05:30-05:45[,S,V,V,V,V,55.07,55.07
14/09/2024,06:00,[05:45-06:00[,S,V,V,V,V,55.07,55.07
14/09/2024,06:15,[06:00-06:15[,S,V,V,V,V,65.00,65.00
14/09/2024,06:30,[06:15-06:30[,S,V,V,V,V,65.00,65.00
14/09/2024,06:45,[06:30-06:45[,S,V,V,V,V,65.00,65.00
14/09/2024,07:00,[06:45-07:00[,S,V,V,V,V,65.00,65.00
14/09/2024,07:15,[07:00-07:15[,S,V,V,V,V,68.86,68.86
14/09/2024,07:30,[07:15-07:30[,S,V,V,V,V,68.86,68.86
14/09/2024,07:45,[07:30-07:45[,S,V,V,V,V,68.86,68.86
14/09/2024,08:00,[07:45-08:00[,S,V,V,V,V,68.86,68.86
14/09/2024,08:15,[08:00-08:15[,S,F,V,C,V,56.18,56.18
14/09/2024,08:30,[08:15-08:30[,S,F,V,C,V,56.18,56.18
14/09/2024,08:45,[08:30-08:45[,S,F,V,C,V,56.18,56.18
14/09/2024,09:00,[08:45-09:00[,S,F,V,C,V,56.18,56.18
14/09/2024,09:15,[09:00-09:15[,S,F,F,C,C,10.00,10.00
14/09/2024,09:30,[09:15-09:30[,S,F,F,C,C,10.00,10.00
14/09/2024,09:45,[09:30-09:45[,S,F,F,C,C,10.00,10.00
14/09/2024,10:00,[09:45-10:00[,S,F,F,C,C,10.00,10.00
14/09/2024,10:15,[10:00-10:15[,S,F,F,C,C,0.44,0.44
14/09/2024,10:30,[10:15-10:30[,S,F,F,C,C,0.44,0.44
14/09/2024,10:45,[10:30-10:45[,S,F,F,P,C,0.44,0.44
14/09/2024,11:00,[10:45-11:00[,S,F,F,P,C,0.44,0.44
14/09/2024,11:15,[11:00-11:15[,S,F,F,P,C,0.44,0.44
14/09/2024,11:30,[11:15-11:30[,S,F,F,P,C,0.44,0.44
14/09/2024,11:45,[11:30-11:45[,S,F,F,P,C,0.44,0.44
14/09/2024,12:00,[11:45-12:00[,S,F,F,P,C,0.44,0.44
14/09/2024,12:15,[12:00-12:15[,S,F,F,P,C,0.79,0.79
14/09/2024,12:30,[12:15-12:30[,S,F,F,P,C,0.79,0.79
14/09/2024,12:45,[12:30-12:45[,S,F,F,P,C,0.79,0.79
14/09/2024,13:00,[12:45-13:00[,S,F,F,P,C,0.79,0.79
14/09/2024,13:15,[13:00-13:15[,S,F,F,C,C,0.44,0.44
14/09/2024,13:30,[13:15-13:30[,S,F,F,C,C,0.44,0.44
14/09/2024,13:45,[13:30-13:45[,S,F,F,C,C,0.44,0.44
14/09/2024,14:00,[13:45-14:00[,S,F,F,C,C,0.44,0.44
14/09/2024,14:15,[14:00-14:15[,S,F,V,C,V,0.44,0.44
14/09/2024,14:30,[14:15-14:30[,S,F,V,C,V,0.44,0.44
14/09/2024,14:45,[14:30-14:45[,S,F,V,C,V,0.44,0.44
14/09/2024,15:00,[14:45-15:00[,S,F,V,C,V,0.44,0.44
14/09/2024,15:15,[15:00-15:15[,S,F,V,C,V,0.44,0.44
14/09/2024,15:30,[15:15-15:30[,S,F,V,C,V,0.44,0.44
14/09/2024,15:45,[15:30-15:45[,S,F,V,C,V,0.44,0.44
14/09/2024,16:00,[15:45-16:00[,S,F,V,C,V,0.44,0.44
14/09/2024,16:15,[16:00-16:15[,S,F,V,C,V,11.25,11.25
14/09/2024,16:30,[16:15-16:30[,S,F,V,C,V,11.25,11.25
14/09/2024,16:45,[16:30-16:45[,S,F,V,C,V,11.25,11.25
14/09/2024,17:00,[16:45-17:00[,S,F,V,C,V,11.25,11.25
14/09/2024,17:15,[17:00-17:15[,S,F,V,C,V,55.20,55.20
14/09/2024,17:30,[17:15-17:30[,S,F,V,C,V,55.20,55.20
14/09/2024,17:45,[17:30-17:45[,S,F,V,C,V,55.20,55.20
14/09/2024,18:00,[17:45-18:00[,S,F,V,C,V,55.20,55.20
14/09/2024,18:15,[18:00-18:15[,S,F,V,C,V,89.55,89.55
14/09/2024,18:30,[18:15-18:30[,S,F,V,C,V,89.55,89.55
14/09/2024,18:45,[18:30-18:45[,S,F,V,C,V,89.55,89.55
14/09/2024,19:00,[18:45-19:00[,S,F,V,C,V,89.55,89.55
14/09/2024,19:15,[19:00-19:15[,S,F,V,C,V,101.72,101.72
14/09/2024,19:30,[19:15-19:30[,S,F,V,C,V,101.72,101.72
14/09/2024,19:45,[19:30-19:45[,S,F,V,P,V,101.72,101.72
14/09/2024,20:00,[19:45-20:00[,S,F,V,P,V,101.72,101.72
14/09/2024,20:15,[20:00-20:15[,S,F,F,P,C,106.85,106.85
14/09/2024,20:30,[20:15-20:30[,S,F,F,P,C,106.85,106.85
14/09/2024,20:45,[20:30-20:45[,S,F,F,P,C,106.85,106.85
14/09/2024,21:00,[20:45-21:00[,S,F,F,P,C,106.85,106.85
14/09/2024,21:15,[21:00-21:15[,S,F,F,C,C,87.99,87.99
14/09/2024,21:30,[21:15-21:30[,S,F,F,C,C,87.99,87.99
14/09/2024,21:45,[21:30-21:45[,S,F,F,C,C,87.99,87.99
14/09/2024,22:00,[21:45-22:00[,S,F,F,C,C,87.99,87.99
14/09/2024,22:15,[22:00-22:15[,S,V,V,V,V,80.98,80.98
14/09/2024,22:30,[22:15-22:30[,S,V,V,V,V,80.98,80.98
14/09/2024,22:45,[22:30-22:45[,S,V,V,V,V,80.98,80.98
14/09/2024,23:00,[22:45-23:00[,S,V,V,V,V,80.98,80.98
14/09/2024,23:15,[23:00-23:15[,S,V,V,V,V,61.70,61.70
14/09/2024,23:30,[23:15-23:30[,S,V,V,V,V,61.70,61.70
14/09/2024,23:45,[23:30-23:45[,S,V,V,V,V,61.70,61.70
14/09/2024,23:59,[23:45-00:00[,S,V,V,V,V,61.70,61.70
15/09/2024,00:15,[00:00-00:15[,S,V,V,V,V,60.50,60.50
15/09/2024,00:30,[00:15-00:30[,S,V,V,V,V,60.50,60.50
15/09/2024,00:45,[00:30-00:45[,S,V,V,V,V,60.50,60.50
15/09/2024,01:00,[00:45-01:00[,S,V,V,V,V,60.50,60.50
15/09/2024,01:15,[01:00-01:15[,S,V,V,V,V,55.30,55.30
15/09/2024,01:30,[01:15-01:30[,S,V,V,V,V,55.30,55.30
15/09/2024,01:45,[01:30-01:45[,S,V,V,V,V,55.30,55.30
15/09/2024,02:00,[01:45-02:00[,S,V,V,V,V,55.30,55.30
15/09/2024,02:15,[02:00-02:15[,S,V,V,V,V,54.05,54.05
15/09/2024,02:30,[02:15-02:30[,S,V,V,V,V,54.05,54.05
15/09/2024,02:45,[02:30-02:45[,S,V,V,V,V,54.05,54.05
15/09/2024,03:00,[02:45-03:00[,S,V,V,V,V,54.05,54.05
15/09/2024,03:15,[03:00-03:15[,S,V,V,V,V,54.05,54.05
15/09/2024,03:30,[03:15-03:30[,S,V,V,V,V,54.05,54.05
15/09/2024,03:45,[03:30-03:45[,S,V,V,V,V,54.05,54.05
15/09/2024,04:00,[03:45-04:00[,S,V,V,V,V,54.05,54.05
15/09/2024,04:15,[04:00-04:15[,S,V,V,V,V,54.16,54.16
15/09/2024,04:30,[04:15-04:30[,S,V,V,V,V,54.16,54.16
15/09/2024,04:45,[04:30-04:45[,S,V,V,V,V,54.16,54.16
15/09/2024,05:00,[04:45-05:00[,S,V,V,V,V,54.16,54.16
15/09/2024,05:15,[05:00-05:15[,S,V,V,V,V,54.05,54.05
15/09/2024,05:30,[05:15-05:30[,S,V,V,V,V,54.05,54.05
15/09/2024,05:45,[05:30-05:45[,S,V,V,V,V,54.05,54.05
15/09/2024,06:00,[05:45-06:00[,S,V,V,V,V,54.05,54.05
15/09/2024,06:15,[06:00-06:15[,S,V,V,V,V,54.05,54.05
15/09/2024,06:30,[06:15-06:30[,S,V,V,V,V,54.05,54.05
15/09/2024,06:45,[06:30-06:45[,S,V,V,V,V,54.05,54.05
15/09/2024,07:00,[06:45-07:00[,S,V,V,V,V,54.05,54.05
15/09/2024,07:15,[07:00-07:15[,S,V,V,V,V,32.48,32.48
15/09/2024,07:30,[07:15-07:30[,S,V,V,V,V,32.48,32.48
15/09/2024,07:45,[07:30-07:45[,S,V,V,V,V,32.48,32.48
15/09/2024,08:00,[07:45-08:00[,S,V,V,V,V,32.48,32.48
15/09/2024,08:15,[08:00-08:15[,S,F,V,C,V,6.00,6.00
15/09/2024,08:30,[08:15-08:30[,S,F,V,C,V,6.00,6.00
15/09/2024,08:45,[08:30-08:45[,S,F,V,C,V,6.00,6.00
15/09/2024,09:00,[08:45-09:00[,S,F,V,C,V,6.00,6.00
15/09/2024,09:15,[09:00-09:15[,S,F,V,C,V,0.00,0.00
15/09/2024,09:30,[09:15-09:30[,S,F,V,C,V,0.00,0.00
15/09/2024,09:45,[09:30-09:45[,S,F,V,C,V,0.00,0.00
15/09/2024,10:00,[09:45-10:00[,S,F,V,C,V,0.00,0.00
15/09/2024,10:15,[10:00-10:15[,S,F,V,C,V,0.00,-0.01
15/09/2024,10:30,[10:15-10:30[,S,F,V,C,V,0.00,-0.01
15/09/2024,10:45,[10:30-10:45[,S,F,V,P,V,0.00,-0.01
15/09/2024,11:00,[10:45-11:00[,S,F,V,P,V,0.00,-0.01
15/09/2024,11:15,[11:00-11:15[,S,F,V,P,V,0.00,-0.25
15/09/2024,11:30,[11:15-11:30[,S,F,V,P,V,0.00,-0.25
15/09/2024,11:45,[11:30-11:45[,S,F,V,P,V,0.00,-0.25
15/09/2024,12:00,[11:45-12:00[,S,F,V,P,V,0.00,-0.25
15/09/2024,12:15,[12:00-12:15[,S,F,V,P,V,0.00,-0.01
15/09/2024,12:30,[12:15-12:30[,S,F,V,P,V,0.00,-0.01
15/09/2024,12:45,[12:30-12:45[,S,F,V,P,V,0.00,-0.01
15/09/2024,13:00,[12:45-13:00[,S,F,V,P,V,0.00,-0.01
15/09/2024,13:15,[13:00-13:15[,S,F,V,C,V,0.00,-0.36
15/09/2024,13:30,[13:15-13:30[,S,F,V,C,V,0.00,-0.36
15/09/2024,13:45,[13:30-13:45[,S,F,V,C,V,0.00,-0.36
15/09/2024,14:00,[13:45-14:00[,S,F,V,C,V,0.00,-0.36
15/09/2024,14:15,[14:00-14:15[,S,F,V,C,V,0.00,-0.36
15/09/2024,14:30,[14:15-14:30[,S,F,V,C,V,0.00,-0.36
15/09/2024,14:45,[14:30-14:45[,S,F,V,C,V,0.00,-0.36
15/09/2024,15:00,[14:45-15:00[,S,F,V,C,V,0.00,-0.36
15/09/2024,15:15,[15:00-15:15[,S,F,V,C,V,0.00,-0.36
15/09/2024,15:30,[15:15-15:30[,S,F,V,C,V,0.00,-0.36
15/09/2024,15:45,[15:30-15:45[,S,F,V,C,V,0.00,-0.36
15/09/2024,16:00,[15:45-16:00[,S,F,V,C,V,0.00,-0.36
15/09/2024,16:15,[16:00-16:15[,S,F,V,C,V,0.00,-0.01
15/09/2024,16:30,[16:15-16:30[,S,F,V,C,V,0.00,-0.01
15/09/2024,16:45,[16:30-16:45[,S,F,V,C,V,0.00,-0.01
15/09/2024,17:00,[16:45-17:00[,S,F,V,C,V,0.00,-0.01
15/09/2024,17:15,[17:00-17:15[,S,F,V,C,V,0.44,0.44
15/09/2024,17:30,[17:15-17:30[,S,F,V,C,V,0.44,0.44
15/09/2024,17:45,[17:30-17:45[,S,F,V,C,V,0.44,0.44
15/09/2024,18:00,[17:45-18:00[,S,F,V,C,V,0.44,0.44
15/09/2024,18:15,[18:00-18:15[,S,F,V,C,V,49.85,49.85
15/09/2024,18:30,[18:15-18:30[,S,F,V,C,V,49.85,49.85
15/09/2024,18:45,[18:30-18:45[,S,F,V,C,V,49.85,49.85
15/09/2024,19:00,[18:45-19:00[,S,F,V,C,V,49.85,49.85
15/09/2024,19:15,[19:00-19:15[,S,F,V,C,V,65.08,65.08
15/09/2024,19:30,[19:15-19:30[,S,F,V,C,V,65.08,65.08
15/09/2024,19:45,[19:30-19:45[,S,F,V,P,V,65.08,65.08
15/09/2024,20:00,[19:45-20:00[,S,F,V,P,V,65.08,65.08
15/09/2024,20:15,[20:00-20:15[,S,F,V,P,V,64.39,64.39
15/09/2024,20:30,[20:15-20:30[,S,F,V,P,V,64.39,64.39
15/09/2024,20:45,[20:30-20:45[,S,F,V,P,V,64.39,64.39
15/09/2024,21:00,[20:45-21:00[,S,F,V,P,V,64.39,64.39
15/09/2024,21:15,[21:00-21:15[,S,F,V,C,V,60.74,60.74
15/09/2024,21:30,[21:15-21:30[,S,F,V,C,V,60.74,60.74
15/09/2024,21:45,[21:30-21:45[,S,F,V,C,V,60.74,60.74
15/09/2024,22:00,[21:45-22:00[,S,F,V,C,V,60.74,60.74
15/09/2024,22:15,[22:00-22:15[,S,V,V,V,V,54.91,54.91
15/09/2024,22:30,[22:15-22:30[,S,V,V,V,V,54.91,54.91
15/09/2024,22:45,[22:30-22:45[,S,V,V,V,V,54.91,54.91
15/09/2024,23:00,[22:45-23:00[,S,V,V,V,V,54.91,54.91
15/09/2024,23:15,[23:00-23:15[,S,V,V,V,V,30.00,30.00
15/09/2024,23:30,[23:15-23:30[,S,V,V,V,V,30.00,30.00
15/09/2024,23:45,[23:30-23:45[,S,V,V,V,V,30.00,30.00
15/09/2024,23:59,[23:45-00:00[,S,V,V,V,V,30.00,30.00
16/09/2024,00:15,[00:00-00:15[,S,V,V,V,V,13.03,13.03
16/09/2024,00:30,[00:15-00:30[,S,V,V,V,V,13.03,13.03
16/09/2024,00:45,[00:30-00:45[,S,V,V,V,V,13.03,13.03
16/09/2024,01:00,[00:45-01:00[,S,V,V,V,V,13.03,13.03
16/09/2024,01:15,[01:00-01:15[,S,V,V,V,V,15.00,15.00
16/09/2024,01:30,[01:15-01:30[,S,V,V,V,V,15.00,15.00
16/09/2024,01:45,[01:30-01:45[,S,V,V,V,V,15.00,15.00
16/09/2024,02:00,[01:45-02:00[,S,V,V,V,V,15.00,15.00
16/09/2024,02:15,[02:00-02:15[,S,V,V,V,V,11.85,11.85
16/09/2024,02:30,[02:15-02:30[,S,V,V,V,V,11.85,11.85
16/09/2024,02:45,[02:30-02:45[,S,V,V,V,V,11.85,11.85
16/09/2024,03:00,[02:45-03:00[,S,V,V,V,V,11.85,11.85
16/09/2024,03:15,[03:00-03:15[,S,V,V,V,V,6.00,6.00
16/09/2024,03:30,[03:15-03:30[,S,V,V,V,V,6.00,6.00
16/09/2024,03:45,[03:30-03:45[,S,V,V,V,V,6.00,6.00
16/09/2024,04:00,[03:45-04:00[,S,V,V,V,V,6.00,6.00
16/09/2024,04:15,[04:00-04:15[,S,V,V,V,V,10.15,10.15
16/09/2024,04:30,[04:15-04:30[,S,V,V,V,V,10.15,10.15
16/09/2024,04:45,[04:30-04:45[,S,V,V,V,V,10.15,10.15
16/09/2024,05:00,[04:45-05:00[,S,V,V,V,V,10.15,10.15
16/09/2024,05:15,[05:00-05:15[,S,V,V,V,V,41.10,41.10
16/09/2024,05:30,[05:15-05:30[,S,V,V,V,V,41.10,41.10
16/09/2024,05:45,[05:30-05:45[,S,V,V,V,V,41.10,41.10
16/09/2024,06:00,[05:45-06:00[,S,V,V,V,V,41.10,41.10
16/09/2024,06:15,[06:00-06:15[,S,V,V,V,V,60.00,60.00
16/09/2024,06:30,[06:15-06:30[,S,V,V,V,V,60.00,60.00
16/09/2024,06:45,[06:30-06:45[,S,V,V,V,V,60.00,60.00
16/09/2024,07:00,[06:45-07:00[,S,V,V,V,V,60.00,60.00
16/09/2024,07:15,[07:00-07:15[,S,V,F,V,C,60.00,60.00
16/09/2024,07:30,[07:15-07:30[,S,V,F,V,C,60.00,60.00
16/09/2024,07:45,[07:30-07:45[,S,V,F,V,C,60.00,60.00
16/09/2024,08:00,[07:45-08:00[,S,V,F,V,C,60.00,60.00
16/09/2024,08:15,[08:00-08:15[,S,F,F,C,C,45.10,45.10
16/09/2024,08:30,[08:15-08:30[,S,F,F,C,C,45.10,45.10
16/09/2024,08:45,[08:30-08:45[,S,F,F,C,C,45.10,45.10
16/09/2024,09:00,[08:45-09:00[,S,F,F,C,C,45.10,45.10
16/09/2024,09:15,[09:00-09:15[,S,F,F,C,C,3.32,3.32
16/09/2024,09:30,[09:15-09:30[,S,F,F,C,P,3.32,3.32
16/09/2024,09:45,[09:30-09:45[,S,F,F,C,P,3.32,3.32
16/09/2024,10:00,[09:45-10:00[,S,F,F,C,P,3.32,3.32
16/09/2024,10:15,[10:00-10:15[,S,F,F,C,P,0.00,0.00
16/09/2024,10:30,[10:15-10:30[,S,F,F,C,P,0.00,0.00
16/09/2024,10:45,[10:30-10:45[,S,F,F,P,P,0.00,0.00
16/09/2024,11:00,[10:45-11:00[,S,F,F,P,P,0.00,0.00
16/09/2024,11:15,[11:00-11:15[,S,F,F,P,P,0.00,0.00
16/09/2024,11:30,[11:15-11:30[,S,F,F,P,P,0.00,0.00
16/09/2024,11:45,[11:30-11:45[,S,F,F,P,P,0.00,0.00
16/09/2024,12:00,[11:45-12:00[,S,F,F,P,P,0.00,0.00
16/09/2024,12:15,[12:00-12:15[,S,F,F,P,P,0.00,0.00
16/09/2024,12:30,[12:15-12:30[,S,F,F,P,C,0.00,0.00
16/09/2024,12:45,[12:30-12:45[,S,F,F,P,C,0.00,0.00
16/09/2024,13:00,[12:45-13:00[,S,F,F,P,C,0.00,0.00
16/09/2024,13:15,[13:00-13:15[,S,F,F,C,C,0.00,0.00
16/09/2024,13:30,[13:15-13:30[,S,F,F,C,C,0.00,0.00
16/09/2024,13:45,[13:30-13:45[,S,F,F,C,C,0.00,0.00
16/09/2024,14:00,[13:45-14:00[,S,F,F,C,C,0.00,0.00
16/09/2024,14:15,[14:00-14:15[,S,F,F,C,C,0.10,0.00
16/09/2024,14:30,[14:15-14:30[,S,F,F,C,C,0.10,0.00
16/09/2024,14:45,[14:30-14:45[,S,F,F,C,C,0.10,0.00
16/09/2024,15:00,[14:45-15:00[,S,F,F,C,C,0.10,0.00
16/09/2024,15:15,[15:00-15:15[,S,F,F,C,C,0.20,0.00
16/09/2024,15:30,[15:15-15:30[,S,F,F,C,C,0.20,0.00
16/09/2024,15:45,[15:30-15:45[,S,F,F,C,C,0.20,0.00
16/09/2024,16:00,[15:45-16:00[,S,F,F,C,C,0.20,0.00
16/09/2024,16:15,[16:00-16:15[,S,F,F,C,C,1.90,0.06
16/09/2024,16:30,[16:15-16:30[,S,F,F,C,C,1.90,0.06
16/09/2024,16:45,[16:30-16:45[,S,F,F,C,C,1.90,0.06
16/09/2024,17:00,[16:45-17:00[,S,F,F,C,C,1.90,0.06
16/09/2024,17:15,[17:00-17:15[,S,F,F,C,C,29.68,29.68
16/09/2024,17:30,[17:15-17:30[,S,F,F,C,C,29.68,29.68
16/09/2024,17:45,[17:30-17:45[,S,F,F,C,C,29.68,29.68
16/09/2024,18:00,[17:45-18:00[,S,F,F,C,C,29.68,29.68
16/09/2024,18:15,[18:00-18:15[,S,F,F,C,C,60.98,60.98
16/09/2024,18:30,[18:15-18:30[,S,F,F,C,C,60.98,60.98
16/09/2024,18:45,[18:30-18:45[,S,F,F,C,C,60.98,60.98
16/09/2024,19:00,[18:45-19:00[,S,F,F,C,C,60.98,60.98
16/09/2024,19:15,[19:00-19:15[,S,F,F,C,C,88.40,88.40
16/09/2024,19:30,[19:15-19:30[,S,F,F,C,C,88.40,88.40
16/09/2024,19:45,[19:30-19:45[,S,F,F,P,C,88.40,88.40
16/09/2024,20:00,[19:45-20:00[,S,F,F,P,C,88.40,88.40
16/09/2024,20:15,[20:00-20:15[,S,F,F,P,C,81.82,81.82
16/09/2024,20:30,[20:15-20:30[,S,F,F,P,C,81.82,81.82
16/09/2024,20:45,[20:30-20:45[,S,F,F,P,C,81.82,81.82
16/09/2024,21:00,[20:45-21:00[,S,F,F,P,C,81.82,81.82
16/09/2024,21:15,[21:00-21:15[,S,F,F,C,C,55.92,55.92
16/09/2024,21:30,[21:15-21:30[,S,F,F,C,C,55.92,55.92
16/09/2024,21:45,[21:30-21:45[,S,F,F,C,C,55.92,55.92
16/09/2024,22:00,[21:45-22:00[,S,F,F,C,C,55.92,55.92
16/09/2024,22:15,[22:00-22:15[,S,V,F,V,C,40.06,40.06
16/09/2024,22:30,[22:15-22:30[,S,V,F,V,C,40.06,40.06
16/09/2024,22:45,[22:30-22:45[,S,V,F,V,C,40.06,40.06
16/09/2024,23:00,[22:45-23:00[,S,V,F,V,C,40.06,40.06
16/09/2024,23:15,[23:00-23:15[,S,V,F,V,C,26.30,26.30
16/09/2024,23:30,[23:15-23:30[,S,V,F,V,C,26.30,26.30
16/09/2024,23:45,[23:30-23:45[,S,V,F,V,C,26.30,26.30
16/09/2024,23:59,[23:45-00:00[,S,V,F,V,C,26.30,26.30
17/09/2024,00:15,[00:00-00:15[,S,V,V,V,V,12.18,12.18
17/09/2024,00:30,[00:15-00:30[,S,V,V,V,V,12.18,12.18
17/09/2024,00:45,[00:30-00:45[,S,V,V,V,V,12.18,12.18
17/09/2024,01:00,[00:45-01:00[,S,V,V,V,V,12.18,12.18
17/09/2024,01:15,[01:00-01:15[,S,V,V,V,V,6.99,6.99
17/09/2024,01:30,[01:15-01:30[,S,V,V,V,V,6.99,6.99
17/09/2024,01:45,[01:30-01:45[,S,V,V,V,V,6.99,6.99
17/09/2024,02:00,[01:45-02:00[,S,V,V,V,V,6.99,6.99
17/09/2024,02:15,[02:00-02:15[,S,V,V,V,V,9.24,9.24
17/09/2024,02:30,[02:15-02:30[,S,V,V,V,V,9.24,9.24
17/09/2024,02:45,[02:30-02:45[,S,V,V,V,V,9.24,9.24
17/09/2024,03:00,[02:45-03:00[,S,V,V,V,V,9.24,9.24
17/09/2024,03:15,[03:00-03:15[,S,V,V,V,V,5.15,5.15
17/09/2024,03:30,[03:15-03:30[,S,V,V,V,V,5.15,5.15
17/09/2024,03:45,[03:30-03:45[,S,V,V,V,V,5.15,5.15
17/09/2024,04:00,[03:45-04:00[,S,V,V,V,V,5.15,5.15
17/09/2024,04:15,[04:00-04:15[,S,V,V,V,V,5.00,5.00
17/09/2024,04:30,[04:15-04:30[,S,V,V,V,V,5.00,5.00
17/09/2024,04:45,[04:30-04:45[,S,V,V,V,V,5.00,5.00
17/09/2024,05:00,[04:45-05:00[,S,V,V,V,V,5.00,5.00
17/09/2024,05:15,[05:00-05:15[,S,V,V,V,V,33.88,33.88
17/09/2024,05:30,[05:15-05:30[,S,V,V,V,V,33.88,33.88
17/09/2024,05:45,[05:30-05:45[,S,V,V,V,V,33.88,33.88
17/09/2024,06:00,[05:45-06:00[,S,V,V,V,V,33.88,33.88
17/09/2024,06:15,[06:00-06:15[,S,V,V,V,V,49.71,49.71
17/09/2024,06:30,[06:15-06:30[,S,V,V,V,V,49.71,49.71
17/09/2024,06:45,[06:30-06:45[,S,V,V,V,V,49.71,49.71
17/09/2024,07:00,[06:45-07:00[,S,V,V,V,V,49.71,49.71
17/09/2024,07:15,[07:00-07:15[,S,V,F,V,C,53.34,53.34
17/09/2024,07:30,[07:15-07:30[,S,V,F,V,C,53.34,53.34
17/09/2024,07:45,[07:30-07:45[,S,V,F,V,C,53.34,53.34
17/09/2024,08:00,[07:45-08:00[,S,V,F,V,C,53.34,53.34
17/09/2024,08:15,[08:00-08:15[,S,F,F,C,C,33.99,33.99
17/09/2024,08:30,[08:15-08:30[,S,F,F,C,C,33.99,33.99
17/09/2024,08:45,[08:30-08:45[,S,F,F,C,C,33.99,33.99
17/09/2024,09:00,[08:45-09:00[,S,F,F,C,C,33.99,33.99
17/09/2024,09:15,[09:00-09:15[,S,F,F,C,C,0.44,0.44
17/09/2024,09:30,[09:15-09:30[,S,F,F,C,P,0.44,0.44
17/09/2024,09:45,[09:30-09:45[,S,F,F,C,P,0.44,0.44
17/09/2024,10:00,[09:45-10:00[,S,F,F,C,P,0.44,0.44
17/09/2024,10:15,[10:00-10:15[,S,F,F,C,P,0.00,0.00
17/09/2024,10:30,[10:15-10:30[,S,F,F,C,P,0.00,0.00
17/09/2024,10:45,[10:30-10:45[,S,F,F,P,P,0.00,0.00
17/09/2024,11:00,[10:45-11:00[,S,F,F,P,P,0.00,0.00
17/09/2024,11:15,[11:00-11:15[,S,F,F,P,P,0.00,0.00
17/09/2024,11:30,[11:15-11:30[,S,F,F,P,P,0.00,0.00
17/09/2024,11:45,[11:30-11:45[,S,F,F,P,P,0.00,0.00
17/09/2024,12:00,[11:45-12:00[,S,F,F,P,P,0.00,0.00
17/09/2024,12:15,[12:00-12:15[,S,F,F,P,P,0.00,0.00
17/09/2024,12:30,[12:15-12:30[,S,F,F,P,C,0.00,0.00
17/09/2024,12:45,[12:30-12:45[,S,F,F,P,C,0.00,0.00
17/09/2024,13:00,[12:45-13:00[,S,F,F,P,C,0.00,0.00
17/09/2024,13:15,[13:00-13:15[,S,F,F,C,C,0.00,0.00
17/09/2024,13:30,[13:15-13:30[,S,F,F,C,C,0.00,0.00
17/09/2024,13:45,[13:30-13:45[,S,F,F,C,C,0.00,0.00
17/09/2024,14:00,[13:45-14:00[,S,F,F,C,C,0.00,0.00
17/09/2024,14:15,[14:00-14:15[,S,F,F,C,C,0.29,0.00
17/09/2024,14:30,[14:15-14:30[,S,F,F,C,C,0.29,0.00
17/09/2024,14:45,[14:30-14:45[,S,F,F,C,C,0.29,0.00
17/09/2024,15:00,[14:45-15:00[,S,F,F,C,C,0.29,0.00
17/09/2024,15:15,[15:00-15:15[,S,F,F,C,C,0.29,0.00
17/09/2024,15:30,[15:15-15:30[,S,F,F,C,C,0.29,0.00
17/09/2024,15:45,[15:30-15:45[,S,F,F,C,C,0.29,0.00
17/09/2024,16:00,[15:45-16:00[,S,F,F,C,C,0.29,0.00
17/09/2024,16:15,[16:00-16:15[,S,F,F,C,C,3.00,3.00
17/09/2024,16:30,[16:15-16:30[,S,F,F,C,C,3.00,3.00
17/09/2024,16:45,[16:30-16:45[,S,F,F,C,C,3.00,3.00
17/09/2024,17:00,[16:45-17:00[,S,F,F,C,C,3.00,3.00
17/09/2024,17:15,[17:00-17:15[,S,F,F,C,C,32.26,32.26
17/09/2024,17:30,[17:15-17:30[,S,F,F,C,C,32.26,32.26
17/09/2024,17:45,[17:30-17:45[,S,F,F,C,C,32.26,32.26
17/09/2024,18:00,[17:45-18:00[,S,F,F,C,C,32.26,32.26
17/09/2024,18:15,[18:00-18:15[,S,F,F,C,C,50.76,50.76
17/09/2024,18:30,[18:15-18:30[,S,F,F,C,C,50.76,50.76
17/09/2024,18:45,[18:30-18:45[,S,F,F,C,C,50.76,50.76
17/09/2024,19:00,[18:45-19:00[,S,F,F,C,C,50.76,50.76
17/09/2024,19:15,[19:00-19:15[,S,F,F,C,C,93.52,93.52
17/09/2024,19:30,[19:15-19:30[,S,F,F,C,C,93.52,93.52
17/09/2024,19:45,[19:30-19:45[,S,F,F,P,C,93.52,93.52
17/09/2024,20:00,[19:45-20:00[,S,F,F,P,C,93.52,93.52
17/09/2024,20:15,[20:00-20:15[,S,F,F,P,C,85.23,85.23
17/09/2024,20:30,[20:15-20:30[,S,F,F,P,C,85.23,85.23
17/09/2024,20:45,[20:30-20:45[,S,F,F,P,C,85.23,85.23
17/09/2024,21:00,[20:45-21:00[,S,F,F,P,C,85.23,85.23
17/09/2024,21:15,[21:00-21:15[,S,F,F,C,C,60.74,60.74
17/09/2024,21:30,[21:15-21:30[,S,F,F,C,C,60.74,60.74
17/09/2024,21:45,[21:30-21:45[,S,F,F,C,C,60.74,60.74
17/09/2024,22:00,[21:45-22:00[,S,F,F,C,C,60.74,60.74
17/09/2024,22:15,[22:00-22:15[,S,V,F,V,C,55.00,55.00
17/09/2024,22:30,[22:15-22:30[,S,V,F,V,C,55.00,55.00
17/09/2024,22:45,[22:30-22:45[,S,V,F,V,C,55.00,55.00
17/09/2024,23:00,[22:45-23:00[,S,V,F,V,C,55.00,55.00
17/09/2024,23:15,[23:00-23:15[,S,V,F,V,C,70.59,70.59
17/09/2024,23:30,[23:15-23:30[,S,V,F,V,C,70.59,70.59
17/09/2024,23:45,[23:30-23:45[,S,V,F,V,C,70.59,70.59
17/09/2024,23:59,[23:45-00:00[,S,V,F,V,C,70.59,70.59
18/09/2024,00:15,[00:00-00:15[,S,V,V,V,V,81.00,81.00
18/09/2024,00:30,[00:15-00:30[,S,V,V,V,V,81.00,81.00
18/09/2024,00:45,[00:30-00:45[,S,V,V,V,V,81.00,81.00
18/09/2024,01:00,[00:45-01:00[,S,V,V,V,V,81.00,81.00
18/09/2024,01:15,[01:00-01:15[,S,V,V,V,V,81.22,81.22
18/09/2024,01:30,[01:15-01:30[,S,V,V,V,V,81.22,81.22
18/09/2024,01:45,[01:30-01:45[,S,V,V,V,V,81.22,81.22
18/09/2024,02:00,[01:45-02:00[,S,V,V,V,V,81.22,81.22
18/09/2024,02:15,[02:00-02:15[,S,V,V,V,V,81.22,81.22
18/09/2024,02:30,[02:15-02:30[,S,V,V,V,V,81.22,81.22
18/09/2024,02:45,[02:30-02:45[,S,V,V,V,V,81.22,81.22
18/09/2024,03:00,[02:45-03:00[,S,V,V,V,V,81.22,81.22
18/09/2024,03:15,[03:00-03:15[,S,V,V,V,V,82.44,82.44
18/09/2024,03:30,[03:15-03:30[,S,V,V,V,V,82.44,82.44
18/09/2024,03:45,[03:30-03:45[,S,V,V,V,V,82.44,82.44
18/09/2024,04:00,[03:45-04:00[,S,V,V,V,V,82.44,82.44
18/09/2024,04:15,[04:00-04:15[,S,V,V,V,V,88.01,88.01
18/09/2024,04:30,[04:15-04:30[,S,V,V,V,V,88.01,88.01
18/09/2024,04:45,[04:30-04:45[,S,V,V,V,V,88.01,88.01
18/09/2024,05:00,[04:45-05:00[,S,V,V,V,V,88.01,88.01
18/09/2024,05:15,[05:00-05:15[,S,V,V,V,V,99.22,99.22
18/09/2024,05:30,[05:15-05:30[,S,V,V,V,V,99.22,99.22
18/09/2024,05:45,[05:30-05:45[,S,V,V,V,V,99.22,99.22
18/09/2024,06:00,[05:45-06:00[,S,V,V,V,V,99.22,99.22
18/09/2024,06:15,[06:00-06:15[,S,V,V,V,V,113.22,113.22
18/09/2024,06:30,[06:15-06:30[,S,V,V,V,V,113.22,113.22
18/09/2024,06:45,[06:30-06:45[,S,V,V,V,V,113.22,113.22
18/09/2024,07:00,[06:45-07:00[,S,V,V,V,V,113.22,113.22
18/09/2024,07:15,[07:00-07:15[,S,V,F,V,C,123.00,123.00
18/09/2024,07:30,[07:15-07:30[,S,V,F,V,C,123.00,123.00
18/09/2024,07:45,[07:30-07:45[,S,V,F,V,C,123.00,123.00
18/09/2024,08:00,[07:45-08:00[,S,V,F,V,C,123.00,123.00
18/09/2024,08:15,[08:00-08:15[,S,F,F,C,C,108.65,108.65
18/09/2024,08:30,[08:15-08:30[,S,F,F,C,C,108.65,108.65
18/09/2024,08:45,[08:30-08:45[,S,F,F,C,C,108.65,108.65
18/09/2024,09:00,[08:45-09:00[,S,F,F,C,C,108.65,108.65
18/09/2024,09:15,[09:00-09:15[,S,F,F,C,C,85.74,85.74
18/09/2024,09:30,[09:15-09:30[,S,F,F,C,P,85.74,85.74
18/09/2024,09:45,[09:30-09:45[,S,F,F,C,P,85.74,85.74
18/09/2024,10:00,[09:45-10:00[,S,F,F,C,P,85.74,85.74
18/09/2024,10:15,[10:00-10:15[,S,F,F,C,P,65.82,65.82
18/09/2024,10:30,[10:15-10:30[,S,F,F,C,P,65.82,65.82
18/09/2024,10:45,[10:30-10:45[,S,F,F,P,P,65.82,65.82
18/09/2024,11:00,[10:45-11:00[,S,F,F,P,P,65.82,65.82
18/09/2024,11:15,[11:00-11:15[,S,F,F,P,P,60.00,60.00
18/09/2024,11:30,[11:15-11:30[,S,F,F,P,P,60.00,60.00
18/09/2024,11:45,[11:30-11:45[,S,F,F,P,P,60.00,60.00
18/09/2024,12:00,[11:45-12:00[,S,F,F,P,P,60.00,60.00
18/09/2024,12:15,[12:00-12:15[,S,F,F,P,P,60.00,60.00
18/09/2024,12:30,[12:15-12:30[,S,F,F,P,C,60.00,60.00
18/09/2024,12:45,[12:30-12:45[,S,F,F,P,C,60.00,60.00
18/09/2024,13:00,[12:45-13:00[,S,F,F,P,C,60.00,60.00
18/09/2024,13:15,[13:00-13:15[,S,F,F,C,C,57.61,57.61
18/09/2024,13:30,[13:15-13:30[,S,F,F,C,C,57.61,57.61
18/09/2024,13:45,[13:30-13:45[,S,F,F,C,C,57.61,57.61
18/09/2024,14:00,[13:45-14:00[,S,F,F,C,C,57.61,57.61
18/09/2024,14:15,[14:00-14:15[,S,F,F,C,C,56.47,56.47
18/09/2024,14:30,[14:15-14:30[,S,F,F,C,C,56.47,56.47
18/09/2024,14:45,[14:30-14:45[,S,F,F,C,C,56.47,56.47
18/09/2024,15:00,[14:45-15:00[,S,F,F,C,C,56.47,56.47
18/09/2024,15:15,[15:00-15:15[,S,F,F,C,C,61.00,61.00
18/09/2024,15:30,[15:15-15:30[,S,F,F,C,C,61.00,61.00
18/09/2024,15:45,[15:30-15:45[,S,F,F,C,C,61.00,61.00
18/09/2024,16:00,[15:45-16:00[,S,F,F,C,C,61.00,61.00
18/09/2024,16:15,[16:00-16:15[,S,F,F,C,C,85.50,85.50
18/09/2024,16:30,[16:15-16:30[,S,F,F,C,C,85.50,85.50
18/09/2024,16:45,[16:30-16:45[,S,F,F,C,C,85.50,85.50
18/09/2024,17:00,[16:45-17:00[,S,F,F,C,C,85.50,85.50
18/09/2024,17:15,[17:00-17:15[,S,F,F,C,C,88.00,88.00
18/09/2024,17:30,[17:15-17:30[,S,F,F,C,C,88.00,88.00
18/09/2024,17:45,[17:30-17:45[,S,F,F,C,C,88.00,88.00
18/09/2024,18:00,[17:45-18:00[,S,F,F,C,C,88.00,88.00
18/09/2024,18:15,[18:00-18:15[,S,F,F,C,C,120.01,120.01
18/09/2024,18:30,[18:15-18:30[,S,F,F,C,C,120.01,120.01
18/09/2024,18:45,[18:30-18:45[,S,F,F,C,C,120.01,120.01
18/09/2024,19:00,[18:45-19:00[,S,F,F,C,C,120.01,120.01
18/09/2024,19:15,[19:00-19:15[,S,F,F,C,C,143.02,143.02
18/09/2024,19:30,[19:15-19:30[,S,F,F,C,C,143.02,143.02
18/09/2024,19:45,[19:30-19:45[,S,F,F,P,C,143.02,143.02
18/09/2024,20:00,[19:45-20:00[,S,F,F,P,C,143.02,143.02
18/09/2024,20:15,[20:00-20:15[,S,F,F,P,C,148.26,148.26
18/09/2024,20:30,[20:15-20:30[,S,F,F,P,C,148.26,148.26
18/09/2024,20:45,[20:30-20:45[,S,F,F,P,C,148.26,148.26
18/09/2024,21:00,[20:45-21:00[,S,F,F,P,C,148.26,148.26
18/09/2024,21:15,[21:00-21:15[,S,F,F,C,C,112.24,112.24
18/09/2024,21:30,[21:15-21:30[,S,F,F,C,C,112.24,112.24
18/09/2024,21:45,[21:30-21:45[,S,F,F,C,C,112.24,112.24
18/09/2024,22:00,[21:45-22:00[,S,F,F,C,C,112.24,112.24
18/09/2024,22:15,[22:00-22:15[,S,V,F,V,C,109.85,109.85
18/09/2024,22:30,[22:15-22:30[,S,V,F,V,C,109.85,109.85
18/09/2024,22:45,[22:30-22:45[,S,V,F,V,C,109.85,109.85
18/09/2024,23:00,[22:45-23:00[,S,V,F,V,C,109.85,109.85
18/09/2024,23:15,[23:00-23:15[,S,V,F,V,C,100.67,100.67
18/09/2024,23:30,[23:15-23:30[,S,V,F,V,C,100.67,100.67
18/09/2024,23:45,[23:30-23:45[,S,V,F,V,C,100.67,100.67
18/09/2024,23:59,[23:45-00:00[,S,V,F,V,C,100.67,100.67
19/09/2024,00:15,[00:00-00:15[,S,V,V,V,V,97.89,97.89
19/09/2024,00:30,[00:15-00:30[,S,V,V,V,V,97.89,97.89
19/09/2024,00:45,[00:30-00:45[,S,V,V,V,V,97.89,97.89
19/09/2024,01:00,[00:45-01:00[,S,V,V,V,V,97.89,97.89
19/09/2024,01:15,[01:00-01:15[,S,V,V,V,V,98.02,98.02
19/09/2024,01:30,[01:15-01:30[,S,V,V,V,V,98.02,98.02
19/09/2024,01:45,[01:30-01:45[,S,V,V,V,V,98.02,98.02
19/09/2024,02:00,[01:45-02:00[,S,V,V,V,V,98.02,98.02
19/09/2024,02:15,[02:00-02:15[,S,V,V,V,V,98.42,98.42
19/09/2024,02:30,[02:15-02:30[,S,V,V,V,V,98.42,98.42
19/09/2024,02:45,[02:30-02:45[,S,V,V,V,V,98.42,98.42
19/09/2024,03:00,[02:45-03:00[,S,V,V,V,V,98.42,98.42
19/09/2024,03:15,[03:00-03:15[,S,V,V,V,V,100.67,100.67
19/09/2024,03:30,[03:15-03:30[,S,V,V,V,V,100.67,100.67
19/09/2024,03:45,[03:30-03:45[,S,V,V,V,V,100.67,100.67
19/09/2024,04:00,[03:45-04:00[,S,V,V,V,V,100.67,100.67
19/09/2024,04:15,[04:00-04:15[,S,V,V,V,V,93.00,93.00
19/09/2024,04:30,[04:15-04:30[,S,V,V,V,V,93.00,93.00
19/09/2024,04:45,[04:30-04:45[,S,V,V,V,V,93.00,93.00
19/09/2024,05:00,[04:45-05:00[,S,V,V,V,V,93.00,93.00
19/09/2024,05:15,[05:00-05:15[,S,V,V,V,V,106.42,106.42
19/09/2024,05:30,[05:15-05:30[,S,V,V,V,V,106.42,106.42
19/09/2024,05:45,[05:30-05:45[,S,V,V,V,V,106.42,106.42
19/09/2024,06:00,[05:45-06:00[,S,V,V,V,V,106.42,106.42
19/09/2024,06:15,[06:00-06:15[,S,V,V,V,V,118.23,118.23
19/09/2024,06:30,[06:15-06:30[,S,V,V,V,V,118.23,118.23
19/09/2024,06:45,[06:30-06:45[,S,V,V,V,V,118.23,118.23
19/09/2024,07:00,[06:45-07:00[,S,V,V,V,V,118.23,118.23
19/09/2024,07:15,[07:00-07:15[,S,V,F,V,C,120.85,120.85
19/09/2024,07:30,[07:15-07:30[,S,V,F,V,C,120.85,120.85
19/09/2024,07:45,[07:30-07:45[,S,V,F,V,C,120.85,120.85
19/09/2024,08:00,[07:45-08:00[,S,V,F,V,C,120.85,120.85
19/09/2024,08:15,[08:00-08:15[,S,F,F,C,C,114.70,114.70
19/09/2024,08:30,[08:15-08:30[,S,F,F,C,C,114.70,114.70
19/09/2024,08:45,[08:30-08:45[,S,F,F,C,C,114.70,114.70
19/09/2024,09:00,[08:45-09:00[,S,F,F,C,C,114.70,114.70
19/09/2024,09:15,[09:00-09:15[,S,F,F,C,C,97.94,97.94
19/09/2024,09:30,[09:15-09:30[,S,F,F,C,P,97.94,97.94
19/09/2024,09:45,[09:30-09:45[,S,F,F,C,P,97.94,97.94
19/09/2024,10:00,[09:45-10:00[,S,F,F,C,P,97.94,97.94
19/09/2024,10:15,[10:00-10:15[,S,F,F,C,P,97.89,97.89
19/09/2024,10:30,[10:15-10:30[,S,F,F,C,P,97.89,97.89
19/09/2024,10:45,[10:30-10:45[,S,F,F,P,P,97.89,97.89
19/09/2024,11:00,[10:45-11:00[,S,F,F,P,P,97.89,97.89
19/09/2024,11:15,[11:00-11:15[,S,F,F,P,P,97.33,97.33
19/09/2024,11:30,[11:15-11:30[,S,F,F,P,P,97.33,97.33
19/09/2024,11:45,[11:30-11:45[,S,F,F,P,P,97.33,97.33
19/09/2024,12:00,[11:45-12:00[,S,F,F,P,P,97.33,97.33
19/09/2024,12:15,[12:00-12:15[,S,F,F,P,P,95.50,95.50
19/09/2024,12:30,[12:15-12:30[,S,F,F,P,C,95.50,95.50
19/09/2024,12:45,[12:30-12:45[,S,F,F,P,C,95.50,95.50
19/09/2024,13:00,[12:45-13:00[,S,F,F,P,C,95.50,95.50
19/09/2024,13:15,[13:00-13:15[,S,F,F,C,C,95.00,95.00
19/09/2024,13:30,[13:15-13:30[,S,F,F,C,C,95.00,95.00
19/09/2024,13:45,[13:30-13:45[,S,F,F,C,C,95.00,95.00
19/09/2024,14:00,[13:45-14:00[,S,F,F,C,C,95.00,95.00
19/09/2024,14:15,[14:00-14:15[,S,F,F,C,C,88.00,88.00
19/09/2024,14:30,[14:15-14:30[,S,F,F,C,C,88.00,88.00
19/09/2024,14:45,[14:30-14:45[,S,F,F,C,C,88.00,88.00
19/09/2024,15:00,[14:45-15:00[,S,F,F,C,C,88.00,88.00
19/09/2024,15:15,[15:00-15:15[,S,F,F,C,C,95.40,95.40
19/09/2024,15:30,[15:15-15:30[,S,F,F,C,C,95.40,95.40
19/09/2024,15:45,[15:30-15:45[,S,F,F,C,C,95.40,95.40
19/09/2024,16:00,[15:45-16:00[,S,F,F,C,C,95.40,95.40
19/09/2024,16:15,[16:00-16:15[,S,F,F,C,C,95.50,95.50
19/09/2024,16:30,[16:15-16:30[,S,F,F,C,C,95.50,95.50
19/09/2024,16:45,[16:30-16:45[,S,F,F,C,C,95.50,95.50
19/09/2024,17:00,[16:45-17:00[,S,F,F,C,C,95.50,95.50
19/09/2024,17:15,[17:00-17:15[,S,F,F,C,C,102.00,102.00
19/09/2024,17:30,[17:15-17:30[,S,F,F,C,C,102.00,102.00
19/09/2024,17:45,[17:30-17:45[,S,F,F,C,C,102.00,102.00
19/09/2024,18:00,[17:45-18:00[,S,F,F,C,C,102.00,102.00
19/09/2024,18:15,[18:00-18:15[,S,F,F,C,C,119.44,119.44
19/09/2024,18:30,[18:15-18:30[,S,F,F,C,C,119.44,119.44
19/09/2024,18:45,[18:30-18:45[,S,F,F,C,C,119.44,119.44
19/09/2024,19:00,[18:45-19:00[,S,F,F,C,C,119.44,119.44
19/09/2024,19:15,[19:00-19:15[,S,F,F,C,C,146.50,146.50
19/09/2024,19:30,[19:15-19:30[,S,F,F,C,C,146.50,146.50
19/09/2024,19:45,[19:30-19:45[,S,F,F,P,C,146.50,146.50
19/09/2024,20:00,[19:45-20:00[,S,F,F,P,C,146.50,146.50
19/09/2024,20:15,[20:00-20:15[,S,F,F,P,C,155.01,155.01
19/09/2024,20:30,[20:15-20:30[,S,F,F,P,C,155.01,155.01
19/09/2024,20:45,[20:30-20:45[,S,F,F,P,C,155.01,155.01
19/09/2024,21:00,[20:45-21:00[,S,F,F,P,C,155.01,155.01
19/09/2024,21:15,[21:00-21:15[,S,F,F,C,C,120.69,120.69
19/09/2024,21:30,[21:15-21:30[,S,F,F,C,C,120.69,120.69
19/09/2024,21:45,[21:30-21:45[,S,F,F,C,C,120.69,120.69
19/09/2024,22:00,[21:45-22:00[,S,F,F,C,C,120.69,120.69
19/09/2024,22:15,[22:00-22:15[,S,V,F,V,C,112.46,112.46
19/09/2024,22:30,[22:15-22:30[,S,V,F,V,C,112.46,112.46
19/09/2024,22:45,[22:30-22:45[,S,V,F,V,C,112.46,112.46
19/09/2024,23:00,[22:45-23:00[,S,V,F,V,C,112.46,112.46
19/09/2024,23:15,[23:00-23:15[,S,V,F,V,C,115.31,115.31
19/09/2024,23:30,[23:15-23:30[,S,V,F,V,C,115.31,115.31
19/09/2024,23:45,[23:30-23:45[,S,V,F,V,C,115.31,115.31
19/09/2024,23:59,[23:45-00:00[,S,V,F,V,C,115.31,115.31
20/09/2024,00:15,[00:00-00:15[,S,V,V,V,V,108.90,108.90
20/09/2024,00:30,[00:15-00:30[,S,V,V,V,V,108.90,108.90
20/09/2024,00:45,[00:30-00:45[,S,V,V,V,V,108.90,108.90
20/09/2024,01:00,[00:45-01:00[,S,V,V,V,V,108.90,108.90
20/09/2024,01:15,[01:00-01:15[,S,V,V,V,V,104.61,104.61
20/09/2024,01:30,[01:15-01:30[,S,V,V,V,V,104.61,104.61
20/09/2024,01:45,[01:30-01:45[,S,V,V,V,V,104.61,104.61
20/09/2024,02:00,[01:45-02:00[,S,V,V,V,V,104.61,104.61
20/09/2024,02:15,[02:00-02:15[,S,V,V,V,V,104.61,104.61
20/09/2024,02:30,[02:15-02:30[,S,V,V,V,V,104.61,104.61
20/09/2024,02:45,[02:30-02:45[,S,V,V,V,V,104.61,104.61
20/09/2024,03:00,[02:45-03:00[,S,V,V,V,V,104.61,104.61
20/09/2024,03:15,[03:00-03:15[,S,V,V,V,V,106.62,106.62
20/09/2024,03:30,[03:15-03:30[,S,V,V,V,V,106.62,106.62
20/09/2024,03:45,[03:30-03:45[,S,V,V,V,V,106.62,106.62
20/09/2024,04:00,[03:45-04:00[,S,V,V,V,V,106.62,106.62
20/09/2024,04:15,[04:00-04:15[,S,V,V,V,V,107.90,107.90
20/09/2024,04:30,[04:15-04:30[,S,V,V,V,V,107.90,107.90
20/09/2024,04:45,[04:30-04:45[,S,V,V,V,V,107.90,107.90
20/09/2024,05:00,[04:45-05:00[,S,V,V,V,V,107.90,107.90
20/09/2024,05:15,[05:00-05:15[,S,V,V,V,V,111.60,111.60
20/09/2024,05:30,[05:15-05:30[,S,V,V,V,V,111.60,111.60
20/09/2024,05:45,[05:30-05:45[,S,V,V,V,V,111.60,111.60
20/09/2024,06:00,[05:45-06:00[,S,V,V,V,V,111.60,111.60
20/09/2024,06:15,[06:00-06:15[,S,V,V,V,V,124.90,124.90
20/09/2024,06:30,[06:15-06:30[,S,V,V,V,V,124.90,124.90
20/09/2024,06:45,[06:30-06:45[,S,V,V,V,V,124.90,124.90
20/09/2024,07:00,[06:45-07:00[,S,V,V,V,V,124.90,124.90
20/09/2024,07:15,[07:00-07:15[,S,V,F,V,C,124.90,124.90
20/09/2024,07:30,[07:15-07:30[,S,V,F,V,C,124.90,124.90
20/09/2024,07:45,[07:30-07:45[,S,V,F,V,C,124.90,124.90
20/09/2024,08:00,[07:45-08:00[,S,V,F,V,C,124.90,124.90
20/09/2024,08:15,[08:00-08:15[,S,F,F,C,C,114.92,114.92
20/09/2024,08:30,[08:15-08:30[,S,F,F,C,C,114.92,114.92
20/09/2024,08:45,[08:30-08:45[,S,F,F,C,C,114.92,114.92
20/09/2024,09:00,[08:45-09:00[,S,F,F,C,C,114.92,114.92
20/09/2024,09:15,[09:00-09:15[,S,F,F,C,C,115.98,115.98
20/09/2024,09:30,[09:15-09:30[,S,F,F,C,P,115.98,115.98
20/09/2024,09:45,[09:30-09:45[,S,F,F,C,P,115.98,115.98
20/09/2024,10:00,[09:45-10:00[,S,F,F,C,P,115.98,115.98
20/09/2024,10:15,[10:00-10:15[,S,F,F,C,P,106.62,106.62
20/09/2024,10:30,[10:15-10:30[,S,F,F,C,P,106.62,106.62
20/09/2024,10:45,[10:30-10:45[,S,F,F,P,P,106.62,106.62
20/09/2024,11:00,[10:45-11:00[,S,F,F,P,P,106.62,106.62
20/09/2024,11:15,[11:00-11:15[,S,F,F,P,P,87.00,87.00
20/09/2024,11:30,[11:15-11:30[,S,F,F,P,P,87.00,87.00
20/09/2024,11:45,[11:30-11:45[,S,F,F,P,P,87.00,87.00
20/09/2024,12:00,[11:45-12:00[,S,F,F,P,P,87.00,87.00
20/09/2024,12:15,[12:00-12:15[,S,F,F,P,P,81.34,81.34
20/09/2024,12:30,[12:15-12:30[,S,F,F,P,C,81.34,81.34
20/09/2024,12:45,[12:30-12:45[,S,F,F,P,C,81.34,81.34
20/09/2024,13:00,[12:45-13:00[,S,F,F,P,C,81.34,81.34
20/09/2024,13:15,[13:00-13:15[,S,F,F,C,C,77.84,77.84
20/09/2024,13:30,[13:15-13:30[,S,F,F,C,C,77.84,77.84
20/09/2024,13:45,[13:30-13:45[,S,F,F,C,C,77.84,77.84
20/09/2024,14:00,[13:45-14:00[,S,F,F,C,C,77.84,77.84
20/09/2024,14:15,[14:00-14:15[,S,F,F,C,C,72.85,72.85
20/09/2024,14:30,[14:15-14:30[,S,F,F,C,C,72.85,72.85
20/09/2024,14:45,[14:30-14:45[,S,F,F,C,C,72.85,72.85
20/09/2024,15:00,[14:45-15:00[,S,F,F,C,C,72.85,72.85
20/09/2024,15:15,[15:00-15:15[,S,F,F,C,C,77.10,77.10
20/09/2024,15:30,[15:15-15:30[,S,F,F,C,C,77.10,77.10
20/09/2024,15:45,[15:30-15:45[,S,F,F,C,C,77.10,77.10
20/09/2024,16:00,[15:45-16:00[,S,F,F,C,C,77.10,77.10
20/09/2024,16:15,[16:00-16:15[,S,F,F,C,C,85.50,85.50
20/09/2024,16:30,[16:15-16:30[,S,F,F,C,C,85.50,85.50
20/09/2024,16:45,[16:30-16:45[,S,F,F,C,C,85.50,85.50
20/09/2024,17:00,[16:45-17:00[,S,F,F,C,C,85.50,85.50
20/09/2024,17:15,[17:00-17:15[,S,F,F,C,C,106.62,106.62
20/09/2024,17:30,[17:15-17:30[,S,F,F,C,C,106.62,106.62
20/09/2024,17:45,[17:30-17:45[,S,F,F,C,C,106.62,106.62
20/09/2024,18:00,[17:45-18:00[,S,F,F,C,C,106.62,106.62
20/09/2024,18:15,[18:00-18:15[,S,F,F,C,C,113.00,113.00
20/09/2024,18:30,[18:15-18:30[,S,F,F,C,C,113.00,113.00
20/09/2024,18:45,[18:30-18:45[,S,F,F,C,C,113.00,113.00
20/09/2024,19:00,[18:45-19:00[,S,F,F,C,C,113.00,113.00
20/09/2024,19:15,[19:00-19:15[,S,F,F,C,C,145.73,145.73
20/09/2024,19:30,[19:15-19:30[,S,F,F,C,C,145.73,145.73
20/09/2024,19:45,[19:30-19:45[,S,F,F,P,C,145.73,145.73
20/09/2024,20:00,[19:45-20:00[,S,F,F,P,C,145.73,145.73
20/09/2024,20:15,[20:00-20:15[,S,F,F,P,C,146.97,146.97
20/09/2024,20:30,[20:15-20:30[,S,F,F,P,C,146.97,146.97
20/09/2024,20:45,[20:30-20:45[,S,F,F,P,C,146.97,146.97
20/09/2024,21:00,[20:45-21:00[,S,F,F,P,C,146.97,146.97
20/09/2024,21:15,[21:00-21:15[,S,F,F,C,C,125.00,125.00
20/09/2024,21:30,[21:15-21:30[,S,F,F,C,C,125.00,125.00
20/09/2024,21:45,[21:30-21:45[,S,F,F,C,C,125.00,125.00
20/09/2024,22:00,[21:45-22:00[,S,F,F,C,C,125.00,125.00
20/09/2024,22:15,[22:00-22:15[,S,V,F,V,C,118.72,118.72
20/09/2024,22:30,[22:15-22:30[,S,V,F,V,C,118.72,118.72
20/09/2024,22:45,[22:30-22:45[,S,V,F,V,C,118.72,118.72
20/09/2024,23:00,[22:45-23:00[,S,V,F,V,C,118.72,118.72
20/09/2024,23:15,[23:00-23:15[,S,V,F,V,C,104.64,104.64
20/09/2024,23:30,[23:15-23:30[,S,V,F,V,C,104.64,104.64
20/09/2024,23:45,[23:30-23:45[,S,V,F,V,C,104.64,104.64
20/09/2024,23:59,[23:45-00:00[,S,V,F,V,C,104.64,104.64
21/09/2024,00:15,[00:00-00:15[,S,V,V,V,V,100.28,100.28
21/09/2024,00:30,[00:15-00:30[,S,V,V,V,V,100.28,100.28
21/09/2024,00:45,[00:30-00:45[,S,V,V,V,V,100.28,100.28
21/09/2024,01:00,[00:45-01:00[,S,V,V,V,V,100.28,100.28
21/09/2024,01:15,[01:00-01:15[,S,V,V,V,V,98.02,98.02
21/09/2024,01:30,[01:15-01:30[,S,V,V,V,V,98.02,98.02
21/09/2024,01:45,[01:30-01:45[,S,V,V,V,V,98.02,98.02
21/09/2024,02:00,[01:45-02:00[,S,V,V,V,V,98.02,98.02
21/09/2024,02:15,[02:00-02:15[,S,V,V,V,V,102.55,102.55
21/09/2024,02:30,[02:15-02:30[,S,V,V,V,V,102.55,102.55
21/09/2024,02:45,[02:30-02:45[,S,V,V,V,V,102.55,102.55
21/09/2024,03:00,[02:45-03:00[,S,V,V,V,V,102.55,102.55
21/09/2024,03:15,[03:00-03:15[,S,V,V,V,V,100.07,100.07
21/09/2024,03:30,[03:15-03:30[,S,V,V,V,V,100.07,100.07
21/09/2024,03:45,[03:30-03:45[,S,V,V,V,V,100.07,100.07
21/09/2024,04:00,[03:45-04:00[,S,V,V,V,V,100.07,100.07
21/09/2024,04:15,[04:00-04:15[,S,V,V,V,V,100.28,100.28
21/09/2024,04:30,[04:15-04:30[,S,V,V,V,V,100.28,100.28
21/09/2024,04:45,[04:30-04:45[,S,V,V,V,V,100.28,100.28
21/09/2024,05:00,[04:45-05:00[,S,V,V,V,V,100.28,100.28
21/09/2024,05:15,[05:00-05:15[,S,V,V,V,V,94.90,94.90
21/09/2024,05:30,[05:15-05:30[,S,V,V,V,V,94.90,94.90
21/09/2024,05:45,[05:30-05:45[,S,V,V,V,V,94.90,94.90
21/09/2024,06:00,[05:45-06:00[,S,V,V,V,V,94.90,94.90
21/09/2024,06:15,[06:00-06:15[,S,V,V,V,V,95.90,95.90
21/09/2024,06:30,[06:15-06:30[,S,V,V,V,V,95.90,95.90
21/09/2024,06:45,[06:30-06:45[,S,V,V,V,V,95.90,95.90
21/09/2024,07:00,[06:45-07:00[,S,V,V,V,V,95.90,95.90
21/09/2024,07:15,[07:00-07:15[,S,V,V,V,V,100.07,100.07
21/09/2024,07:30,[07:15-07:30[,S,V,V,V,V,100.07,100.07
21/09/2024,07:45,[07:30-07:45[,S,V,V,V,V,100.07,100.07
21/09/2024,08:00,[07:45-08:00[,S,V,V,V,V,100.07,100.07
21/09/2024,08:15,[08:00-08:15[,S,F,V,C,V,100.87,100.87
21/09/2024,08:30,[08:15-08:30[,S,F,V,C,V,100.87,100.87
21/09/2024,08:45,[08:30-08:45[,S,F,V,C,V,100.87,100.87
21/09/2024,09:00,[08:45-09:00[,S,F,V,C,V,100.87,100.87
21/09/2024,09:15,[09:00-09:15[,S,F,F,C,C,95.01,95.01
21/09/2024,09:30,[09:15-09:30[,S,F,F,C,C,95.01,95.01
21/09/2024,09:45,[09:30-09:45[,S,F,F,C,C,95.01,95.01
21/09/2024,10:00,[09:45-10:00[,S,F,F,C,C,95.01,95.01
21/09/2024,10:15,[10:00-10:15[,S,F,F,C,C,74.29,74.29
21/09/2024,10:30,[10:15-10:30[,S,F,F,C,C,74.29,74.29
21/09/2024,10:45,[10:30-10:45[,S,F,F,P,C,74.29,74.29
21/09/2024,11:00,[10:45-11:00[,S,F,F,P,C,74.29,74.29
21/09/2024,11:15,[11:00-11:15[,S,F,F,P,C,64.70,64.70
21/09/2024,11:30,[11:15-11:30[,S,F,F,P,C,64.70,64.70
21/09/2024,11:45,[11:30-11:45[,S,F,F,P,C,64.70,64.70
21/09/2024,12:00,[11:45-12:00[,S,F,F,P,C,64.70,64.70
21/09/2024,12:15,[12:00-12:15[,S,F,F,P,C,50.24,50.24
21/09/2024,12:30,[12:15-12:30[,S,F,F,P,C,50.24,50.24
21/09/2024,12:45,[12:30-12:45[,S,F,F,P,C,50.24,50.24
21/09/2024,13:00,[12:45-13:00[,S,F,F,P,C,50.24,50.24
21/09/2024,13:15,[13:00-13:15[,S,F,F,C,C,30.00,30.00
21/09/2024,13:30,[13:15-13:30[,S,F,F,C,C,30.00,30.00
21/09/2024,13:45,[13:30-13:45[,S,F,F,C,C,30.00,30.00
21/09/2024,14:00,[13:45-14:00[,S,F,F,C,C,30.00,30.00
21/09/2024,14:15,[14:00-14:15[,S,F,V,C,V,3.32,3.32
21/09/2024,14:30,[14:15-14:30[,S,F,V,C,V,3.32,3.32
21/09/2024,14:45,[14:30-14:45[,S,F,V,C,V,3.32,3.32
21/09/2024,15:00,[14:45-15:00[,S,F,V,C,V,3.32,3.32
21/09/2024,15:15,[15:00-15:15[,S,F,V,C,V,20.22,20.22
21/09/2024,15:30,[15:15-15:30[,S,F,V,C,V,20.22,20.22
21/09/2024,15:45,[15:30-15:45[,S,F,V,C,V,20.22,20.22
21/09/2024,16:00,[15:45-16:00[,S,F,V,C,V,20.22,20.22
21/09/2024,16:15,[16:00-16:15[,S,F,V,C,V,49.77,49.77
21/09/2024,16:30,[16:15-16:30[,S,F,V,C,V,49.77,49.77
21/09/2024,16:45,[16:30-16:45[,S,F,V,C,V,49.77,49.77
21/09/2024,17:00,[16:45-17:00[,S,F,V,C,V,49.77,49.77
21/09/2024,17:15,[17:00-17:15[,S,F,V,C,V,75.00,75.00
21/09/2024,17:30,[17:15-17:30[,S,F,V,C,V,75.00,75.00
21/09/2024,17:45,[17:30-17:45[,S,F,V,C,V,75.00,75.00
21/09/2024,18:00,[17:45-18:00[,S,F,V,C,V,75.00,75.00
21/09/2024,18:15,[18:00-18:15[,S,F,V,C,V,108.67,108.67
21/09/2024,18:30,[18:15-18:30[,S,F,V,C,V,108.67,108.67
21/09/2024,18:45,[18:30-18:45[,S,F,V,C,V,108.67,108.67
21/09/2024,19:00,[18:45-19:00[,S,F,V,C,V,108.67,108.67
21/09/2024,19:15,[19:00-19:15[,S,F,V,C,V,117.31,117.31
21/09/2024,19:30,[19:15-19:30[,S,F,V,C,V,117.31,117.31
21/09/2024,19:45,[19:30-19:45[,S,F,V,P,V,117.31,117.31
21/09/2024,20:00,[19:45-20:00[,S,F,V,P,V,117.31,117.31
21/09/2024,20:15,[20:00-20:15[,S,F,F,P,C,133.02,133.02
21/09/2024,20:30,[20:15-20:30[,S,F,F,P,C,133.02,133.02
21/09/2024,20:45,[20:30-20:45[,S,F,F,P,C,133.02,133.02
21/09/2024,21:00,[20:45-21:00[,S,F,F,P,C,133.02,133.02
21/09/2024,21:15,[21:00-21:15[,S,F,F,C,C,115.14,115.14
21/09/2024,21:30,[21:15-21:30[,S,F,F,C,C,115.14,115.14
21/09/2024,21:45,[21:30-21:45[,S,F,F,C,C,115.14,115.14
21/09/2024,22:00,[21:45-22:00[,S,F,F,C,C,115.14,115.14
21/09/2024,22:15,[22:00-22:15[,S,V,V,V,V,115.00,115.00
21/09/2024,22:30,[22:15-22:30[,S,V,V,V,V,115.00,115.00
21/09/2024,22:45,[22:30-22:45[,S,V,V,V,V,115.00,115.00
21/09/2024,23:00,[22:45-23:00[,S,V,V,V,V,115.00,115.00
21/09/2024,23:15,[23:00-23:15[,S,V,V,V,V,99.98,99.98
21/09/2024,23:30,[23:15-23:30[,S,V,V,V,V,99.98,99.98
21/09/2024,23:45,[23:30-23:45[,S,V,V,V,V,99.98,99.98
21/09/2024,23:59,[23:45-00:00[,S,V,V,V,V,99.98,99.98
22/09/2024,00:15,[00:00-00:15[,S,V,V,V,V,95.58,95.58
22/09/2024,00:30,[00:15-00:30[,S,V,V,V,V,95.58,95.58
22/09/2024,00:45,[00:30-00:45[,S,V,V,V,V,95.58,95.58
22/09/2024,01:00,[00:45-01:00[,S,V,V,V,V,95.58,95.58
22/09/2024,01:15,[01:00-01:15[,S,V,V,V,V,95.55,95.55
22/09/2024,01:30,[01:15-01:30[,S,V,V,V,V,95.55,95.55
22/09/2024,01:45,[01:30-01:45[,S,V,V,V,V,95.55,95.55
22/09/2024,02:00,[01:45-02:00[,S,V,V,V,V,95.55,95.55
22/09/2024,02:15,[02:00-02:15[,S,V,V,V,V,95.84,95.84
22/09/2024,02:30,[02:15-02:30[,S,V,V,V,V,95.84,95.84
22/09/2024,02:45,[02:30-02:45[,S,V,V,V,V,95.84,95.84
22/09/2024,03:00,[02:45-03:00[,S,V,V,V,V,95.84,95.84
22/09/2024,03:15,[03:00-03:15[,S,V,V,V,V,93.90,93.90
22/09/2024,03:30,[03:15-03:30[,S,V,V,V,V,93.90,93.90
22/09/2024,03:45,[03:30-03:45[,S,V,V,V,V,93.90,93.90
22/09/2024,04:00,[03:45-04:00[,S,V,V,V,V,93.90,93.90
22/09/2024,04:15,[04:00-04:15[,S,V,V,V,V,97.90,97.90
22/09/2024,04:30,[04:15-04:30[,S,V,V,V,V,97.90,97.90
22/09/2024,04:45,[04:30-04:45[,S,V,V,V,V,97.90,97.90
22/09/2024,05:00,[04:45-05:00[,S,V,V,V,V,97.90,97.90
22/09/2024,05:15,[05:00-05:15[,S,V,V,V,V,102.55,102.55
22/09/2024,05:30,[05:15-05:30[,S,V,V,V,V,102.55,102.55
22/09/2024,05:45,[05:30-05:45[,S,V,V,V,V,102.55,102.55
22/09/2024,06:00,[05:45-06:00[,S,V,V,V,V,102.55,102.55
22/09/2024,06:15,[06:00-06:15[,S,V,V,V,V,102.98,102.98
22/09/2024,06:30,[06:15-06:30[,S,V,V,V,V,102.98,102.98
22/09/2024,06:45,[06:30-06:45[,S,V,V,V,V,102.98,102.98
22/09/2024,07:00,[06:45-07:00[,S,V,V,V,V,102.98,102.98
22/09/2024,07:15,[07:00-07:15[,S,V,V,V,V,96.31,96.31
22/09/2024,07:30,[07:15-07:30[,S,V,V,V,V,96.31,96.31
22/09/2024,07:45,[07:30-07:45[,S,V,V,V,V,96.31,96.31
22/09/2024,08:00,[07:45-08:00[,S,V,V,V,V,96.31,96.31
22/09/2024,08:15,[08:00-08:15[,S,F,V,C,V,90.63,90.63
22/09/2024,08:30,[08:15-08:30[,S,F,V,C,V,90.63,90.63
22/09/2024,08:45,[08:30-08:45[,S,F,V,C,V,90.63,90.63
22/09/2024,09:00,[08:45-09:00[,S,F,V,C,V,90.63,90.63
22/09/2024,09:15,[09:00-09:15[,S,F,V,C,V,50.24,50.24
22/09/2024,09:30,[09:15-09:30[,S,F,V,C,V,50.24,50.24
22/09/2024,09:45,[09:30-09:45[,S,F,V,C,V,50.24,50.24
22/09/2024,10:00,[09:45-10:00[,S,F,V,C,V,50.24,50.24
22/09/2024,10:15,[10:00-10:15[,S,F,V,C,V,11.87,11.87
22/09/2024,10:30,[10:15-10:30[,S,F,V,C,V,11.87,11.87
22/09/2024,10:45,[10:30-10:45[,S,F,V,P,V,11.87,11.87
22/09/2024,11:00,[10:45-11:00[,S,F,V,P,V,11.87,11.87
22/09/2024,11:15,[11:00-11:15[,S,F,V,P,V,11.68,11.68
22/09/2024,11:30,[11:15-11:30[,S,F,V,P,V,11.68,11.68
22/09/2024,11:45,[11:30-11:45[,S,F,V,P,V,11.68,11.68
22/09/2024,12:00,[11:45-12:00[,S,F,V,P,V,11.68,11.68
22/09/2024,12:15,[12:00-12:15[,S,F,V,P,V,0.79,0.10
22/09/2024,12:30,[12:15-12:30[,S,F,V,P,V,0.79,0.10
22/09/2024,12:45,[12:30-12:45[,S,F,V,P,V,0.79,0.10
22/09/2024,13:00,[12:45-13:00[,S,F,V,P,V,0.79,0.10
22/09/2024,13:15,[13:00-13:15[,S,F,V,C,V,0.15,0.01
22/09/2024,13:30,[13:15-13:30[,S,F,V,C,V,0.15,0.01
22/09/2024,13:45,[13:30-13:45[,S,F,V,C,V,0.15,0.01
22/09/2024,14:00,[13:45-14:00[,S,F,V,C,V,0.15,0.01
22/09/2024,14:15,[14:00-14:15[,S,F,V,C,V,2.00,2.00
22/09/2024,14:30,[14:15-14:30[,S,F,V,C,V,2.00,2.00
22/09/2024,14:45,[14:30-14:45[,S,F,V,C,V,2.00,2.00
22/09/2024,15:00,[14:45-15:00[,S,F,V,C,V,2.00,2.00
22/09/2024,15:15,[15:00-15:15[,S,F,V,C,V,2.00,2.00
22/09/2024,15:30,[15:15-15:30[,S,F,V,C,V,2.00,2.00
22/09/2024,15:45,[15:30-15:45[,S,F,V,C,V,2.00,2.00
22/09/2024,16:00,[15:45-16:00[,S,F,V,C,V,2.00,2.00
22/09/2024,16:15,[16:00-16:15[,S,F,V,C,V,28.45,28.45
22/09/2024,16:30,[16:15-16:30[,S,F,V,C,V,28.45,28.45
22/09/2024,16:45,[16:30-16:45[,S,F,V,C,V,28.45,28.45
22/09/2024,17:00,[16:45-17:00[,S,F,V,C,V,28.45,28.45
22/09/2024,17:15,[17:00-17:15[,S,F,V,C,V,70.00,70.00
22/09/2024,17:30,[17:15-17:30[,S,F,V,C,V,70.00,70.00
22/09/2024,17:45,[17:30-17:45[,S,F,V,C,V,70.00,70.00
22/09/2024,18:00,[17:45-18:00[,S,F,V,C,V,70.00,70.00
22/09/2024,18:15,[18:00-18:15[,S,F,V,C,V,102.69,102.69
22/09/2024,18:30,[18:15-18:30[,S,F,V,C,V,102.69,102.69
22/09/2024,18:45,[18:30-18:45[,S,F,V,C,V,102.69,102.69
22/09/2024,19:00,[18:45-19:00[,S,F,V,C,V,102.69,102.69
22/09/2024,19:15,[19:00-19:15[,S,F,V,C,V,110.22,110.22
22/09/2024,19:30,[19:15-19:30[,S,F,V,C,V,110.22,110.22
22/09/2024,19:45,[19:30-19:45[,S,F,V,P,V,110.22,110.22
22/09/2024,20:00,[19:45-20:00[,S,F,V,P,V,110.22,110.22
22/09/2024,20:15,[20:00-20:15[,S,F,V,P,V,114.53,114.53
22/09/2024,20:30,[20:15-20:30[,S,F,V,P,V,114.53,114.53
22/09/2024,20:45,[20:30-20:45[,S,F,V,P,V,114.53,114.53
22/09/2024,21:00,[20:45-21:00[,S,F,V,P,V,114.53,114.53
22/09/2024,21:15,[21:00-21:15[,S,F,V,C,V,102.74,102.74
22/09/2024,21:30,[21:15-21:30[,S,F,V,C,V,102.74,102.74
22/09/2024,21:45,[21:30-21:45[,S,F,V,C,V,102.74,102.74
22/09/2024,22:00,[21:45-22:00[,S,F,V,C,V,102.74,102.74
22/09/2024,22:15,[22:00-22:15[,S,V,V,V,V,99.98,99.98
22/09/2024,22:30,[22:15-22:30[,S,V,V,V,V,99.98,99.98
22/09/2024,22:45,[22:30-22:45[,S,V,V,V,V,99.98,99.98
22/09/2024,23:00,[22:45-23:00[,S,V,V,V,V,99.98,99.98
22/09/2024,23:15,[23:00-23:15[,S,V,V,V,V,102.55,102.55
22/09/2024,23:30,[23:15-23:30[,S,V,V,V,V,102.55,102.55
22/09/2024,23:45,[23:30-23:45[,S,V,V,V,V,102.55,102.55
22/09/2024,23:59,[23:45-00:00[,S,V,V,V,V,102.55,102.55
23/09/2024,00:15,[00:00-00:15[,S,V,V,V,V,95.58,95.58
23/09/2024,00:30,[00:15-00:30[,S,V,V,V,V,95.58,95.58
23/09/2024,00:45,[00:30-00:45[,S,V,V,V,V,95.58,95.58
23/09/2024,01:00,[00:45-01:00[,S,V,V,V,V,95.58,95.58
23/09/2024,01:15,[01:00-01:15[,S,V,V,V,V,90.00,90.00
23/09/2024,01:30,[01:15-01:30[,S,V,V,V,V,90.00,90.00
23/09/2024,01:45,[01:30-01:45[,S,V,V,V,V,90.00,90.00
23/09/2024,02:00,[01:45-02:00[,S,V,V,V,V,90.00,90.00
23/09/2024,02:15,[02:00-02:15[,S,V,V,V,V,93.17,93.17
23/09/2024,02:30,[02:15-02:30[,S,V,V,V,V,93.17,93.17
23/09/2024,02:45,[02:30-02:45[,S,V,V,V,V,93.17,93.17
23/09/2024,03:00,[02:45-03:00[,S,V,V,V,V,93.17,93.17
23/09/2024,03:15,[03:00-03:15[,S,V,V,V,V,93.88,93.88
23/09/2024,03:30,[03:15-03:30[,S,V,V,V,V,93.88,93.88
23/09/2024,03:45,[03:30-03:45[,S,V,V,V,V,93.88,93.88
23/09/2024,04:00,[03:45-04:00[,S,V,V,V,V,93.88,93.88
23/09/2024,04:15,[04:00-04:15[,S,V,V,V,V,95.58,95.58
23/09/2024,04:30,[04:15-04:30[,S,V,V,V,V,95.58,95.58
23/09/2024,04:45,[04:30-04:45[,S,V,V,V,V,95.58,95.58
23/09/2024,05:00,[04:45-05:00[,S,V,V,V,V,95.58,95.58
23/09/2024,05:15,[05:00-05:15[,S,V,V,V,V,96.40,96.40
23/09/2024,05:30,[05:15-05:30[,S,V,V,V,V,96.40,96.40
23/09/2024,05:45,[05:30-05:45[,S,V,V,V,V,96.40,96.40
23/09/2024,06:00,[05:45-06:00[,S,V,V,V,V,96.40,96.40
23/09/2024,06:15,[06:00-06:15[,S,V,V,V,V,115.26,115.26
23/09/2024,06:30,[06:15-06:30[,S,V,V,V,V,115.26,115.26
23/09/2024,06:45,[06:30-06:45[,S,V,V,V,V,115.26,115.26
23/09/2024,07:00,[06:45-07:00[,S,V,V,V,V,115.26,115.26
23/09/2024,07:15,[07:00-07:15[,S,V,F,V,C,120.01,120.01
23/09/2024,07:30,[07:15-07:30[,S,V,F,V,C,120.01,120.01
23/09/2024,07:45,[07:30-07:45[,S,V,F,V,C,120.01,120.01
23/09/2024,08:00,[07:45-08:00[,S,V,F,V,C,120.01,120.01
23/09/2024,08:15,[08:00-08:15[,S,F,F,C,C,101.70,101.70
23/09/2024,08:30,[08:15-08:30[,S,F,F,C,C,101.70,101.70
23/09/2024,08:45,[08:30-08:45[,S,F,F,C,C,101.70,101.70
23/09/2024,09:00,[08:45-09:00[,S,F,F,C,C,101.70,101.70
23/09/2024,09:15,[09:00-09:15[,S,F,F,C,C,85.00,85.00
23/09/2024,09:30,[09:15-09:30[,S,F,F,C,P,85.00,85.00
23/09/2024,09:45,[09:30-09:45[,S,F,F,C,P,85.00,85.00
23/09/2024,10:00,[09:45-10:00[,S,F,F,C,P,85.00,85.00
23/09/2024,10:15,[10:00-10:15[,S,F,F,C,P,68.29,66.54
23/09/2024,10:30,[10:15-10:30[,S,F,F,C,P,68.29,66.54
23/09/2024,10:45,[10:30-10:45[,S,F,F,P,P,68.29,66.54
23/09/2024,11:00,[10:45-11:00[,S,F,F,P,P,68.29,66.54
23/09/2024,11:15,[11:00-11:15[,S,F,F,P,P,67.87,51.10
23/09/2024,11:30,[11:15-11:30[,S,F,F,P,P,67.87,51.10
23/09/2024,11:45,[11:30-11:45[,S,F,F,P,P,67.87,51.10
23/09/2024,12:00,[11:45-12:00[,S,F,F,P,P,67.87,51.10
23/09/2024,12:15,[12:00-12:15[,S,F,F,P,P,50.24,50.24
23/09/2024,12:30,[12:15-12:30[,S,F,F,P,C,50.24,50.24
23/09/2024,12:45,[12:30-12:45[,S,F,F,P,C,50.24,50.24
23/09/2024,13:00,[12:45-13:00[,S,F,F,P,C,50.24,50.24
23/09/2024,13:15,[13:00-13:15[,S,F,F,C,C,39.90,39.90
23/09/2024,13:30,[13:15-13:30[,S,F,F,C,C,39.90,39.90
23/09/2024,13:45,[13:30-13:45[,S,F,F,C,C,39.90,39.90
23/09/2024,14:00,[13:45-14:00[,S,F,F,C,C,39.90,39.90
23/09/2024,14:15,[14:00-14:15[,S,F,F,C,C,20.50,20.50
23/09/2024,14:30,[14:15-14:30[,S,F,F,C,C,20.50,20.50
23/09/2024,14:45,[14:30-14:45[,S,F,F,C,C,20.50,20.50
23/09/2024,15:00,[14:45-15:00[,S,F,F,C,C,20.50,20.50
23/09/2024,15:15,[15:00-15:15[,S,F,F,C,C,40.65,40.65
23/09/2024,15:30,[15:15-15:30[,S,F,F,C,C,40.65,40.65
23/09/2024,15:45,[15:30-15:45[,S,F,F,C,C,40.65,40.65
23/09/2024,16:00,[15:45-16:00[,S,F,F,C,C,40.65,40.65
23/09/2024,16:15,[16:00-16:15[,S,F,F,C,C,67.87,60.81
23/09/2024,16:30,[16:15-16:30[,S,F,F,C,C,67.87,60.81
23/09/2024,16:45,[16:30-16:45[,S,F,F,C,C,67.87,60.81
23/09/2024,17:00,[16:45-17:00[,S,F,F,C,C,67.87,60.81
23/09/2024,17:15,[17:00-17:15[,S,F,F,C,C,95.58,95.58
23/09/2024,17:30,[17:15-17:30[,S,F,F,C,C,95.58,95.58
23/09/2024,17:45,[17:30-17:45[,S,F,F,C,C,95.58,95.58
23/09/2024,18:00,[17:45-18:00[,S,F,F,C,C,95.58,95.58
23/09/2024,18:15,[18:00-18:15[,S,F,F,C,C,116.05,116.05
23/09/2024,18:30,[18:15-18:30[,S,F,F,C,C,116.05,116.05
23/09/2024,18:45,[18:30-18:45[,S,F,F,C,C,116.05,116.05
23/09/2024,19:00,[18:45-19:00[,S,F,F,C,C,116.05,116.05
23/09/2024,19:15,[19:00-19:15[,S,F,F,C,C,155.01,155.01
23/09/2024,19:30,[19:15-19:30[,S,F,F,C,C,155.01,155.01
23/09/2024,19:45,[19:30-19:45[,S,F,F,P,C,155.01,155.01
23/09/2024,20:00,[19:45-20:00[,S,F,F,P,C,155.01,155.01
23/09/2024,20:15,[20:00-20:15[,S,F,F,P,C,157.66,157.66
23/09/2024,20:30,[20:15-20:30[,S,F,F,P,C,157.66,157.66
23/09/2024,20:45,[20:30-20:45[,S,F,F,P,C,157.66,157.66
23/09/2024,21:00,[20:45-21:00[,S,F,F,P,C,157.66,157.66
23/09/2024,21:15,[21:00-21:15[,S,F,F,C,C,112.55,112.55
23/09/2024,21:30,[21:15-21:30[,S,F,F,C,C,112.55,112.55
23/09/2024,21:45,[21:30-21:45[,S,F,F,C,C,112.55,112.55
23/09/2024,22:00,[21:45-22:00[,S,F,F,C,C,112.55,112.55
23/09/2024,22:15,[22:00-22:15[,S,V,F,V,C,105.08,105.08
23/09/2024,22:30,[22:15-22:30[,S,V,F,V,C,105.08,105.08
23/09/2024,22:45,[22:30-22:45[,S,V,F,V,C,105.08,105.08
23/09/2024,23:00,[22:45-23:00[,S,V,F,V,C,105.08,105.08
23/09/2024,23:15,[23:00-23:15[,S,V,F,V,C,95.52,95.52
23/09/2024,23:30,[23:15-23:30[,S,V,F,V,C,95.52,95.52
23/09/2024,23:45,[23:30-23:45[,S,V,F,V,C,95.52,95.52
23/09/2024,23:59,[23:45-00:00[,S,V,F,V,C,95.52,95.52
24/09/2024,00:15,[00:00-00:15[,S,V,V,V,V,95.00,95.00
24/09/2024,00:30,[00:15-00:30[,S,V,V,V,V,95.00,95.00
24/09/2024,00:45,[00:30-00:45[,S,V,V,V,V,95.00,95.00
24/09/2024,01:00,[00:45-01:00[,S,V,V,V,V,95.00,95.00
24/09/2024,01:15,[01:00-01:15[,S,V,V,V,V,94.50,94.50
24/09/2024,01:30,[01:15-01:30[,S,V,V,V,V,94.50,94.50
24/09/2024,01:45,[01:30-01:45[,S,V,V,V,V,94.50,94.50
24/09/2024,02:00,[01:45-02:00[,S,V,V,V,V,94.50,94.50
24/09/2024,02:15,[02:00-02:15[,S,V,V,V,V,93.84,93.84
24/09/2024,02:30,[02:15-02:30[,S,V,V,V,V,93.84,93.84
24/09/2024,02:45,[02:30-02:45[,S,V,V,V,V,93.84,93.84
24/09/2024,03:00,[02:45-03:00[,S,V,V,V,V,93.84,93.84
24/09/2024,03:15,[03:00-03:15[,S,V,V,V,V,93.84,93.84
24/09/2024,03:30,[03:15-03:30[,S,V,V,V,V,93.84,93.84
24/09/2024,03:45,[03:30-03:45[,S,V,V,V,V,93.84,93.84
24/09/2024,04:00,[03:45-04:00[,S,V,V,V,V,93.84,93.84
24/09/2024,04:15,[04:00-04:15[,S,V,V,V,V,93.84,93.84
24/09/2024,04:30,[04:15-04:30[,S,V,V,V,V,93.84,93.84
24/09/2024,04:45,[04:30-04:45[,S,V,V,V,V,93.84,93.84
24/09/2024,05:00,[04:45-05:00[,S,V,V,V,V,93.84,93.84
24/09/2024,05:15,[05:00-05:15[,S,V,V,V,V,107.74,107.74
24/09/2024,05:30,[05:15-05:30[,S,V,V,V,V,107.74,107.74
24/09/2024,05:45,[05:30-05:45[,S,V,V,V,V,107.74,107.74
24/09/2024,06:00,[05:45-06:00[,S,V,V,V,V,107.74,107.74
24/09/2024,06:15,[06:00-06:15[,S,V,V,V,V,120.10,120.10
24/09/2024,06:30,[06:15-06:30[,S,V,V,V,V,120.10,120.10
24/09/2024,06:45,[06:30-06:45[,S,V,V,V,V,120.10,120.10
24/09/2024,07:00,[06:45-07:00[,S,V,V,V,V,120.10,120.10
24/09/2024,07:15,[07:00-07:15[,S,V,F,V,C,127.67,127.67
24/09/2024,07:30,[07:15-07:30[,S,V,F,V,C,127.67,127.67
24/09/2024,07:45,[07:30-07:45[,S,V,F,V,C,127.67,127.67
24/09/2024,08:00,[07:45-08:00[,S,V,F,V,C,127.67,127.67
24/09/2024,08:15,[08:00-08:15[,S,F,F,C,C,117.90,117.90
24/09/2024,08:30,[08:15-08:30[,S,F,F,C,C,117.90,117.90
24/09/2024,08:45,[08:30-08:45[,S,F,F,C,C,117.90,117.90
24/09/2024,09:00,[08:45-09:00[,S,F,F,C,C,117.90,117.90
24/09/2024,09:15,[09:00-09:15[,S,F,F,C,C,94.08,94.08
24/09/2024,09:30,[09:15-09:30[,S,F,F,C,P,94.08,94.08
24/09/2024,09:45,[09:30-09:45[,S,F,F,C,P,94.08,94.08
24/09/2024,10:00,[09:45-10:00[,S,F,F,C,P,94.08,94.08
24/09/2024,10:15,[10:00-10:15[,S,F,F,C,P,79.49,79.49
24/09/2024,10:30,[10:15-10:30[,S,F,F,C,P,79.49,79.49
24/09/2024,10:45,[10:30-10:45[,S,F,F,P,P,79.49,79.49
24/09/2024,11:00,[10:45-11:00[,S,F,F,P,P,79.49,79.49
24/09/2024,11:15,[11:00-11:15[,S,F,F,P,P,64.96,64.96
24/09/2024,11:30,[11:15-11:30[,S,F,F,P,P,64.96,64.96
24/09/2024,11:45,[11:30-11:45[,S,F,F,P,P,64.96,64.96
24/09/2024,12:00,[11:45-12:00[,S,F,F,P,P,64.96,64.96
24/09/2024,12:15,[12:00-12:15[,S,F,F,P,P,59.77,59.77
24/09/2024,12:30,[12:15-12:30[,S,F,F,P,C,59.77,59.77
24/09/2024,12:45,[12:30-12:45[,S,F,F,P,C,59.77,59.77
24/09/2024,13:00,[12:45-13:00[,S,F,F,P,C,59.77,59.77
24/09/2024,13:15,[13:00-13:15[,S,F,F,C,C,57.31,57.31
24/09/2024,13:30,[13:15-13:30[,S,F,F,C,C,57.31,57.31
24/09/2024,13:45,[13:30-13:45[,S,F,F,C,C,57.31,57.31
24/09/2024,14:00,[13:45-14:00[,S,F,F,C,C,57.31,57.31
24/09/2024,14:15,[14:00-14:15[,S,F,F,C,C,59.55,59.55
24/09/2024,14:30,[14:15-14:30[,S,F,F,C,C,59.55,59.55
24/09/2024,14:45,[14:30-14:45[,S,F,F,C,C,59.55,59.55
24/09/2024,15:00,[14:45-15:00[,S,F,F,C,C,59.55,59.55
24/09/2024,15:15,[15:00-15:15[,S,F,F,C,C,60.20,60.20
24/09/2024,15:30,[15:15-15:30[,S,F,F,C,C,60.20,60.20
24/09/2024,15:45,[15:30-15:45[,S,F,F,C,C,60.20,60.20
24/09/2024,16:00,[15:45-16:00[,S,F,F,C,C,60.20,60.20
24/09/2024,16:15,[16:00-16:15[,S,F,F,C,C,82.44,82.44
24/09/2024,16:30,[16:15-16:30[,S,F,F,C,C,82.44,82.44
24/09/2024,16:45,[16:30-16:45[,S,F,F,C,C,82.44,82.44
24/09/2024,17:00,[16:45-17:00[,S,F,F,C,C,82.44,82.44
24/09/2024,17:15,[17:00-17:15[,S,F,F,C,C,83.65,83.65
24/09/2024,17:30,[17:15-17:30[,S,F,F,C,C,83.65,83.65
24/09/2024,17:45,[17:30-17:45[,S,F,F,C,C,83.65,83.65
24/09/2024,18:00,[17:45-18:00[,S,F,F,C,C,83.65,83.65
24/09/2024,18:15,[18:00-18:15[,S,F,F,C,C,124.76,124.76
24/09/2024,18:30,[18:15-18:30[,S,F,F,C,C,124.76,124.76
24/09/2024,18:45,[18:30-18:45[,S,F,F,C,C,124.76,124.76
24/09/2024,19:00,[18:45-19:00[,S,F,F,C,C,124.76,124.76
24/09/2024,19:15,[19:00-19:15[,S,F,F,C,C,140.00,140.00
24/09/2024,19:30,[19:15-19:30[,S,F,F,C,C,140.00,140.00
24/09/2024,19:45,[19:30-19:45[,S,F,F,P,C,140.00,140.00
24/09/2024,20:00,[19:45-20:00[,S,F,F,P,C,140.00,140.00
24/09/2024,20:15,[20:00-20:15[,S,F,F,P,C,138.44,138.44
24/09/2024,20:30,[20:15-20:30[,S,F,F,P,C,138.44,138.44
24/09/2024,20:45,[20:30-20:45[,S,F,F,P,C,138.44,138.44
24/09/2024,21:00,[20:45-21:00[,S,F,F,P,C,138.44,138.44
24/09/2024,21:15,[21:00-21:15[,S,F,F,C,C,112.55,112.55
24/09/2024,21:30,[21:15-21:30[,S,F,F,C,C,112.55,112.55
24/09/2024,21:45,[21:30-21:45[,S,F,F,C,C,112.55,112.55
24/09/2024,22:00,[21:45-22:00[,S,F,F,C,C,112.55,112.55
24/09/2024,22:15,[22:00-22:15[,S,V,F,V,C,102.34,102.34
24/09/2024,22:30,[22:15-22:30[,S,V,F,V,C,102.34,102.34
24/09/2024,22:45,[22:30-22:45[,S,V,F,V,C,102.34,102.34
24/09/2024,23:00,[22:45-23:00[,S,V,F,V,C,102.34,102.34
24/09/2024,23:15,[23:00-23:15[,S,V,F,V,C,92.40,92.40
24/09/2024,23:30,[23:15-23:30[,S,V,F,V,C,92.40,92.40
24/09/2024,23:45,[23:30-23:45[,S,V,F,V,C,92.40,92.40
24/09/2024,23:59,[23:45-00:00[,S,V,F,V,C,92.40,92.40
25/09/2024,00:15,[00:00-00:15[,S,V,V,V,V,75.49,75.49
25/09/2024,00:30,[00:15-00:30[,S,V,V,V,V,75.49,75.49
25/09/2024,00:45,[00:30-00:45[,S,V,V,V,V,75.49,75.49
25/09/2024,01:00,[00:45-01:00[,S,V,V,V,V,75.49,75.49
25/09/2024,01:15,[01:00-01:15[,S,V,V,V,V,73.08,73.08
25/09/2024,01:30,[01:15-01:30[,S,V,V,V,V,73.08,73.08
25/09/2024,01:45,[01:30-01:45[,S,V,V,V,V,73.08,73.08
25/09/2024,02:00,[01:45-02:00[,S,V,V,V,V,73.08,73.08
25/09/2024,02:15,[02:00-02:15[,S,V,V,V,V,72.72,72.72
25/09/2024,02:30,[02:15-02:30[,S,V,V,V,V,72.72,72.72
25/09/2024,02:45,[02:30-02:45[,S,V,V,V,V,72.72,72.72
25/09/2024,03:00,[02:45-03:00[,S,V,V,V,V,72.72,72.72
25/09/2024,03:15,[03:00-03:15[,S,V,V,V,V,60.80,60.80
25/09/2024,03:30,[03:15-03:30[,S,V,V,V,V,60.80,60.80
25/09/2024,03:45,[03:30-03:45[,S,V,V,V,V,60.80,60.80
25/09/2024,04:00,[03:45-04:00[,S,V,V,V,V,60.80,60.80
25/09/2024,04:15,[04:00-04:15[,S,V,V,V,V,60.70,60.70
25/09/2024,04:30,[04:15-04:30[,S,V,V,V,V,60.70,60.70
25/09/2024,04:45,[04:30-04:45[,S,V,V,V,V,60.70,60.70
25/09/2024,05:00,[04:45-05:00[,S,V,V,V,V,60.70,60.70
25/09/2024,05:15,[05:00-05:15[,S,V,V,V,V,60.70,60.70
25/09/2024,05:30,[05:15-05:30[,S,V,V,V,V,60.70,60.70
25/09/2024,05:45,[05:30-05:45[,S,V,V,V,V,60.70,60.70
25/09/2024,06:00,[05:45-06:00[,S,V,V,V,V,60.70,60.70
25/09/2024,06:15,[06:00-06:15[,S,V,V,V,V,84.24,84.24
25/09/2024,06:30,[06:15-06:30[,S,V,V,V,V,84.24,84.24
25/09/2024,06:45,[06:30-06:45[,S,V,V,V,V,84.24,84.24
25/09/2024,07:00,[06:45-07:00[,S,V,V,V,V,84.24,84.24
25/09/2024,07:15,[07:00-07:15[,S,V,F,V,C,88.09,88.09
25/09/2024,07:30,[07:15-07:30[,S,V,F,V,C,88.09,88.09
25/09/2024,07:45,[07:30-07:45[,S,V,F,V,C,88.09,88.09
25/09/2024,08:00,[07:45-08:00[,S,V,F,V,C,88.09,88.09
25/09/2024,08:15,[08:00-08:15[,S,F,F,C,C,70.76,70.76
25/09/2024,08:30,[08:15-08:30[,S,F,F,C,C,70.76,70.76
25/09/2024,08:45,[08:30-08:45[,S,F,F,C,C,70.76,70.76
25/09/2024,09:00,[08:45-09:00[,S,F,F,C,C,70.76,70.76
25/09/2024,09:15,[09:00-09:15[,S,F,F,C,C,61.50,61.50
25/09/2024,09:30,[09:15-09:30[,S,F,F,C,P,61.50,61.50
25/09/2024,09:45,[09:30-09:45[,S,F,F,C,P,61.50,61.50
25/09/2024,10:00,[09:45-10:00[,S,F,F,C,P,61.50,61.50
25/09/2024,10:15,[10:00-10:15[,S,F,F,C,P,52.10,52.10
25/09/2024,10:30,[10:15-10:30[,S,F,F,C,P,52.10,52.10
25/09/2024,10:45,[10:30-10:45[,S,F,F,P,P,52.10,52.10
25/09/2024,11:00,[10:45-11:00[,S,F,F,P,P,52.10,52.10
25/09/2024,11:15,[11:00-11:15[,S,F,F,P,P,40.00,40.00
25/09/2024,11:30,[11:15-11:30[,S,F,F,P,P,40.00,40.00
25/09/2024,11:45,[11:30-11:45[,S,F,F,P,P,40.00,40.00
25/09/2024,12:00,[11:45-12:00[,S,F,F,P,P,40.00,40.00
25/09/2024,12:15,[12:00-12:15[,S,F,F,P,P,34.27,34.27
25/09/2024,12:30,[12:15-12:30[,S,F,F,P,C,34.27,34.27
25/09/2024,12:45,[12:30-12:45[,S,F,F,P,C,34.27,34.27
25/09/2024,13:00,[12:45-13:00[,S,F,F,P,C,34.27,34.27
25/09/2024,13:15,[13:00-13:15[,S,F,F,C,C,36.23,36.23
25/09/2024,13:30,[13:15-13:30[,S,F,F,C,C,36.23,36.23
25/09/2024,13:45,[13:30-13:45[,S,F,F,C,C,36.23,36.23
25/09/2024,14:00,[13:45-14:00[,S,F,F,C,C,36.23,36.23
25/09/2024,14:15,[14:00-14:15[,S,F,F,C,C,15.00,15.00
25/09/2024,14:30,[14:15-14:30[,S,F,F,C,C,15.00,15.00
25/09/2024,14:45,[14:30-14:45[,S,F,F,C,C,15.00,15.00
25/09/2024,15:00,[14:45-15:00[,S,F,F,C,C,15.00,15.00
25/09/2024,15:15,[15:00-15:15[,S,F,F,C,C,14.00,14.00
25/09/2024,15:30,[15:15-15:30[,S,F,F,C,C,14.00,14.00
25/09/2024,15:45,[15:30-15:45[,S,F,F,C,C,14.00,14.00
25/09/2024,16:00,[15:45-16:00[,S,F,F,C,C,14.00,14.00
25/09/2024,16:15,[16:00-16:15[,S,F,F,C,C,34.23,34.23
25/09/2024,16:30,[16:15-16:30[,S,F,F,C,C,34.23,34.23
25/09/2024,16:45,[16:30-16:45[,S,F,F,C,C,34.23,34.23
25/09/2024,17:00,[16:45-17:00[,S,F,F,C,C,34.23,34.23
25/09/2024,17:15,[17:00-17:15[,S,F,F,C,C,41.91,41.91
25/09/2024,17:30,[17:15-17:30[,S,F,F,C,C,41.91,41.91
25/09/2024,17:45,[17:30-17:45[,S,F,F,C,C,41.91,41.91
25/09/2024,18:00,[17:45-18:00[,S,F,F,C,C,41.91,41.91
25/09/2024,18:15,[18:00-18:15[,S,F,F,C,C,60.80,60.80
25/09/2024,18:30,[18:15-18:30[,S,F,F,C,C,60.80,60.80
25/09/2024,18:45,[18:30-18:45[,S,F,F,C,C,60.80,60.80
25/09/2024,19:00,[18:45-19:00[,S,F,F,C,C,60.80,60.80
25/09/2024,19:15,[19:00-19:15[,S,F,F,C,C,74.00,74.00
25/09/2024,19:30,[19:15-19:30[,S,F,F,C,C,74.00,74.00
25/09/2024,19:45,[19:30-19:45[,S,F,F,P,C,74.00,74.00
25/09/2024,20:00,[19:45-20:00[,S,F,F,P,C,74.00,74.00
25/09/2024,20:15,[20:00-20:15[,S,F,F,P,C,73.08,73.08
25/09/2024,20:30,[20:15-20:30[,S,F,F,P,C,73.08,73.08
25/09/2024,20:45,[20:30-20:45[,S,F,F,P,C,73.08,73.08
25/09/2024,21:00,[20:45-21:00[,S,F,F,P,C,73.08,73.08
25/09/2024,21:15,[21:00-21:15[,S,F,F,C,C,57.30,57.30
25/09/2024,21:30,[21:15-21:30[,S,F,F,C,C,57.30,57.30
25/09/2024,21:45,[21:30-21:45[,S,F,F,C,C,57.30,57.30
25/09/2024,22:00,[21:45-22:00[,S,F,F,C,C,57.30,57.30
25/09/2024,22:15,[22:00-22:15[,S,V,F,V,C,40.00,40.00
25/09/2024,22:30,[22:15-22:30[,S,V,F,V,C,40.00,40.00
25/09/2024,22:45,[22:30-22:45[,S,V,F,V,C,40.00,40.00
25/09/2024,23:00,[22:45-23:00[,S,V,F,V,C,40.00,40.00
25/09/2024,23:15,[23:00-23:15[,S,V,F,V,C,20.30,20.30
25/09/2024,23:30,[23:15-23:30[,S,V,F,V,C,20.30,20.30
25/09/2024,23:45,[23:30-23:45[,S,V,F,V,C,20.30,20.30
25/09/2024,23:59,[23:45-00:00[,S,V,F,V,C,20.30,20.30
26/09/2024,00:15,[00:00-00:15[,S,V,V,V,V,6.99,6.99
26/09/2024,00:30,[00:15-00:30[,S,V,V,V,V,6.99,6.99
26/09/2024,00:45,[00:30-00:45[,S,V,V,V,V,6.99,6.99
26/09/2024,01:00,[00:45-01:00[,S,V,V,V,V,6.99,6.99
26/09/2024,01:15,[01:00-01:15[,S,V,V,V,V,10.29,10.29
26/09/2024,01:30,[01:15-01:30[,S,V,V,V,V,10.29,10.29
26/09/2024,01:45,[01:30-01:45[,S,V,V,V,V,10.29,10.29
26/09/2024,02:00,[01:45-02:00[,S,V,V,V,V,10.29,10.29
26/09/2024,02:15,[02:00-02:15[,S,V,V,V,V,4.92,4.92
26/09/2024,02:30,[02:15-02:30[,S,V,V,V,V,4.92,4.92
26/09/2024,02:45,[02:30-02:45[,S,V,V,V,V,4.92,4.92
26/09/2024,03:00,[02:45-03:00[,S,V,V,V,V,4.92,4.92
26/09/2024,03:15,[03:00-03:15[,S,V,V,V,V,3.32,3.32
26/09/2024,03:30,[03:15-03:30[,S,V,V,V,V,3.32,3.32
26/09/2024,03:45,[03:30-03:45[,S,V,V,V,V,3.32,3.32
26/09/2024,04:00,[03:45-04:00[,S,V,V,V,V,3.32,3.32
26/09/2024,04:15,[04:00-04:15[,S,V,V,V,V,7.33,7.33
26/09/2024,04:30,[04:15-04:30[,S,V,V,V,V,7.33,7.33
26/09/2024,04:45,[04:30-04:45[,S,V,V,V,V,7.33,7.33
26/09/2024,05:00,[04:45-05:00[,S,V,V,V,V,7.33,7.33
26/09/2024,05:15,[05:00-05:15[,S,V,V,V,V,33.83,33.83
26/09/2024,05:30,[05:15-05:30[,S,V,V,V,V,33.83,33.83
26/09/2024,05:45,[05:30-05:45[,S,V,V,V,V,33.83,33.83
26/09/2024,06:00,[05:45-06:00[,S,V,V,V,V,33.83,33.83
26/09/2024,06:15,[06:00-06:15[,S,V,V,V,V,58.27,58.27
26/09/2024,06:30,[06:15-06:30[,S,V,V,V,V,58.27,58.27
26/09/2024,06:45,[06:30-06:45[,S,V,V,V,V,58.27,58.27
26/09/2024,07:00,[06:45-07:00[,S,V,V,V,V,58.27,58.27
26/09/2024,07:15,[07:00-07:15[,S,V,F,V,C,65.00,65.00
26/09/2024,07:30,[07:15-07:30[,S,V,F,V,C,65.00,65.00
26/09/2024,07:45,[07:30-07:45[,S,V,F,V,C,65.00,65.00
26/09/2024,08:00,[07:45-08:00[,S,V,F,V,C,65.00,65.00
26/09/2024,08:15,[08:00-08:15[,S,F,F,C,C,53.52,53.52
26/09/2024,08:30,[08:15-08:30[,S,F,F,C,C,53.52,53.52
26/09/2024,08:45,[08:30-08:45[,S,F,F,C,C,53.52,53.52
26/09/2024,09:00,[08:45-09:00[,S,F,F,C,C,53.52,53.52
26/09/2024,09:15,[09:00-09:15[,S,F,F,C,C,3.60,3.60
26/09/2024,09:30,[09:15-09:30[,S,F,F,C,P,3.60,3.60
26/09/2024,09:45,[09:30-09:45[,S,F,F,C,P,3.60,3.60
26/09/2024,10:00,[09:45-10:00[,S,F,F,C,P,3.60,3.60
26/09/2024,10:15,[10:00-10:15[,S,F,F,C,P,0.46,0.46
26/09/2024,10:30,[10:15-10:30[,S,F,F,C,P,0.46,0.46
26/09/2024,10:45,[10:30-10:45[,S,F,F,P,P,0.46,0.46
26/09/2024,11:00,[10:45-11:00[,S,F,F,P,P,0.46,0.46
26/09/2024,11:15,[11:00-11:15[,S,F,F,P,P,0.00,0.00
26/09/2024,11:30,[11:15-11:30[,S,F,F,P,P,0.00,0.00
26/09/2024,11:45,[11:30-11:45[,S,F,F,P,P,0.00,0.00
26/09/2024,12:00,[11:45-12:00[,S,F,F,P,P,0.00,0.00
26/09/2024,12:15,[12:00-12:15[,S,F,F,P,P,0.00,0.00
26/09/2024,12:30,[12:15-12:30[,S,F,F,P,C,0.00,0.00
26/09/2024,12:45,[12:30-12:45[,S,F,F,P,C,0.00,0.00
26/09/2024,13:00,[12:45-13:00[,S,F,F,P,C,0.00,0.00
26/09/2024,13:15,[13:00-13:15[,S,F,F,C,C,0.00,0.00
26/09/2024,13:30,[13:15-13:30[,S,F,F,C,C,0.00,0.00
26/09/2024,13:45,[13:30-13:45[,S,F,F,C,C,0.00,0.00
26/09/2024,14:00,[13:45-14:00[,S,F,F,C,C,0.00,0.00
26/09/2024,14:15,[14:00-14:15[,S,F,F,C,C,0.00,0.00
26/09/2024,14:30,[14:15-14:30[,S,F,F,C,C,0.00,0.00
26/09/2024,14:45,[14:30-14:45[,S,F,F,C,C,0.00,0.00
26/09/2024,15:00,[14:45-15:00[,S,F,F,C,C,0.00,0.00
26/09/2024,15:15,[15:00-15:15[,S,F,F,C,C,0.00,0.00
26/09/2024,15:30,[15:15-15:30[,S,F,F,C,C,0.00,0.00
26/09/2024,15:45,[15:30-15:45[,S,F,F,C,C,0.00,0.00
26/09/2024,16:00,[15:45-16:00[,S,F,F,C,C,0.00,0.00
26/09/2024,16:15,[16:00-16:15[,S,F,F,C,C,2.40,2.40
26/09/2024,16:30,[16:15-16:30[,S,F,F,C,C,2.40,2.40
26/09/2024,16:45,[16:30-16:45[,S,F,F,C,C,2.40,2.40
26/09/2024,17:00,[16:45-17:00[,S,F,F,C,C,2.40,2.40
26/09/2024,17:15,[17:00-17:15[,S,F,F,C,C,11.99,11.99
26/09/2024,17:30,[17:15-17:30[,S,F,F,C,C,11.99,11.99
26/09/2024,17:45,[17:30-17:45[,S,F,F,C,C,11.99,11.99
26/09/2024,18:00,[17:45-18:00[,S,F,F,C,C,11.99,11.99
26/09/2024,18:15,[18:00-18:15[,S,F,F,C,C,55.23,55.23
26/09/2024,18:30,[18:15-18:30[,S,F,F,C,C,55.23,55.23
26/09/2024,18:45,[18:30-18:45[,S,F,F,C,C,55.23,55.23
26/09/2024,19:00,[18:45-19:00[,S,F,F,C,C,55.23,55.23
26/09/2024,19:15,[19:00-19:15[,S,F,F,C,C,65.50,65.50
26/09/2024,19:30,[19:15-19:30[,S,F,F,C,C,65.50,65.50
26/09/2024,19:45,[19:30-19:45[,S,F,F,P,C,65.50,65.50
26/09/2024,20:00,[19:45-20:00[,S,F,F,P,C,65.50,65.50
26/09/2024,20:15,[20:00-20:15[,S,F,F,P,C,72.50,72.50
26/09/2024,20:30,[20:15-20:30[,S,F,F,P,C,72.50,72.50
26/09/2024,20:45,[20:30-20:45[,S,F,F,P,C,72.50,72.50
26/09/2024,21:00,[20:45-21:00[,S,F,F,P,C,72.50,72.50
26/09/2024,21:15,[21:00-21:15[,S,F,F,C,C,54.90,54.90
26/09/2024,21:30,[21:15-21:30[,S,F,F,C,C,54.90,54.90
26/09/2024,21:45,[21:30-21:45[,S,F,F,C,C,54.90,54.90
26/09/2024,22:00,[21:45-22:00[,S,F,F,C,C,54.90,54.90
26/09/2024,22:15,[22:00-22:15[,S,V,F,V,C,49.90,49.90
26/09/2024,22:30,[22:15-22:30[,S,V,F,V,C,49.90,49.90
26/09/2024,22:45,[22:30-22:45[,S,V,F,V,C,49.90,49.90
26/09/2024,23:00,[22:45-23:00[,S,V,F,V,C,49.90,49.90
26/09/2024,23:15,[23:00-23:15[,S,V,F,V,C,40.39,7.00
26/09/2024,23:30,[23:15-23:30[,S,V,F,V,C,40.39,7.00
26/09/2024,23:45,[23:30-23:45[,S,V,F,V,C,40.39,7.00
26/09/2024,23:59,[23:45-00:00[,S,V,F,V,C,40.39,7.00
27/09/2024,00:15,[00:00-00:15[,S,V,V,V,V,30.71,3.32
27/09/2024,00:30,[00:15-00:30[,S,V,V,V,V,30.71,3.32
27/09/2024,00:45,[00:30-00:45[,S,V,V,V,V,30.71,3.32
27/09/2024,01:00,[00:45-01:00[,S,V,V,V,V,30.71,3.32
27/09/2024,01:15,[01:00-01:15[,S,V,V,V,V,30.71,3.32
27/09/2024,01:30,[01:15-01:30[,S,V,V,V,V,30.71,3.32
27/09/2024,01:45,[01:30-01:45[,S,V,V,V,V,30.71,3.32
27/09/2024,02:00,[01:45-02:00[,S,V,V,V,V,30.71,3.32
27/09/2024,02:15,[02:00-02:15[,S,V,V,V,V,30.71,3.32
27/09/2024,02:30,[02:15-02:30[,S,V,V,V,V,30.71,3.32
27/09/2024,02:45,[02:30-02:45[,S,V,V,V,V,30.71,3.32
27/09/2024,03:00,[02:45-03:00[,S,V,V,V,V,30.71,3.32
27/09/2024,03:15,[03:00-03:15[,S,V,V,V,V,3.32,3.32
27/09/2024,03:30,[03:15-03:30[,S,V,V,V,V,3.32,3.32
27/09/2024,03:45,[03:30-03:45[,S,V,V,V,V,3.32,3.32
27/09/2024,04:00,[03:45-04:00[,S,V,V,V,V,3.32,3.32
27/09/2024,04:15,[04:00-04:15[,S,V,V,V,V,3.32,3.32
27/09/2024,04:30,[04:15-04:30[,S,V,V,V,V,3.32,3.32
27/09/2024,04:45,[04:30-04:45[,S,V,V,V,V,3.32,3.32
27/09/2024,05:00,[04:45-05:00[,S,V,V,V,V,3.32,3.32
27/09/2024,05:15,[05:00-05:15[,S,V,V,V,V,5.14,5.14
27/09/2024,05:30,[05:15-05:30[,S,V,V,V,V,5.14,5.14
27/09/2024,05:45,[05:30-05:45[,S,V,V,V,V,5.14,5.14
27/09/2024,06:00,[05:45-06:00[,S,V,V,V,V,5.14,5.14
27/09/2024,06:15,[06:00-06:15[,S,V,V,V,V,45.00,45.00
27/09/2024,06:30,[06:15-06:30[,S,V,V,V,V,45.00,45.00
27/09/2024,06:45,[06:30-06:45[,S,V,V,V,V,45.00,45.00
27/09/2024,07:00,[06:45-07:00[,S,V,V,V,V,45.00,45.00
27/09/2024,07:15,[07:00-07:15[,S,V,F,V,C,52.10,52.10
27/09/2024,07:30,[07:15-07:30[,S,V,F,V,C,52.10,52.10
27/09/2024,07:45,[07:30-07:45[,S,V,F,V,C,52.10,52.10
27/09/2024,08:00,[07:45-08:00[,S,V,F,V,C,52.10,52.10
27/09/2024,08:15,[08:00-08:15[,S,F,F,C,C,10.08,10.08
27/09/2024,08:30,[08:15-08:30[,S,F,F,C,C,10.08,10.08
27/09/2024,08:45,[08:30-08:45[,S,F,F,C,C,10.08,10.08
27/09/2024,09:00,[08:45-09:00[,S,F,F,C,C,10.08,10.08
27/09/2024,09:15,[09:00-09:15[,S,F,F,C,C,0.44,0.44
27/09/2024,09:30,[09:15-09:30[,S,F,F,C,P,0.44,0.44
27/09/2024,09:45,[09:30-09:45[,S,F,F,C,P,0.44,0.44
27/09/2024,10:00,[09:45-10:00[,S,F,F,C,P,0.44,0.44
27/09/2024,10:15,[10:00-10:15[,S,F,F,C,P,0.00,0.00
27/09/2024,10:30,[10:15-10:30[,S,F,F,C,P,0.00,0.00
27/09/2024,10:45,[10:30-10:45[,S,F,F,P,P,0.00,0.00
27/09/2024,11:00,[10:45-11:00[,S,F,F,P,P,0.00,0.00
27/09/2024,11:15,[11:00-11:15[,S,F,F,P,P,0.00,-0.01
27/09/2024,11:30,[11:15-11:30[,S,F,F,P,P,0.00,-0.01
27/09/2024,11:45,[11:30-11:45[,S,F,F,P,P,0.00,-0.01
27/09/2024,12:00,[11:45-12:00[,S,F,F,P,P,0.00,-0.01
27/09/2024,12:15,[12:00-12:15[,S,F,F,P,P,0.00,-0.15
27/09/2024,12:30,[12:15-12:30[,S,F,F,P,C,0.00,-0.15
27/09/2024,12:45,[12:30-12:45[,S,F,F,P,C,0.00,-0.15
27/09/2024,13:00,[12:45-13:00[,S,F,F,P,C,0.00,-0.15
27/09/2024,13:15,[13:00-13:15[,S,F,F,C,C,0.00,-0.04
27/09/2024,13:30,[13:15-13:30[,S,F,F,C,C,0.00,-0.04
27/09/2024,13:45,[13:30-13:45[,S,F,F,C,C,0.00,-0.04
27/09/2024,14:00,[13:45-14:00[,S,F,F,C,C,0.00,-0.04
27/09/2024,14:15,[14:00-14:15[,S,F,F,C,C,0.00,-0.01
27/09/2024,14:30,[14:15-14:30[,S,F,F,C,C,0.00,-0.01
27/09/2024,14:45,[14:30-14:45[,S,F,F,C,C,0.00,-0.01
27/09/2024,15:00,[14:45-15:00[,S,F,F,C,C,0.00,-0.01
27/09/2024,15:15,[15:00-15:15[,S,F,F,C,C,0.00,0.00
27/09/2024,15:30,[15:15-15:30[,S,F,F,C,C,0.00,0.00
27/09/2024,15:45,[15:30-15:45[,S,F,F,C,C,0.00,0.00
27/09/2024,16:00,[15:45-16:00[,S,F,F,C,C,0.00,0.00
27/09/2024,16:15,[16:00-16:15[,S,F,F,C,C,0.44,0.44
27/09/2024,16:30,[16:15-16:30[,S,F,F,C,C,0.44,0.44
27/09/2024,16:45,[16:30-16:45[,S,F,F,C,C,0.44,0.44
27/09/2024,17:00,[16:45-17:00[,S,F,F,C,C,0.44,0.44
27/09/2024,17:15,[17:00-17:15[,S,F,F,C,C,34.21,34.21
27/09/2024,17:30,[17:15-17:30[,S,F,F,C,C,34.21,34.21
27/09/2024,17:45,[17:30-17:45[,S,F,F,C,C,34.21,34.21
27/09/2024,18:00,[17:45-18:00[,S,F,F,C,C,34.21,34.21
27/09/2024,18:15,[18:00-18:15[,S,F,F,C,C,69.85,69.85
27/09/2024,18:30,[18:15-18:30[,S,F,F,C,C,69.85,69.85
27/09/2024,18:45,[18:30-18:45[,S,F,F,C,C,69.85,69.85
27/09/2024,19:00,[18:45-19:00[,S,F,F,C,C,69.85,69.85
27/09/2024,19:15,[19:00-19:15[,S,F,F,C,C,98.07,98.07
27/09/2024,19:30,[19:15-19:30[,S,F,F,C,C,98.07,98.07
27/09/2024,19:45,[19:30-19:45[,S,F,F,P,C,98.07,98.07
27/09/2024,20:00,[19:45-20:00[,S,F,F,P,C,98.07,98.07
27/09/2024,20:15,[20:00-20:15[,S,F,F,P,C,109.83,109.83
27/09/2024,20:30,[20:15-20:30[,S,F,F,P,C,109.83,109.83
27/09/2024,20:45,[20:30-20:45[,S,F,F,P,C,109.83,109.83
27/09/2024,21:00,[20:45-21:00[,S,F,F,P,C,109.83,109.83
27/09/2024,21:15,[21:00-21:15[,S,F,F,C,C,87.00,87.00
27/09/2024,21:30,[21:15-21:30[,S,F,F,C,C,87.00,87.00
27/09/2024,21:45,[21:30-21:45[,S,F,F,C,C,87.00,87.00
27/09/2024,22:00,[21:45-22:00[,S,F,F,C,C,87.00,87.00
27/09/2024,22:15,[22:00-22:15[,S,V,F,V,C,79.00,79.00
27/09/2024,22:30,[22:15-22:30[,S,V,F,V,C,79.00,79.00
27/09/2024,22:45,[22:30-22:45[,S,V,F,V,C,79.00,79.00
27/09/2024,23:00,[22:45-23:00[,S,V,F,V,C,79.00,79.00
27/09/2024,23:15,[23:00-23:15[,S,V,F,V,C,86.04,86.04
27/09/2024,23:30,[23:15-23:30[,S,V,F,V,C,86.04,86.04
27/09/2024,23:45,[23:30-23:45[,S,V,F,V,C,86.04,86.04
27/09/2024,23:59,[23:45-00:00[,S,V,F,V,C,86.04,86.04
28/09/2024,00:15,[00:00-00:15[,S,V,V,V,V,75.10,75.10
28/09/2024,00:30,[00:15-00:30[,S,V,V,V,V,75.10,75.10
28/09/2024,00:45,[00:30-00:45[,S,V,V,V,V,75.10,75.10
28/09/2024,01:00,[00:45-01:00[,S,V,V,V,V,75.10,75.10
28/09/2024,01:15,[01:00-01:15[,S,V,V,V,V,54.00,54.00
28/09/2024,01:30,[01:15-01:30[,S,V,V,V,V,54.00,54.00
28/09/2024,01:45,[01:30-01:45[,S,V,V,V,V,54.00,54.00
28/09/2024,02:00,[01:45-02:00[,S,V,V,V,V,54.00,54.00
28/09/2024,02:15,[02:00-02:15[,S,V,V,V,V,49.00,49.00
28/09/2024,02:30,[02:15-02:30[,S,V,V,V,V,49.00,49.00
28/09/2024,02:45,[02:30-02:45[,S,V,V,V,V,49.00,49.00
28/09/2024,03:00,[02:45-03:00[,S,V,V,V,V,49.00,49.00
28/09/2024,03:15,[03:00-03:15[,S,V,V,V,V,45.00,45.00
28/09/2024,03:30,[03:15-03:30[,S,V,V,V,V,45.00,45.00
28/09/2024,03:45,[03:30-03:45[,S,V,V,V,V,45.00,45.00
28/09/2024,04:00,[03:45-04:00[,S,V,V,V,V,45.00,45.00
28/09/2024,04:15,[04:00-04:15[,S,V,V,V,V,43.77,43.77
28/09/2024,04:30,[04:15-04:30[,S,V,V,V,V,43.77,43.77
28/09/2024,04:45,[04:30-04:45[,S,V,V,V,V,43.77,43.77
28/09/2024,05:00,[04:45-05:00[,S,V,V,V,V,43.77,43.77
28/09/2024,05:15,[05:00-05:15[,S,V,V,V,V,45.00,45.00
28/09/2024,05:30,[05:15-05:30[,S,V,V,V,V,45.00,45.00
28/09/2024,05:45,[05:30-05:45[,S,V,V,V,V,45.00,45.00
28/09/2024,06:00,[05:45-06:00[,S,V,V,V,V,45.00,45.00
28/09/2024,06:15,[06:00-06:15[,S,V,V,V,V,54.18,54.18
28/09/2024,06:30,[06:15-06:30[,S,V,V,V,V,54.18,54.18
28/09/2024,06:45,[06:30-06:45[,S,V,V,V,V,54.18,54.18
28/09/2024,07:00,[06:45-07:00[,S,V,V,V,V,54.18,54.18
28/09/2024,07:15,[07:00-07:15[,S,V,V,V,V,50.00,50.00
28/09/2024,07:30,[07:15-07:30[,S,V,V,V,V,50.00,50.00
28/09/2024,07:45,[07:30-07:45[,S,V,V,V,V,50.00,50.00
28/09/2024,08:00,[07:45-08:00[,S,V,V,V,V,50.00,50.00
28/09/2024,08:15,[08:00-08:15[,S,F,V,C,V,24.17,24.17
28/09/2024,08:30,[08:15-08:30[,S,F,V,C,V,24.17,24.17
28/09/2024,08:45,[08:30-08:45[,S,F,V,C,V,24.17,24.17
28/09/2024,09:00,[08:45-09:00[,S,F,V,C,V,24.17,24.17
28/09/2024,09:15,[09:00-09:15[,S,F,F,C,C,3.60,3.60
28/09/2024,09:30,[09:15-09:30[,S,F,F,C,C,3.60,3.60
28/09/2024,09:45,[09:30-09:45[,S,F,F,C,C,3.60,3.60
28/09/2024,10:00,[09:45-10:00[,S,F,F,C,C,3.60,3.60
28/09/2024,10:15,[10:00-10:15[,S,F,F,C,C,0.00,0.00
28/09/2024,10:30,[10:15-10:30[,S,F,F,C,C,0.00,0.00
28/09/2024,10:45,[10:30-10:45[,S,F,F,P,C,0.00,0.00
28/09/2024,11:00,[10:45-11:00[,S,F,F,P,C,0.00,0.00
28/09/2024,11:15,[11:00-11:15[,S,F,F,P,C,0.00,0.00
28/09/2024,11:30,[11:15-11:30[,S,F,F,P,C,0.00,0.00
28/09/2024,11:45,[11:30-11:45[,S,F,F,P,C,0.00,0.00
28/09/2024,12:00,[11:45-12:00[,S,F,F,P,C,0.00,0.00
28/09/2024,12:15,[12:00-12:15[,S,F,F,P,C,0.00,0.00
28/09/2024,12:30,[12:15-12:30[,S,F,F,P,C,0.00,0.00
28/09/2024,12:45,[12:30-12:45[,S,F,F,P,C,0.00,0.00
28/09/2024,13:00,[12:45-13:00[,S,F,F,P,C,0.00,0.00
28/09/2024,13:15,[13:00-13:15[,S,F,F,C,C,0.00,0.00
28/09/2024,13:30,[13:15-13:30[,S,F,F,C,C,0.00,0.00
28/09/2024,13:45,[13:30-13:45[,S,F,F,C,C,0.00,0.00
28/09/2024,14:00,[13:45-14:00[,S,F,F,C,C,0.00,0.00
28/09/2024,14:15,[14:00-14:15[,S,F,V,C,V,0.01,0.00
28/09/2024,14:30,[14:15-14:30[,S,F,V,C,V,0.01,0.00
28/09/2024,14:45,[14:30-14:45[,S,F,V,C,V,0.01,0.00
28/09/2024,15:00,[14:45-15:00[,S,F,V,C,V,0.01,0.00
28/09/2024,15:15,[15:00-15:15[,S,F,V,C,V,0.00,0.00
28/09/2024,15:30,[15:15-15:30[,S,F,V,C,V,0.00,0.00
28/09/2024,15:45,[15:30-15:45[,S,F,V,C,V,0.00,0.00
28/09/2024,16:00,[15:45-16:00[,S,F,V,C,V,0.00,0.00
28/09/2024,16:15,[16:00-16:15[,S,F,V,C,V,0.44,0.44
28/09/2024,16:30,[16:15-16:30[,S,F,V,C,V,0.44,0.44
28/09/2024,16:45,[16:30-16:45[,S,F,V,C,V,0.44,0.44
28/09/2024,17:00,[16:45-17:00[,S,F,V,C,V,0.44,0.44
28/09/2024,17:15,[17:00-17:15[,S,F,V,C,V,50.24,50.24
28/09/2024,17:30,[17:15-17:30[,S,F,V,C,V,50.24,50.24
28/09/2024,17:45,[17:30-17:45[,S,F,V,C,V,50.24,50.24
28/09/2024,18:00,[17:45-18:00[,S,F,V,C,V,50.24,50.24
28/09/2024,18:15,[18:00-18:15[,S,F,V,C,V,111.23,111.23
28/09/2024,18:30,[18:15-18:30[,S,F,V,C,V,111.23,111.23
28/09/2024,18:45,[18:30-18:45[,S,F,V,C,V,111.23,111.23
28/09/2024,19:00,[18:45-19:00[,S,F,V,C,V,111.23,111.23
28/09/2024,19:15,[19:00-19:15[,S,F,V,C,V,114.29,114.29
28/09/2024,19:30,[19:15-19:30[,S,F,V,C,V,114.29,114.29
28/09/2024,19:45,[19:30-19:45[,S,F,V,P,V,114.29,114.29
28/09/2024,20:00,[19:45-20:00[,S,F,V,P,V,114.29,114.29
28/09/2024,20:15,[20:00-20:15[,S,F,F,P,C,120.11,120.11
28/09/2024,20:30,[20:15-20:30[,S,F,F,P,C,120.11,120.11
28/09/2024,20:45,[20:30-20:45[,S,F,F,P,C,120.11,120.11
28/09/2024,21:00,[20:45-21:00[,S,F,F,P,C,120.11,120.11
28/09/2024,21:15,[21:00-21:15[,S,F,F,C,C,106.00,106.00
28/09/2024,21:30,[21:15-21:30[,S,F,F,C,C,106.00,106.00
28/09/2024,21:45,[21:30-21:45[,S,F,F,C,C,106.00,106.00
28/09/2024,22:00,[21:45-22:00[,S,F,F,C,C,106.00,106.00
28/09/2024,22:15,[22:00-22:15[,S,V,V,V,V,91.25,91.25
28/09/2024,22:30,[22:15-22:30[,S,V,V,V,V,91.25,91.25
28/09/2024,22:45,[22:30-22:45[,S,V,V,V,V,91.25,91.25
28/09/2024,23:00,[22:45-23:00[,S,V,V,V,V,91.25,91.25
28/09/2024,23:15,[23:00-23:15[,S,V,V,V,V,84.99,84.99
28/09/2024,23:30,[23:15-23:30[,S,V,V,V,V,84.99,84.99
28/09/2024,23:45,[23:30-23:45[,S,V,V,V,V,84.99,84.99
28/09/2024,23:59,[23:45-00:00[,S,V,V,V,V,84.99,84.99
29/09/2024,00:15,[00:00-00:15[,S,V,V,V,V,79.49,79.49
29/09/2024,00:30,[00:15-00:30[,S,V,V,V,V,79.49,79.49
29/09/2024,00:45,[00:30-00:45[,S,V,V,V,V,79.49,79.49
29/09/2024,01:00,[00:45-01:00[,S,V,V,V,V,79.49,79.49
29/09/2024,01:15,[01:00-01:15[,S,V,V,V,V,74.90,74.90
29/09/2024,01:30,[01:15-01:30[,S,V,V,V,V,74.90,74.90
29/09/2024,01:45,[01:30-01:45[,S,V,V,V,V,74.90,74.90
29/09/2024,02:00,[01:45-02:00[,S,V,V,V,V,74.90,74.90
29/09/2024,02:15,[02:00-02:15[,S,V,V,V,V,58.36,58.36
29/09/2024,02:30,[02:15-02:30[,S,V,V,V,V,58.36,58.36
29/09/2024,02:45,[02:30-02:45[,S,V,V,V,V,58.36,58.36
29/09/2024,03:00,[02:45-03:00[,S,V,V,V,V,58.36,58.36
29/09/2024,03:15,[03:00-03:15[,S,V,V,V,V,49.20,49.20
29/09/2024,03:30,[03:15-03:30[,S,V,V,V,V,49.20,49.20
29/09/2024,03:45,[03:30-03:45[,S,V,V,V,V,49.20,49.20
29/09/2024,04:00,[03:45-04:00[,S,V,V,V,V,49.20,49.20
29/09/2024,04:15,[04:00-04:15[,S,V,V,V,V,49.20,49.20
29/09/2024,04:30,[04:15-04:30[,S,V,V,V,V,49.20,49.20
29/09/2024,04:45,[04:30-04:45[,S,V,V,V,V,49.20,49.20
29/09/2024,05:00,[04:45-05:00[,S,V,V,V,V,49.20,49.20
29/09/2024,05:15,[05:00-05:15[,S,V,V,V,V,55.00,55.00
29/09/2024,05:30,[05:15-05:30[,S,V,V,V,V,55.00,55.00
29/09/2024,05:45,[05:30-05:45[,S,V,V,V,V,55.00,55.00
29/09/2024,06:00,[05:45-06:00[,S,V,V,V,V,55.00,55.00
29/09/2024,06:15,[06:00-06:15[,S,V,V,V,V,60.66,60.66
29/09/2024,06:30,[06:15-06:30[,S,V,V,V,V,60.66,60.66
29/09/2024,06:45,[06:30-06:45[,S,V,V,V,V,60.66,60.66
29/09/2024,07:00,[06:45-07:00[,S,V,V,V,V,60.66,60.66
29/09/2024,07:15,[07:00-07:15[,S,V,V,V,V,57.94,57.94
29/09/2024,07:30,[07:15-07:30[,S,V,V,V,V,57.94,57.94
29/09/2024,07:45,[07:30-07:45[,S,V,V,V,V,57.94,57.94
29/09/2024,08:00,[07:45-08:00[,S,V,V,V,V,57.94,57.94
29/09/2024,08:15,[08:00-08:15[,S,F,V,C,V,19.90,19.90
29/09/2024,08:30,[08:15-08:30[,S,F,V,C,V,19.90,19.90
29/09/2024,08:45,[08:30-08:45[,S,F,V,C,V,19.90,19.90
29/09/2024,09:00,[08:45-09:00[,S,F,V,C,V,19.90,19.90
29/09/2024,09:15,[09:00-09:15[,S,F,V,C,V,0.00,0.00
29/09/2024,09:30,[09:15-09:30[,S,F,V,C,V,0.00,0.00
29/09/2024,09:45,[09:30-09:45[,S,F,V,C,V,0.00,0.00
29/09/2024,10:00,[09:45-10:00[,S,F,V,C,V,0.00,0.00
29/09/2024,10:15,[10:00-10:15[,S,F,V,C,V,0.00,-0.12
29/09/2024,10:30,[10:15-10:30[,S,F,V,C,V,0.00,-0.12
29/09/2024,10:45,[10:30-10:45[,S,F,V,P,V,0.00,-0.12
29/09/2024,11:00,[10:45-11:00[,S,F,V,P,V,0.00,-0.12
29/09/2024,11:15,[11:00-11:15[,S,F,V,P,V,0.13,-0.39
29/09/2024,11:30,[11:15-11:30[,S,F,V,P,V,0.13,-0.39
29/09/2024,11:45,[11:30-11:45[,S,F,V,P,V,0.13,-0.39
29/09/2024,12:00,[11:45-12:00[,S,F,V,P,V,0.13,-0.39
29/09/2024,12:15,[12:00-12:15[,S,F,V,P,V,0.25,-0.50
29/09/2024,12:30,[12:15-12:30[,S,F,V,P,V,0.25,-0.50
29/09/2024,12:45,[12:30-12:45[,S,F,V,P,V,0.25,-0.50
29/09/2024,13:00,[12:45-13:00[,S,F,V,P,V,0.25,-0.50
29/09/2024,13:15,[13:00-13:15[,S,F,V,C,V,0.00,-0.45
29/09/2024,13:30,[13:15-13:30[,S,F,V,C,V,0.00,-0.45
29/09/2024,13:45,[13:30-13:45[,S,F,V,C,V,0.00,-0.45
29/09/2024,14:00,[13:45-14:00[,S,F,V,C,V,0.00,-0.45
29/09/2024,14:15,[14:00-14:15[,S,F,V,C,V,0.00,-0.79
29/09/2024,14:30,[14:15-14:30[,S,F,V,C,V,0.00,-0.79
29/09/2024,14:45,[14:30-14:45[,S,F,V,C,V,0.00,-0.79
29/09/2024,15:00,[14:45-15:00[,S,F,V,C,V,0.00,-0.79
29/09/2024,15:15,[15:00-15:15[,S,F,V,C,V,0.00,-0.79
29/09/2024,15:30,[15:15-15:30[,S,F,V,C,V,0.00,-0.79
29/09/2024,15:45,[15:30-15:45[,S,F,V,C,V,0.00,-0.79
29/09/2024,16:00,[15:45-16:00[,S,F,V,C,V,0.00,-0.79
29/09/2024,16:15,[16:00-16:15[,S,F,V,C,V,0.00,-0.01
29/09/2024,16:30,[16:15-16:30[,S,F,V,C,V,0.00,-0.01
29/09/2024,16:45,[16:30-16:45[,S,F,V,C,V,0.00,-0.01
29/09/2024,17:00,[16:45-17:00[,S,F,V,C,V,0.00,-0.01
29/09/2024,17:15,[17:00-17:15[,S,F,V,C,V,8.60,8.60
29/09/2024,17:30,[17:15-17:30[,S,F,V,C,V,8.60,8.60
29/09/2024,17:45,[17:30-17:45[,S,F,V,C,V,8.60,8.60
29/09/2024,18:00,[17:45-18:00[,S,F,V,C,V,8.60,8.60
29/09/2024,18:15,[18:00-18:15[,S,F,V,C,V,72.34,72.34
29/09/2024,18:30,[18:15-18:30[,S,F,V,C,V,72.34,72.34
29/09/2024,18:45,[18:30-18:45[,S,F,V,C,V,72.34,72.34
29/09/2024,19:00,[18:45-19:00[,S,F,V,C,V,72.34,72.34
29/09/2024,19:15,[19:00-19:15[,S,F,V,C,V,95.00,95.00
29/09/2024,19:30,[19:15-19:30[,S,F,V,C,V,95.00,95.00
29/09/2024,19:45,[19:30-19:45[,S,F,V,P,V,95.00,95.00
29/09/2024,20:00,[19:45-20:00[,S,F,V,P,V,95.00,95.00
29/09/2024,20:15,[20:00-20:15[,S,F,V,P,V,101.89,101.89
29/09/2024,20:30,[20:15-20:30[,S,F,V,P,V,101.89,101.89
29/09/2024,20:45,[20:30-20:45[,S,F,V,P,V,101.89,101.89
29/09/2024,21:00,[20:45-21:00[,S,F,V,P,V,101.89,101.89
29/09/2024,21:15,[21:00-21:15[,S,F,V,C,V,95.98,95.98
29/09/2024,21:30,[21:15-21:30[,S,F,V,C,V,95.98,95.98
29/09/2024,21:45,[21:30-21:45[,S,F,V,C,V,95.98,95.98
29/09/2024,22:00,[21:45-22:00[,S,F,V,C,V,95.98,95.98
29/09/2024,22:15,[22:00-22:15[,S,V,V,V,V,84.99,84.99
29/09/2024,22:30,[22:15-22:30[,S,V,V,V,V,84.99,84.99
29/09/2024,22:45,[22:30-22:45[,S,V,V,V,V,84.99,84.99
29/09/2024,23:00,[22:45-23:00[,S,V,V,V,V,84.99,84.99
29/09/2024,23:15,[23:00-23:15[,S,V,V,V,V,80.35,80.35
29/09/2024,23:30,[23:15-23:30[,S,V,V,V,V,80.35,80.35
29/09/2024,23:45,[23:30-23:45[,S,V,V,V,V,80.35,80.35
29/09/2024,23:59,[23:45-00:00[,S,V,V,V,V,80.35,80.35
30/09/2024,00:15,[00:00-00:15[,S,V,V,V,V,83.00,83.00
30/09/2024,00:30,[00:15-00:30[,S,V,V,V,V,83.00,83.00
30/09/2024,00:45,[00:30-00:45[,S,V,V,V,V,83.00,83.00
30/09/2024,01:00,[00:45-01:00[,S,V,V,V,V,83.00,83.00
30/09/2024,01:15,[01:00-01:15[,S,V,V,V,V,94.40,94.40
30/09/2024,01:30,[01:15-01:30[,S,V,V,V,V,94.40,94.40
30/09/2024,01:45,[01:30-01:45[,S,V,V,V,V,94.40,94.40
30/09/2024,02:00,[01:45-02:00[,S,V,V,V,V,94.40,94.40
30/09/2024,02:15,[02:00-02:15[,S,V,V,V,V,88.00,88.00
30/09/2024,02:30,[02:15-02:30[,S,V,V,V,V,88.00,88.00
30/09/2024,02:45,[02:30-02:45[,S,V,V,V,V,88.00,88.00
30/09/2024,03:00,[02:45-03:00[,S,V,V,V,V,88.00,88.00
30/09/2024,03:15,[03:00-03:15[,S,V,V,V,V,85.00,85.00
30/09/2024,03:30,[03:15-03:30[,S,V,V,V,V,85.00,85.00
30/09/2024,03:45,[03:30-03:45[,S,V,V,V,V,85.00,85.00
30/09/2024,04:00,[03:45-04:00[,S,V,V,V,V,85.00,85.00
30/09/2024,04:15,[04:00-04:15[,S,V,V,V,V,95.98,95.98
30/09/2024,04:30,[04:15-04:30[,S,V,V,V,V,95.98,95.98
30/09/2024,04:45,[04:30-04:45[,S,V,V,V,V,95.98,95.98
30/09/2024,05:00,[04:45-05:00[,S,V,V,V,V,95.98,95.98
30/09/2024,05:15,[05:00-05:15[,S,V,V,V,V,106.00,106.00
30/09/2024,05:30,[05:15-05:30[,S,V,V,V,V,106.00,106.00
30/09/2024,05:45,[05:30-05:45[,S,V,V,V,V,106.00,106.00
30/09/2024,06:00,[05:45-06:00[,S,V,V,V,V,106.00,106.00
30/09/2024,06:15,[06:00-06:15[,S,V,V,V,V,141.94,141.94
30/09/2024,06:30,[06:15-06:30[,S,V,V,V,V,141.94,141.94
30/09/2024,06:45,[06:30-06:45[,S,V,V,V,V,141.94,141.94
30/09/2024,07:00,[06:45-07:00[,S,V,V,V,V,141.94,141.94
30/09/2024,07:15,[07:00-07:15[,S,V,F,V,C,160.10,160.10
30/09/2024,07:30,[07:15-07:30[,S,V,F,V,C,160.10,160.10
30/09/2024,07:45,[07:30-07:45[,S,V,F,V,C,160.10,160.10
30/09/2024,08:00,[07:45-08:00[,S,V,F,V,C,160.10,160.10
30/09/2024,08:15,[08:00-08:15[,S,F,F,C,C,106.00,106.00
30/09/2024,08:30,[08:15-08:30[,S,F,F,C,C,106.00,106.00
30/09/2024,08:45,[08:30-08:45[,S,F,F,C,C,106.00,106.00
30/09/2024,09:00,[08:45-09:00[,S,F,F,C,C,106.00,106.00
30/09/2024,09:15,[09:00-09:15[,S,F,F,C,C,69.14,69.14
30/09/2024,09:30,[09:15-09:30[,S,F,F,C,P,69.14,69.14
30/09/2024,09:45,[09:30-09:45[,S,F,F,C,P,69.14,69.14
30/09/2024,10:00,[09:45-10:00[,S,F,F,C,P,69.14,69.14
30/09/2024,10:15,[10:00-10:15[,S,F,F,C,P,47.77,47.77
30/09/2024,10:30,[10:15-10:30[,S,F,F,C,P,47.77,47.77
30/09/2024,10:45,[10:30-10:45[,S,F,F,P,P,47.77,47.77
30/09/2024,11:00,[10:45-11:00[,S,F,F,P,P,47.77,47.77
30/09/2024,11:15,[11:00-11:15[,S,F,F,P,P,52.98,29.21
30/09/2024,11:30,[11:15-11:30[,S,F,F,P,P,52.98,29.21
30/09/2024,11:45,[11:30-11:45[,S,F,F,P,P,52.98,29.21
30/09/2024,12:00,[11:45-12:00[,S,F,F,P,P,52.98,29.21
30/09/2024,12:15,[12:00-12:15[,S,F,F,P,P,52.98,25.20
30/09/2024,12:30,[12:15-12:30[,S,F,F,P,C,52.98,25.20
30/09/2024,12:45,[12:30-12:45[,S,F,F,P,C,52.98,25.20
30/09/2024,13:00,[12:45-13:00[,S,F,F,P,C,52.98,25.20
30/09/2024,13:15,[13:00-13:15[,S,F,F,C,C,17.60,10.00
30/09/2024,13:30,[13:15-13:30[,S,F,F,C,C,17.60,10.00
30/09/2024,13:45,[13:30-13:45[,S,F,F,C,C,17.60,10.00
30/09/2024,14:00,[13:45-14:00[,S,F,F,C,C,17.60,10.00
30/09/2024,14:15,[14:00-14:15[,S,F,F,C,C,8.06,2.40
30/09/2024,14:30,[14:15-14:30[,S,F,F,C,C,8.06,2.40
30/09/2024,14:45,[14:30-14:45[,S,F,F,C,C,8.06,2.40
30/09/2024,15:00,[14:45-15:00[,S,F,F,C,C,8.06,2.40
30/09/2024,15:15,[15:00-15:15[,S,F,F,C,C,52.98,18.20
30/09/2024,15:30,[15:15-15:30[,S,F,F,C,C,52.98,18.20
30/09/2024,15:45,[15:30-15:45[,S,F,F,C,C,52.98,18.20
30/09/2024,16:00,[15:45-16:00[,S,F,F,C,C,52.98,18.20
30/09/2024,16:15,[16:00-16:15[,S,F,F,C,C,52.98,49.54
30/09/2024,16:30,[16:15-16:30[,S,F,F,C,C,52.98,49.54
30/09/2024,16:45,[16:30-16:45[,S,F,F,C,C,52.98,49.54
30/09/2024,17:00,[16:45-17:00[,S,F,F,C,C,52.98,49.54
30/09/2024,17:15,[17:00-17:15[,S,F,F,C,C,95.74,95.74
30/09/2024,17:30,[17:15-17:30[,S,F,F,C,C,95.74,95.74
30/09/2024,17:45,[17:30-17:45[,S,F,F,C,C,95.74,95.74
30/09/2024,18:00,[17:45-18:00[,S,F,F,C,C,95.74,95.74
30/09/2024,18:15,[18:00-18:15[,S,F,F,C,C,119.72,119.72
30/09/2024,18:30,[18:15-18:30[,S,F,F,C,C,119.72,119.72
30/09/2024,18:45,[18:30-18:45[,S,F,F,C,C,119.72,119.72
30/09/2024,19:00,[18:45-19:00[,S,F,F,C,C,119.72,119.72
30/09/2024,19:15,[19:00-19:15[,S,F,F,C,C,176.21,176.21
30/09/2024,19:30,[19:15-19:30[,S,F,F,C,C,176.21,176.21
30/09/2024,19:45,[19:30-19:45[,S,F,F,P,C,176.21,176.21
30/09/2024,20:00,[19:45-20:00[,S,F,F,P,C,176.21,176.21
30/09/2024,20:15,[20:00-20:15[,S,F,F,P,C,174.50,174.50
30/09/2024,20:30,[20:15-20:30[,S,F,F,P,C,174.50,174.50
30/09/2024,20:45,[20:30-20:45[,S,F,F,P,C,174.50,174.50
30/09/2024,21:00,[20:45-21:00[,S,F,F,P,C,174.50,174.50
30/09/2024,21:15,[21:00-21:15[,S,F,F,C,C,124.44,124.44
30/09/2024,21:30,[21:15-21:30[,S,F,F,C,C,124.44,124.44
30/09/2024,21:45,[21:30-21:45[,S,F,F,C,C,124.44,124.44
30/09/2024,22:00,[21:45-22:00[,S,F,F,C,C,124.44,124.44
30/09/2024,22:15,[22:00-22:15[,S,V,F,V,C,125.45,125.45
30/09/2024,22:30,[22:15-22:30[,S,V,F,V,C,125.45,125.45
30/09/2024,22:45,[22:30-22:45[,S,V,F,V,C,125.45,125.45
30/09/2024,23:00,[22:45-23:00[,S,V,F,V,C,125.45,125.45
30/09/2024,23:15,[23:00-23:15[,S,V,F,V,C,104.00,104.00
30/09/2024,23:30,[23:15-23:30[,S,V,F,V,C,104.00,104.00
30/09/2024,23:45,[23:30-23:45[,S,V,F,V,C,104.00,104.00
30/09/2024,23:59,[23:45-00:00[,S,V,F,V,C,104.00,104.00
01/10/2024,00:15,[00:00-00:15[,S,V,V,V,V,97.68,97.68
01/10/2024,00:30,[00:15-00:30[,S,V,V,V,V,97.68,97.68
01/10/2024,00:45,[00:30-00:45[,S,V,V,V,V,97.68,97.68
01/10/2024,01:00,[00:45-01:00[,S,V,V,V,V,97.68,97.68
01/10/2024,01:15,[01:00-01:15[,S,V,V,V,V,97.68,97.68
01/10/2024,01:30,[01:15-01:30[,S,V,V,V,V,97.68,97.68
01/10/2024,01:45,[01:30-01:45[,S,V,V,V,V,97.68,97.68
01/10/2024,02:00,[01:45-02:00[,S,V,V,V,V,97.68,97.68
01/10/2024,02:15,[02:00-02:15[,S,V,V,V,V,94.86,94.86
01/10/2024,02:30,[02:15-02:30[,S,V,V,V,V,94.86,94.86
01/10/2024,02:45,[02:30-02:45[,S,V,V,V,V,94.86,94.86
01/10/2024,03:00,[02:45-03:00[,S,V,V,V,V,94.86,94.86
01/10/2024,03:15,[03:00-03:15[,S,V,V,V,V,84.01,84.01
01/10/2024,03:30,[03:15-03:30[,S,V,V,V,V,84.01,84.01
01/10/2024,03:45,[03:30-03:45[,S,V,V,V,V,84.01,84.01
01/10/2024,04:00,[03:45-04:00[,S,V,V,V,V,84.01,84.01
01/10/2024,04:15,[04:00-04:15[,S,V,V,V,V,80.35,80.35
01/10/2024,04:30,[04:15-04:30[,S,V,V,V,V,80.35,80.35
01/10/2024,04:45,[04:30-04:45[,S,V,V,V,V,80.35,80.35
01/10/2024,05:00,[04:45-05:00[,S,V,V,V,V,80.35,80.35
01/10/2024,05:15,[05:00-05:15[,S,V,V,V,V,88.13,88.13
01/10/2024,05:30,[05:15-05:30[,S,V,V,V,V,88.13,88.13
01/10/2024,05:45,[05:30-05:45[,S,V,V,V,V,88.13,88.13
01/10/2024,06:00,[05:45-06:00[,S,V,V,V,V,88.13,88.13
01/10/2024,06:15,[06:00-06:15[,S,V,V,V,V,117.04,117.04
01/10/2024,06:30,[06:15-06:30[,S,V,V,V,V,117.04,117.04
01/10/2024,06:45,[06:30-06:45[,S,V,V,V,V,117.04,117.04
01/10/2024,07:00,[06:45-07:00[,S,V,V,V,V,117.04,117.04
01/10/2024,07:15,[07:00-07:15[,S,V,F,V,C,123.81,123.81
01/10/2024,07:30,[07:15-07:30[,S,V,F,V,C,123.81,123.81
01/10/2024,07:45,[07:30-07:45[,S,V,F,V,C,123.81,123.81
01/10/2024,08:00,[07:45-08:00[,S,V,F,V,C,123.81,123.81
01/10/2024,08:15,[08:00-08:15[,S,F,F,C,C,100.00,100.00
01/10/2024,08:30,[08:15-08:30[,S,F,F,C,C,100.00,100.00
01/10/2024,08:45,[08:30-08:45[,S,F,F,C,C,100.00,100.00
01/10/2024,09:00,[08:45-09:00[,S,F,F,C,C,100.00,100.00
01/10/2024,09:15,[09:00-09:15[,S,F,F,C,C,99.54,99.54
01/10/2024,09:30,[09:15-09:30[,S,F,F,C,P,99.54,99.54
01/10/2024,09:45,[09:30-09:45[,S,F,F,C,P,99.54,99.54
01/10/2024,10:00,[09:45-10:00[,S,F,F,C,P,99.54,99.54
01/10/2024,10:15,[10:00-10:15[,S,F,F,C,P,79.49,79.49
01/10/2024,10:30,[10:15-10:30[,S,F,F,C,P,79.49,79.49
01/10/2024,10:45,[10:30-10:45[,S,F,F,P,P,79.49,79.49
01/10/2024,11:00,[10:45-11:00[,S,F,F,P,P,79.49,79.49
01/10/2024,11:15,[11:00-11:15[,S,F,F,P,P,58.48,58.48
01/10/2024,11:30,[11:15-11:30[,S,F,F,P,P,58.48,58.48
01/10/2024,11:45,[11:30-11:45[,S,F,F,P,P,58.48,58.48
01/10/2024,12:00,[11:45-12:00[,S,F,F,P,P,58.48,58.48
01/10/2024,12:15,[12:00-12:15[,S,F,F,P,P,57.73,55.41
01/10/2024,12:30,[12:15-12:30[,S,F,F,P,C,57.73,55.41
01/10/2024,12:45,[12:30-12:45[,S,F,F,P,C,57.73,55.41
01/10/2024,13:00,[12:45-13:00[,S,F,F,P,C,57.73,55.41
01/10/2024,13:15,[13:00-13:15[,S,F,F,C,C,56.28,56.28
01/10/2024,13:30,[13:15-13:30[,S,F,F,C,C,56.28,56.28
01/10/2024,13:45,[13:30-13:45[,S,F,F,C,C,56.28,56.28
01/10/2024,14:00,[13:45-14:00[,S,F,F,C,C,56.28,56.28
01/10/2024,14:15,[14:00-14:15[,S,F,F,C,C,57.98,57.98
01/10/2024,14:30,[14:15-14:30[,S,F,F,C,C,57.98,57.98
01/10/2024,14:45,[14:30-14:45[,S,F,F,C,C,57.98,57.98
01/10/2024,15:00,[14:45-15:00[,S,F,F,C,C,57.98,57.98
01/10/2024,15:15,[15:00-15:15[,S,F,F,C,C,57.73,55.90
01/10/2024,15:30,[15:15-15:30[,S,F,F,C,C,57.73,55.90
01/10/2024,15:45,[15:30-15:45[,S,F,F,C,C,57.73,55.90
01/10/2024,16:00,[15:45-16:00[,S,F,F,C,C,57.73,55.90
01/10/2024,16:15,[16:00-16:15[,S,F,F,C,C,76.14,76.14
01/10/2024,16:30,[16:15-16:30[,S,F,F,C,C,76.14,76.14
01/10/2024,16:45,[16:30-16:45[,S,F,F,C,C,76.14,76.14
01/10/2024,17:00,[16:45-17:00[,S,F,F,C,C,76.14,76.14
01/10/2024,17:15,[17:00-17:15[,S,F,F,C,C,103.57,103.57
01/10/2024,17:30,[17:15-17:30[,S,F,F,C,C,103.57,103.57
01/10/2024,17:45,[17:30-17:45[,S,F,F,C,C,103.57,103.57
01/10/2024,18:00,[17:45-18:00[,S,F,F,C,C,103.57,103.57
01/10/2024,18:15,[18:00-18:15[,S,F,F,C,C,143.44,143.44
01/10/2024,18:30,[18:15-18:30[,S,F,F,C,C,143.44,143.44
01/10/2024,18:45,[18:30-18:45[,S,F,F,C,C,143.44,143.44
01/10/2024,19:00,[18:45-19:00[,S,F,F,C,C,143.44,143.44
01/10/2024,19:15,[19:00-19:15[,S,F,F,C,C,173.81,173.81
01/10/2024,19:30,[19:15-19:30[,S,F,F,C,C,173.81,173.81
01/10/2024,19:45,[19:30-19:45[,S,F,F,P,C,173.81,173.81
01/10/2024,20:00,[19:45-20:00[,S,F,F,P,C,173.81,173.81
01/10/2024,20:15,[20:00-20:15[,S,F,F,P,C,165.98,165.98
01/10/2024,20:30,[20:15-20:30[,S,F,F,P,C,165.98,165.98
01/10/2024,20:45,[20:30-20:45[,S,F,F,P,C,165.98,165.98
01/10/2024,21:00,[20:45-21:00[,S,F,F,P,C,165.98,165.98
01/10/2024,21:15,[21:00-21:15[,S,F,F,C,C,125.45,125.45
01/10/2024,21:30,[21:15-21:30[,S,F,F,C,C,125.45,125.45
01/10/2024,21:45,[21:30-21:45[,S,F,F,C,C,125.45,125.45
01/10/2024,22:00,[21:45-22:00[,S,F,F,C,C,125.45,125.45
01/10/2024,22:15,[22:00-22:15[,S,V,F,V,C,110.60,110.60
01/10/2024,22:30,[22:15-22:30[,S,V,F,V,C,110.60,110.60
01/10/2024,22:45,[22:30-22:45[,S,V,F,V,C,110.60,110.60
01/10/2024,23:00,[22:45-23:00[,S,V,F,V,C,110.60,110.60
01/10/2024,23:15,[23:00-23:15[,S,V,F,V,C,98.02,98.02
01/10/2024,23:30,[23:15-23:30[,S,V,F,V,C,98.02,98.02
01/10/2024,23:45,[23:30-23:45[,S,V,F,V,C,98.02,98.02
01/10/2024,23:59,[23:45-00:00[,S,V,F,V,C,98.02,98.02
02/10/2024,00:15,[00:00-00:15[,S,V,V,V,V,99.00,99.00
02/10/2024,00:30,[00:15-00:30[,S,V,V,V,V,99.00,99.00
02/10/2024,00:45,[00:30-00:45[,S,V,V,V,V,99.00,99.00
02/10/2024,01:00,[00:45-01:00[,S,V,V,V,V,99.00,99.00
02/10/2024,01:15,[01:00-01:15[,S,V,V,V,V,98.02,98.02
02/10/2024,01:30,[01:15-01:30[,S,V,V,V,V,98.02,98.02
02/10/2024,01:45,[01:30-01:45[,S,V,V,V,V,98.02,98.02
02/10/2024,02:00,[01:45-02:00[,S,V,V,V,V,98.02,98.02
02/10/2024,02:15,[02:00-02:15[,S,V,V,V,V,88.66,88.66
02/10/2024,02:30,[02:15-02:30[,S,V,V,V,V,88.66,88.66
02/10/2024,02:45,[02:30-02:45[,S,V,V,V,V,88.66,88.66
02/10/2024,03:00,[02:45-03:00[,S,V,V,V,V,88.66,88.66
02/10/2024,03:15,[03:00-03:15[,S,V,V,V,V,86.43,86.43
02/10/2024,03:30,[03:15-03:30[,S,V,V,V,V,86.43,86.43
02/10/2024,03:45,[03:30-03:45[,S,V,V,V,V,86.43,86.43
02/10/2024,04:00,[03:45-04:00[,S,V,V,V,V,86.43,86.43
02/10/2024,04:15,[04:00-04:15[,S,V,V,V,V,81.59,81.59
02/10/2024,04:30,[04:15-04:30[,S,V,V,V,V,81.59,81.59
02/10/2024,04:45,[04:30-04:45[,S,V,V,V,V,81.59,81.59
02/10/2024,05:00,[04:45-05:00[,S,V,V,V,V,81.59,81.59
02/10/2024,05:15,[05:00-05:15[,S,V,V,V,V,101.60,101.60
02/10/2024,05:30,[05:15-05:30[,S,V,V,V,V,101.60,101.60
02/10/2024,05:45,[05:30-05:45[,S,V,V,V,V,101.60,101.60
02/10/2024,06:00,[05:45-06:00[,S,V,V,V,V,101.60,101.60
02/10/2024,06:15,[06:00-06:15[,S,V,V,V,V,119.48,119.48
02/10/2024,06:30,[06:15-06:30[,S,V,V,V,V,119.48,119.48
02/10/2024,06:45,[06:30-06:45[,S,V,V,V,V,119.48,119.48
02/10/2024,07:00,[06:45-07:00[,S,V,V,V,V,119.48,119.48
02/10/2024,07:15,[07:00-07:15[,S,V,F,V,C,124.24,124.24
02/10/2024,07:30,[07:15-07:30[,S,V,F,V,C,124.24,124.24
02/10/2024,07:45,[07:30-07:45[,S,V,F,V,C,124.24,124.24
02/10/2024,08:00,[07:45-08:00[,S,V,F,V,C,124.24,124.24
02/10/2024,08:15,[08:00-08:15[,S,F,F,C,C,109.25,109.25
02/10/2024,08:30,[08:15-08:30[,S,F,F,C,C,109.25,109.25
02/10/2024,08:45,[08:30-08:45[,S,F,F,C,C,109.25,109.25
02/10/2024,09:00,[08:45-09:00[,S,F,F,C,C,109.25,109.25
02/10/2024,09:15,[09:00-09:15[,S,F,F,C,C,90.22,90.22
02/10/2024,09:30,[09:15-09:30[,S,F,F,C,P,90.22,90.22
02/10/2024,09:45,[09:30-09:45[,S,F,F,C,P,90.22,90.22
02/10/2024,10:00,[09:45-10:00[,S,F,F,C,P,90.22,90.22
02/10/2024,10:15,[10:00-10:15[,S,F,F,C,P,88.66,88.66
02/10/2024,10:30,[10:15-10:30[,S,F,F,C,P,88.66,88.66
02/10/2024,10:45,[10:30-10:45[,S,F,F,P,P,88.66,88.66
02/10/2024,11:00,[10:45-11:00[,S,F,F,P,P,88.66,88.66
02/10/2024,11:15,[11:00-11:15[,S,F,F,P,P,87.26,87.26
02/10/2024,11:30,[11:15-11:30[,S,F,F,P,P,87.26,87.26
02/10/2024,11:45,[11:30-11:45[,S,F,F,P,P,87.26,87.26
02/10/2024,12:00,[11:45-12:00[,S,F,F,P,P,87.26,87.26
02/10/2024,12:15,[12:00-12:15[,S,F,F,P,P,78.38,78.38
02/10/2024,12:30,[12:15-12:30[,S,F,F,P,C,78.38,78.38
02/10/2024,12:45,[12:30-12:45[,S,F,F,P,C,78.38,78.38
02/10/2024,13:00,[12:45-13:00[,S,F,F,P,C,78.38,78.38
02/10/2024,13:15,[13:00-13:15[,S,F,F,C,C,65.00,65.00
02/10/2024,13:30,[13:15-13:30[,S,F,F,C,C,65.00,65.00
02/10/2024,13:45,[13:30-13:45[,S,F,F,C,C,65.00,65.00
02/10/2024,14:00,[13:45-14:00[,S,F,F,C,C,65.00,65.00
02/10/2024,14:15,[14:00-14:15[,S,F,F,C,C,65.00,65.00
02/10/2024,14:30,[14:15-14:30[,S,F,F,C,C,65.00,65.00
02/10/2024,14:45,[14:30-14:45[,S,F,F,C,C,65.00,65.00
02/10/2024,15:00,[14:45-15:00[,S,F,F,C,C,65.00,65.00
02/10/2024,15:15,[15:00-15:15[,S,F,F,C,C,71.50,71.50
02/10/2024,15:30,[15:15-15:30[,S,F,F,C,C,71.50,71.50
02/10/2024,15:45,[15:30-15:45[,S,F,F,C,C,71.50,71.50
02/10/2024,16:00,[15:45-16:00[,S,F,F,C,C,71.50,71.50
02/10/2024,16:15,[16:00-16:15[,S,F,F,C,C,79.44,79.44
02/10/2024,16:30,[16:15-16:30[,S,F,F,C,C,79.44,79.44
02/10/2024,16:45,[16:30-16:45[,S,F,F,C,C,79.44,79.44
02/10/2024,17:00,[16:45-17:00[,S,F,F,C,C,79.44,79.44
02/10/2024,17:15,[17:00-17:15[,S,F,F,C,C,101.84,101.84
02/10/2024,17:30,[17:15-17:30[,S,F,F,C,C,101.84,101.84
02/10/2024,17:45,[17:30-17:45[,S,F,F,C,C,101.84,101.84
02/10/2024,18:00,[17:45-18:00[,S,F,F,C,C,101.84,101.84
02/10/2024,18:15,[18:00-18:15[,S,F,F,C,C,116.86,116.86
02/10/2024,18:30,[18:15-18:30[,S,F,F,C,C,116.86,116.86
02/10/2024,18:45,[18:30-18:45[,S,F,F,C,C,116.86,116.86
02/10/2024,19:00,[18:45-19:00[,S,F,F,C,C,116.86,116.86
02/10/2024,19:15,[19:00-19:15[,S,F,F,C,C,117.25,117.25
02/10/2024,19:30,[19:15-19:30[,S,F,F,C,C,117.25,117.25
02/10/2024,19:45,[19:30-19:45[,S,F,F,P,C,117.25,117.25
02/10/2024,20:00,[19:45-20:00[,S,F,F,P,C,117.25,117.25
02/10/2024,20:15,[20:00-20:15[,S,F,F,P,C,100.00,100.00
02/10/2024,20:30,[20:15-20:30[,S,F,F,P,C,100.00,100.00
02/10/2024,20:45,[20:30-20:45[,S,F,F,P,C,100.00,100.00
02/10/2024,21:00,[20:45-21:00[,S,F,F,P,C,100.00,100.00
02/10/2024,21:15,[21:00-21:15[,S,F,F,C,C,93.55,93.55
02/10/2024,21:30,[21:15-21:30[,S,F,F,C,C,93.55,93.55
02/10/2024,21:45,[21:30-21:45[,S,F,F,C,C,93.55,93.55
02/10/2024,22:00,[21:45-22:00[,S,F,F,C,C,93.55,93.55
02/10/2024,22:15,[22:00-22:15[,S,V,F,V,C,85.00,85.00
02/10/2024,22:30,[22:15-22:30[,S,V,F,V,C,85.00,85.00
02/10/2024,22:45,[22:30-22:45[,S,V,F,V,C,85.00,85.00
02/10/2024,23:00,[22:45-23:00[,S,V,F,V,C,85.00,85.00
02/10/2024,23:15,[23:00-23:15[,S,V,F,V,C,59.36,59.36
02/10/2024,23:30,[23:15-23:30[,S,V,F,V,C,59.36,59.36
02/10/2024,23:45,[23:30-23:45[,S,V,F,V,C,59.36,59.36
02/10/2024,23:59,[23:45-00:00[,S,V,F,V,C,59.36,59.36
03/10/2024,00:15,[00:00-00:15[,S,V,V,V,V,40.00,40.00
03/10/2024,00:30,[00:15-00:30[,S,V,V,V,V,40.00,40.00
03/10/2024,00:45,[00:30-00:45[,S,V,V,V,V,40.00,40.00
03/10/2024,01:00,[00:45-01:00[,S,V,V,V,V,40.00,40.00
03/10/2024,01:15,[01:00-01:15[,S,V,V,V,V,40.00,40.00
03/10/2024,01:30,[01:15-01:30[,S,V,V,V,V,40.00,40.00
03/10/2024,01:45,[01:30-01:45[,S,V,V,V,V,40.00,40.00
03/10/2024,02:00,[01:45-02:00[,S,V,V,V,V,40.00,40.00
03/10/2024,02:15,[02:00-02:15[,S,V,V,V,V,17.80,17.80
03/10/2024,02:30,[02:15-02:30[,S,V,V,V,V,17.80,17.80
03/10/2024,02:45,[02:30-02:45[,S,V,V,V,V,17.80,17.80
03/10/2024,03:00,[02:45-03:00[,S,V,V,V,V,17.80,17.80
03/10/2024,03:15,[03:00-03:15[,S,V,V,V,V,8.00,8.00
03/10/2024,03:30,[03:15-03:30[,S,V,V,V,V,8.00,8.00
03/10/2024,03:45,[03:30-03:45[,S,V,V,V,V,8.00,8.00
03/10/2024,04:00,[03:45-04:00[,S,V,V,V,V,8.00,8.00
03/10/2024,04:15,[04:00-04:15[,S,V,V,V,V,32.57,32.57
03/10/2024,04:30,[04:15-04:30[,S,V,V,V,V,32.57,32.57
03/10/2024,04:45,[04:30-04:45[,S,V,V,V,V,32.57,32.57
03/10/2024,05:00,[04:45-05:00[,S,V,V,V,V,32.57,32.57
03/10/2024,05:15,[05:00-05:15[,S,V,V,V,V,57.17,57.17
03/10/2024,05:30,[05:15-05:30[,S,V,V,V,V,57.17,57.17
03/10/2024,05:45,[05:30-05:45[,S,V,V,V,V,57.17,57.17
03/10/2024,06:00,[05:45-06:00[,S,V,V,V,V,57.17,57.17
03/10/2024,06:15,[06:00-06:15[,S,V,V,V,V,77.63,77.63
03/10/2024,06:30,[06:15-06:30[,S,V,V,V,V,77.63,77.63
03/10/2024,06:45,[06:30-06:45[,S,V,V,V,V,77.63,77.63
03/10/2024,07:00,[06:45-07:00[,S,V,V,V,V,77.63,77.63
03/10/2024,07:15,[07:00-07:15[,S,V,F,V,C,86.74,86.74
03/10/2024,07:30,[07:15-07:30[,S,V,F,V,C,86.74,86.74
03/10/2024,07:45,[07:30-07:45[,S,V,F,V,C,86.74,86.74
03/10/2024,08:00,[07:45-08:00[,S,V,F,V,C,86.74,86.74
03/10/2024,08:15,[08:00-08:15[,S,F,F,C,C,74.61,74.61
03/10/2024,08:30,[08:15-08:30[,S,F,F,C,C,74.61,74.61
03/10/2024,08:45,[08:30-08:45[,S,F,F,C,C,74.61,74.61
03/10/2024,09:00,[08:45-09:00[,S,F,F,C,C,74.61,74.61
03/10/2024,09:15,[09:00-09:15[,S,F,F,C,C,68.80,50.10
03/10/2024,09:30,[09:15-09:30[,S,F,F,C,P,68.80,50.10
03/10/2024,09:45,[09:30-09:45[,S,F,F,C,P,68.80,50.10
03/10/2024,10:00,[09:45-10:00[,S,F,F,C,P,68.80,50.10
03/10/2024,10:15,[10:00-10:15[,S,F,F,C,P,68.38,45.00
03/10/2024,10:30,[10:15-10:30[,S,F,F,C,P,68.38,45.00
03/10/2024,10:45,[10:30-10:45[,S,F,F,P,P,68.38,45.00
03/10/2024,11:00,[10:45-11:00[,S,F,F,P,P,68.38,45.00
03/10/2024,11:15,[11:00-11:15[,S,F,F,P,P,74.61,40.00
03/10/2024,11:30,[11:15-11:30[,S,F,F,P,P,74.61,40.00
03/10/2024,11:45,[11:30-11:45[,S,F,F,P,P,74.61,40.00
03/10/2024,12:00,[11:45-12:00[,S,F,F,P,P,74.61,40.00
03/10/2024,12:15,[12:00-12:15[,S,F,F,P,P,55.08,31.67
03/10/2024,12:30,[12:15-12:30[,S,F,F,P,C,55.08,31.67
03/10/2024,12:45,[12:30-12:45[,S,F,F,P,C,55.08,31.67
03/10/2024,13:00,[12:45-13:00[,S,F,F,P,C,55.08,31.67
03/10/2024,13:15,[13:00-13:15[,S,F,F,C,C,51.20,24.47
03/10/2024,13:30,[13:15-13:30[,S,F,F,C,C,51.20,24.47
03/10/2024,13:45,[13:30-13:45[,S,F,F,C,C,51.20,24.47
03/10/2024,14:00,[13:45-14:00[,S,F,F,C,C,51.20,24.47
03/10/2024,14:15,[14:00-14:15[,S,F,F,C,C,54.40,15.10
03/10/2024,14:30,[14:15-14:30[,S,F,F,C,C,54.40,15.10
03/10/2024,14:45,[14:30-14:45[,S,F,F,C,C,54.40,15.10
03/10/2024,15:00,[14:45-15:00[,S,F,F,C,C,54.40,15.10
03/10/2024,15:15,[15:00-15:15[,S,F,F,C,C,52.74,14.00
03/10/2024,15:30,[15:15-15:30[,S,F,F,C,C,52.74,14.00
03/10/2024,15:45,[15:30-15:45[,S,F,F,C,C,52.74,14.00
03/10/2024,16:00,[15:45-16:00[,S,F,F,C,C,52.74,14.00
03/10/2024,16:15,[16:00-16:15[,S,F,F,C,C,71.63,47.88
03/10/2024,16:30,[16:15-16:30[,S,F,F,C,C,71.63,47.88
03/10/2024,16:45,[16:30-16:45[,S,F,F,C,C,71.63,47.88
03/10/2024,17:00,[16:45-17:00[,S,F,F,C,C,71.63,47.88
03/10/2024,17:15,[17:00-17:15[,S,F,F,C,C,74.61,74.61
03/10/2024,17:30,[17:15-17:30[,S,F,F,C,C,74.61,74.61
03/10/2024,17:45,[17:30-17:45[,S,F,F,C,C,74.61,74.61
03/10/2024,18:00,[17:45-18:00[,S,F,F,C,C,74.61,74.61
03/10/2024,18:15,[18:00-18:15[,S,F,F,C,C,109.52,109.52
03/10/2024,18:30,[18:15-18:30[,S,F,F,C,C,109.52,109.52
03/10/2024,18:45,[18:30-18:45[,S,F,F,C,C,109.52,109.52
03/10/2024,19:00,[18:45-19:00[,S,F,F,C,C,109.52,109.52
03/10/2024,19:15,[19:00-19:15[,S,F,F,C,C,125.00,125.00
03/10/2024,19:30,[19:15-19:30[,S,F,F,C,C,125.00,125.00
03/10/2024,19:45,[19:30-19:45[,S,F,F,P,C,125.00,125.00
03/10/2024,20:00,[19:45-20:00[,S,F,F,P,C,125.00,125.00
03/10/2024,20:15,[20:00-20:15[,S,F,F,P,C,126.98,126.98
03/10/2024,20:30,[20:15-20:30[,S,F,F,P,C,126.98,126.98
03/10/2024,20:45,[20:30-20:45[,S,F,F,P,C,126.98,126.98
03/10/2024,21:00,[20:45-21:00[,S,F,F,P,C,126.98,126.98
03/10/2024,21:15,[21:00-21:15[,S,F,F,C,C,99.99,99.99
03/10/2024,21:30,[21:15-21:30[,S,F,F,C,C,99.99,99.99
03/10/2024,21:45,[21:30-21:45[,S,F,F,C,C,99.99,99.99
03/10/2024,22:00,[21:45-22:00[,S,F,F,C,C,99.99,99.99
03/10/2024,22:15,[22:00-22:15[,S,V,F,V,C,91.88,91.88
03/10/2024,22:30,[22:15-22:30[,S,V,F,V,C,91.88,91.88
03/10/2024,22:45,[22:30-22:45[,S,V,F,V,C,91.88,91.88
03/10/2024,23:00,[22:45-23:00[,S,V,F,V,C,91.88,91.88
03/10/2024,23:15,[23:00-23:15[,S,V,F,V,C,99.00,99.00
03/10/2024,23:30,[23:15-23:30[,S,V,F,V,C,99.00,99.00
03/10/2024,23:45,[23:30-23:45[,S,V,F,V,C,99.00,99.00
03/10/2024,23:59,[23:45-00:00[,S,V,F,V,C,99.00,99.00
04/10/2024,00:15,[00:00-00:15[,S,V,V,V,V,100.20,100.20
04/10/2024,00:30,[00:15-00:30[,S,V,V,V,V,100.20,100.20
04/10/2024,00:45,[00:30-00:45[,S,V,V,V,V,100.20,100.20
04/10/2024,01:00,[00:45-01:00[,S,V,V,V,V,100.20,100.20
04/10/2024,01:15,[01:00-01:15[,S,V,V,V,V,98.02,98.02
04/10/2024,01:30,[01:15-01:30[,S,V,V,V,V,98.02,98.02
04/10/2024,01:45,[01:30-01:45[,S,V,V,V,V,98.02,98.02
04/10/2024,02:00,[01:45-02:00[,S,V,V,V,V,98.02,98.02
04/10/2024,02:15,[02:00-02:15[,S,V,V,V,V,94.80,94.80
04/10/2024,02:30,[02:15-02:30[,S,V,V,V,V,94.80,94.80
04/10/2024,02:45,[02:30-02:45[,S,V,V,V,V,94.80,94.80
04/10/2024,03:00,[02:45-03:00[,S,V,V,V,V,94.80,94.80
04/10/2024,03:15,[03:00-03:15[,S,V,V,V,V,102.68,102.68
04/10/2024,03:30,[03:15-03:30[,S,V,V,V,V,102.68,102.68
04/10/2024,03:45,[03:30-03:45[,S,V,V,V,V,102.68,102.68
04/10/2024,04:00,[03:45-04:00[,S,V,V,V,V,102.68,102.68
04/10/2024,04:15,[04:00-04:15[,S,V,V,V,V,99.54,99.54
04/10/2024,04:30,[04:15-04:30[,S,V,V,V,V,99.54,99.54
04/10/2024,04:45,[04:30-04:45[,S,V,V,V,V,99.54,99.54
04/10/2024,05:00,[04:45-05:00[,S,V,V,V,V,99.54,99.54
04/10/2024,05:15,[05:00-05:15[,S,V,V,V,V,103.00,103.00
04/10/2024,05:30,[05:15-05:30[,S,V,V,V,V,103.00,103.00
04/10/2024,05:45,[05:30-05:45[,S,V,V,V,V,103.00,103.00
04/10/2024,06:00,[05:45-06:00[,S,V,V,V,V,103.00,103.00
04/10/2024,06:15,[06:00-06:15[,S,V,V,V,V,127.79,127.79
04/10/2024,06:30,[06:15-06:30[,S,V,V,V,V,127.79,127.79
04/10/2024,06:45,[06:30-06:45[,S,V,V,V,V,127.79,127.79
04/10/2024,07:00,[06:45-07:00[,S,V,V,V,V,127.79,127.79
04/10/2024,07:15,[07:00-07:15[,S,V,F,V,C,141.37,141.37
04/10/2024,07:30,[07:15-07:30[,S,V,F,V,C,141.37,141.37
04/10/2024,07:45,[07:30-07:45[,S,V,F,V,C,141.37,141.37
04/10/2024,08:00,[07:45-08:00[,S,V,F,V,C,141.37,141.37
04/10/2024,08:15,[08:00-08:15[,S,F,F,C,C,116.57,116.57
04/10/2024,08:30,[08:15-08:30[,S,F,F,C,C,116.57,116.57
04/10/2024,08:45,[08:30-08:45[,S,F,F,C,C,116.57,116.57
04/10/2024,09:00,[08:45-09:00[,S,F,F,C,C,116.57,116.57
04/10/2024,09:15,[09:00-09:15[,S,F,F,C,C,100.11,100.11
04/10/2024,09:30,[09:15-09:30[,S,F,F,C,P,100.11,100.11
04/10/2024,09:45,[09:30-09:45[,S,F,F,C,P,100.11,100.11
04/10/2024,10:00,[09:45-10:00[,S,F,F,C,P,100.11,100.11
04/10/2024,10:15,[10:00-10:15[,S,F,F,C,P,76.39,76.39
04/10/2024,10:30,[10:15-10:30[,S,F,F,C,P,76.39,76.39
04/10/2024,10:45,[10:30-10:45[,S,F,F,P,P,76.39,76.39
04/10/2024,11:00,[10:45-11:00[,S,F,F,P,P,76.39,76.39
04/10/2024,11:15,[11:00-11:15[,S,F,F,P,P,60.20,60.20
04/10/2024,11:30,[11:15-11:30[,S,F,F,P,P,60.20,60.20
04/10/2024,11:45,[11:30-11:45[,S,F,F,P,P,60.20,60.20
04/10/2024,12:00,[11:45-12:00[,S,F,F,P,P,60.20,60.20
04/10/2024,12:15,[12:00-12:15[,S,F,F,P,P,59.30,59.30
04/10/2024,12:30,[12:15-12:30[,S,F,F,P,C,59.30,59.30
04/10/2024,12:45,[12:30-12:45[,S,F,F,P,C,59.30,59.30
04/10/2024,13:00,[12:45-13:00[,S,F,F,P,C,59.30,59.30
04/10/2024,13:15,[13:00-13:15[,S,F,F,C,C,50.00,50.00
04/10/2024,13:30,[13:15-13:30[,S,F,F,C,C,50.00,50.00
04/10/2024,13:45,[13:30-13:45[,S,F,F,C,C,50.00,50.00
04/10/2024,14:00,[13:45-14:00[,S,F,F,C,C,50.00,50.00
04/10/2024,14:15,[14:00-14:15[,S,F,F,C,C,49.10,49.10
04/10/2024,14:30,[14:15-14:30[,S,F,F,C,C,49.10,49.10
04/10/2024,14:45,[14:30-14:45[,S,F,F,C,C,49.10,49.10
04/10/2024,15:00,[14:45-15:00[,S,F,F,C,C,49.10,49.10
04/10/2024,15:15,[15:00-15:15[,S,F,F,C,C,57.88,57.88
04/10/2024,15:30,[15:15-15:30[,S,F,F,C,C,57.88,57.88
04/10/2024,15:45,[15:30-15:45[,S,F,F,C,C,57.88,57.88
04/10/2024,16:00,[15:45-16:00[,S,F,F,C,C,57.88,57.88
04/10/2024,16:15,[16:00-16:15[,S,F,F,C,C,77.42,77.42
04/10/2024,16:30,[16:15-16:30[,S,F,F,C,C,77.42,77.42
04/10/2024,16:45,[16:30-16:45[,S,F,F,C,C,77.42,77.42
04/10/2024,17:00,[16:45-17:00[,S,F,F,C,C,77.42,77.42
04/10/2024,17:15,[17:00-17:15[,S,F,F,C,C,100.20,100.20
04/10/2024,17:30,[17:15-17:30[,S,F,F,C,C,100.20,100.20
04/10/2024,17:45,[17:30-17:45[,S,F,F,C,C,100.20,100.20
04/10/2024,18:00,[17:45-18:00[,S,F,F,C,C,100.20,100.20
04/10/2024,18:15,[18:00-18:15[,S,F,F,C,C,137.24,137.24
04/10/2024,18:30,[18:15-18:30[,S,F,F,C,C,137.24,137.24
04/10/2024,18:45,[18:30-18:45[,S,F,F,C,C,137.24,137.24
04/10/2024,19:00,[18:45-19:00[,S,F,F,C,C,137.24,137.24
04/10/2024,19:15,[19:00-19:15[,S,F,F,C,C,146.03,146.03
04/10/2024,19:30,[19:15-19:30[,S,F,F,C,C,146.03,146.03
04/10/2024,19:45,[19:30-19:45[,S,F,F,P,C,146.03,146.03
04/10/2024,20:00,[19:45-20:00[,S,F,F,P,C,146.03,146.03
04/10/2024,20:15,[20:00-20:15[,S,F,F,P,C,146.41,146.41
04/10/2024,20:30,[20:15-20:30[,S,F,F,P,C,146.41,146.41
04/10/2024,20:45,[20:30-20:45[,S,F,F,P,C,146.41,146.41
04/10/2024,21:00,[20:45-21:00[,S,F,F,P,C,146.41,146.41
04/10/2024,21:15,[21:00-21:15[,S,F,F,C,C,117.17,117.17
04/10/2024,21:30,[21:15-21:30[,S,F,F,C,C,117.17,117.17
04/10/2024,21:45,[21:30-21:45[,S,F,F,C,C,117.17,117.17
04/10/2024,22:00,[21:45-22:00[,S,F,F,C,C,117.17,117.17
04/10/2024,22:15,[22:00-22:15[,S,V,F,V,C,115.00,115.00
04/10/2024,22:30,[22:15-22:30[,S,V,F,V,C,115.00,115.00
04/10/2024,22:45,[22:30-22:45[,S,V,F,V,C,115.00,115.00
04/10/2024,23:00,[22:45-23:00[,S,V,F,V,C,115.00,115.00
04/10/2024,23:15,[23:00-23:15[,S,V,F,V,C,93.10,93.10
04/10/2024,23:30,[23:15-23:30[,S,V,F,V,C,93.10,93.10
04/10/2024,23:45,[23:30-23:45[,S,V,F,V,C,93.10,93.10
04/10/2024,23:59,[23:45-00:00[,S,V,F,V,C,93.10,93.10
05/10/2024,00:15,[00:00-00:15[,S,V,V,V,V,85.98,85.98
05/10/2024,00:30,[00:15-00:30[,S,V,V,V,V,85.98,85.98
05/10/2024,00:45,[00:30-00:45[,S,V,V,V,V,85.98,85.98
05/10/2024,01:00,[00:45-01:00[,S,V,V,V,V,85.98,85.98
05/10/2024,01:15,[01:00-01:15[,S,V,V,V,V,85.50,85.50
05/10/2024,01:30,[01:15-01:30[,S,V,V,V,V,85.50,85.50
05/10/2024,01:45,[01:30-01:45[,S,V,V,V,V,85.50,85.50
05/10/2024,02:00,[01:45-02:00[,S,V,V,V,V,85.50,85.50
05/10/2024,02:15,[02:00-02:15[,S,V,V,V,V,85.50,85.50
05/10/2024,02:30,[02:15-02:30[,S,V,V,V,V,85.50,85.50
05/10/2024,02:45,[02:30-02:45[,S,V,V,V,V,85.50,85.50
05/10/2024,03:00,[02:45-03:00[,S,V,V,V,V,85.50,85.50
05/10/2024,03:15,[03:00-03:15[,S,V,V,V,V,82.47,82.47
05/10/2024,03:30,[03:15-03:30[,S,V,V,V,V,82.47,82.47
05/10/2024,03:45,[03:30-03:45[,S,V,V,V,V,82.47,82.47
05/10/2024,04:00,[03:45-04:00[,S,V,V,V,V,82.47,82.47
05/10/2024,04:15,[04:00-04:15[,S,V,V,V,V,79.82,79.82
05/10/2024,04:30,[04:15-04:30[,S,V,V,V,V,79.82,79.82
05/10/2024,04:45,[04:30-04:45[,S,V,V,V,V,79.82,79.82
05/10/2024,05:00,[04:45-05:00[,S,V,V,V,V,79.82,79.82
05/10/2024,05:15,[05:00-05:15[,S,V,V,V,V,86.20,86.20
05/10/2024,05:30,[05:15-05:30[,S,V,V,V,V,86.20,86.20
05/10/2024,05:45,[05:30-05:45[,S,V,V,V,V,86.20,86.20
05/10/2024,06:00,[05:45-06:00[,S,V,V,V,V,86.20,86.20
05/10/2024,06:15,[06:00-06:15[,S,V,V,V,V,100.40,100.40
05/10/2024,06:30,[06:15-06:30[,S,V,V,V,V,100.40,100.40
05/10/2024,06:45,[06:30-06:45[,S,V,V,V,V,100.40,100.40
05/10/2024,07:00,[06:45-07:00[,S,V,V,V,V,100.40,100.40
05/10/2024,07:15,[07:00-07:15[,S,V,V,V,V,109.38,109.38
05/10/2024,07:30,[07:15-07:30[,S,V,V,V,V,109.38,109.38
05/10/2024,07:45,[07:30-07:45[,S,V,V,V,V,109.38,109.38
05/10/2024,08:00,[07:45-08:00[,S,V,V,V,V,109.38,109.38
05/10/2024,08:15,[08:00-08:15[,S,F,V,C,V,89.02,89.02
05/10/2024,08:30,[08:15-08:30[,S,F,V,C,V,89.02,89.02
05/10/2024,08:45,[08:30-08:45[,S,F,V,C,V,89.02,89.02
05/10/2024,09:00,[08:45-09:00[,S,F,V,C,V,89.02,89.02
05/10/2024,09:15,[09:00-09:15[,S,F,F,C,C,57.00,57.00
05/10/2024,09:30,[09:15-09:30[,S,F,F,C,C,57.00,57.00
05/10/2024,09:45,[09:30-09:45[,S,F,F,C,C,57.00,57.00
05/10/2024,10:00,[09:45-10:00[,S,F,F,C,C,57.00,57.00
05/10/2024,10:15,[10:00-10:15[,S,F,F,C,C,39.99,39.99
05/10/2024,10:30,[10:15-10:30[,S,F,F,C,C,39.99,39.99
05/10/2024,10:45,[10:30-10:45[,S,F,F,P,C,39.99,39.99
05/10/2024,11:00,[10:45-11:00[,S,F,F,P,C,39.99,39.99
05/10/2024,11:15,[11:00-11:15[,S,F,F,P,C,2.00,2.00
05/10/2024,11:30,[11:15-11:30[,S,F,F,P,C,2.00,2.00
05/10/2024,11:45,[11:30-11:45[,S,F,F,P,C,2.00,2.00
05/10/2024,12:00,[11:45-12:00[,S,F,F,P,C,2.00,2.00
05/10/2024,12:15,[12:00-12:15[,S,F,F,P,C,0.01,0.01
05/10/2024,12:30,[12:15-12:30[,S,F,F,P,C,0.01,0.01
05/10/2024,12:45,[12:30-12:45[,S,F,F,P,C,0.01,0.01
05/10/2024,13:00,[12:45-13:00[,S,F,F,P,C,0.01,0.01
05/10/2024,13:15,[13:00-13:15[,S,F,F,C,C,0.00,0.00
05/10/2024,13:30,[13:15-13:30[,S,F,F,C,C,0.00,0.00
05/10/2024,13:45,[13:30-13:45[,S,F,F,C,C,0.00,0.00
05/10/2024,14:00,[13:45-14:00[,S,F,F,C,C,0.00,0.00
05/10/2024,14:15,[14:00-14:15[,S,F,V,C,V,0.00,0.00
05/10/2024,14:30,[14:15-14:30[,S,F,V,C,V,0.00,0.00
05/10/2024,14:45,[14:30-14:45[,S,F,V,C,V,0.00,0.00
05/10/2024,15:00,[14:45-15:00[,S,F,V,C,V,0.00,0.00
05/10/2024,15:15,[15:00-15:15[,S,F,V,C,V,0.00,0.00
05/10/2024,15:30,[15:15-15:30[,S,F,V,C,V,0.00,0.00
05/10/2024,15:45,[15:30-15:45[,S,F,V,C,V,0.00,0.00
05/10/2024,16:00,[15:45-16:00[,S,F,V,C,V,0.00,0.00
05/10/2024,16:15,[16:00-16:15[,S,F,V,C,V,0.44,0.44
05/10/2024,16:30,[16:15-16:30[,S,F,V,C,V,0.44,0.44
05/10/2024,16:45,[16:30-16:45[,S,F,V,C,V,0.44,0.44
05/10/2024,17:00,[16:45-17:00[,S,F,V,C,V,0.44,0.44
05/10/2024,17:15,[17:00-17:15[,S,F,V,C,V,45.00,45.00
05/10/2024,17:30,[17:15-17:30[,S,F,V,C,V,45.00,45.00
05/10/2024,17:45,[17:30-17:45[,S,F,V,C,V,45.00,45.00
05/10/2024,18:00,[17:45-18:00[,S,F,V,C,V,45.00,45.00
05/10/2024,18:15,[18:00-18:15[,S,F,V,C,V,85.23,85.23
05/10/2024,18:30,[18:15-18:30[,S,F,V,C,V,85.23,85.23
05/10/2024,18:45,[18:30-18:45[,S,F,V,C,V,85.23,85.23
05/10/2024,19:00,[18:45-19:00[,S,F,V,C,V,85.23,85.23
05/10/2024,19:15,[19:00-19:15[,S,F,V,C,V,95.18,95.18
05/10/2024,19:30,[19:15-19:30[,S,F,V,C,V,95.18,95.18
05/10/2024,19:45,[19:30-19:45[,S,F,V,P,V,95.18,95.18
05/10/2024,20:00,[19:45-20:00[,S,F,V,P,V,95.18,95.18
05/10/2024,20:15,[20:00-20:15[,S,F,F,P,C,82.47,82.47
05/10/2024,20:30,[20:15-20:30[,S,F,F,P,C,82.47,82.47
05/10/2024,20:45,[20:30-20:45[,S,F,F,P,C,82.47,82.47
05/10/2024,21:00,[20:45-21:00[,S,F,F,P,C,82.47,82.47
05/10/2024,21:15,[21:00-21:15[,S,F,F,C,C,77.80,77.80
05/10/2024,21:30,[21:15-21:30[,S,F,F,C,C,77.80,77.80
05/10/2024,21:45,[21:30-21:45[,S,F,F,C,C,77.80,77.80
05/10/2024,22:00,[21:45-22:00[,S,F,F,C,C,77.80,77.80
05/10/2024,22:15,[22:00-22:15[,S,V,V,V,V,67.00,67.00
05/10/2024,22:30,[22:15-22:30[,S,V,V,V,V,67.00,67.00
05/10/2024,22:45,[22:30-22:45[,S,V,V,V,V,67.00,67.00
05/10/2024,23:00,[22:45-23:00[,S,V,V,V,V,67.00,67.00
05/10/2024,23:15,[23:00-23:15[,S,V,V,V,V,47.40,47.40
05/10/2024,23:30,[23:15-23:30[,S,V,V,V,V,47.40,47.40
05/10/2024,23:45,[23:30-23:45[,S,V,V,V,V,47.40,47.40
05/10/2024,23:59,[23:45-00:00[,S,V,V,V,V,47.40,47.40
06/10/2024,00:15,[00:00-00:15[,S,V,V,V,V,30.83,30.83
06/10/2024,00:30,[00:15-00:30[,S,V,V,V,V,30.83,30.83
06/10/2024,00:45,[00:30-00:45[,S,V,V,V,V,30.83,30.83
06/10/2024,01:00,[00:45-01:00[,S,V,V,V,V,30.83,30.83
06/10/2024,01:15,[01:00-01:15[,S,V,V,V,V,25.00,25.00
06/10/2024,01:30,[01:15-01:30[,S,V,V,V,V,25.00,25.00
06/10/2024,01:45,[01:30-01:45[,S,V,V,V,V,25.00,25.00
06/10/2024,02:00,[01:45-02:00[,S,V,V,V,V,25.00,25.00
06/10/2024,02:15,[02:00-02:15[,S,V,V,V,V,10.39,10.39
06/10/2024,02:30,[02:15-02:30[,S,V,V,V,V,10.39,10.39
06/10/2024,02:45,[02:30-02:45[,S,V,V,V,V,10.39,10.39
06/10/2024,03:00,[02:45-03:00[,S,V,V,V,V,10.39,10.39
06/10/2024,03:15,[03:00-03:15[,S,V,V,V,V,5.00,5.00
06/10/2024,03:30,[03:15-03:30[,S,V,V,V,V,5.00,5.00
06/10/2024,03:45,[03:30-03:45[,S,V,V,V,V,5.00,5.00
06/10/2024,04:00,[03:45-04:00[,S,V,V,V,V,5.00,5.00
06/10/2024,04:15,[04:00-04:15[,S,V,V,V,V,4.69,4.69
06/10/2024,04:30,[04:15-04:30[,S,V,V,V,V,4.69,4.69
06/10/2024,04:45,[04:30-04:45[,S,V,V,V,V,4.69,4.69
06/10/2024,05:00,[04:45-05:00[,S,V,V,V,V,4.69,4.69
06/10/2024,05:15,[05:00-05:15[,S,V,V,V,V,10.39,10.39
06/10/2024,05:30,[05:15-05:30[,S,V,V,V,V,10.39,10.39
06/10/2024,05:45,[05:30-05:45[,S,V,V,V,V,10.39,10.39
06/10/2024,06:00,[05:45-06:00[,S,V,V,V,V,10.39,10.39
06/10/2024,06:15,[06:00-06:15[,S,V,V,V,V,10.39,10.39
06/10/2024,06:30,[06:15-06:30[,S,V,V,V,V,10.39,10.39
06/10/2024,06:45,[06:30-06:45[,S,V,V,V,V,10.39,10.39
06/10/2024,07:00,[06:45-07:00[,S,V,V,V,V,10.39,10.39
06/10/2024,07:15,[07:00-07:15[,S,V,V,V,V,10.39,10.39
06/10/2024,07:30,[07:15-07:30[,S,V,V,V,V,10.39,10.39
06/10/2024,07:45,[07:30-07:45[,S,V,V,V,V,10.39,10.39
06/10/2024,08:00,[07:45-08:00[,S,V,V,V,V,10.39,10.39
06/10/2024,08:15,[08:00-08:15[,S,F,V,C,V,10.39,10.39
06/10/2024,08:30,[08:15-08:30[,S,F,V,C,V,10.39,10.39
06/10/2024,08:45,[08:30-08:45[,S,F,V,C,V,10.39,10.39
06/10/2024,09:00,[08:45-09:00[,S,F,V,C,V,10.39,10.39
06/10/2024,09:15,[09:00-09:15[,S,F,V,C,V,3.32,3.32
06/10/2024,09:30,[09:15-09:30[,S,F,V,C,V,3.32,3.32
06/10/2024,09:45,[09:30-09:45[,S,F,V,C,V,3.32,3.32
06/10/2024,10:00,[09:45-10:00[,S,F,V,C,V,3.32,3.32
06/10/2024,10:15,[10:00-10:15[,S,F,V,C,V,0.01,0.01
06/10/2024,10:30,[10:15-10:30[,S,F,V,C,V,0.01,0.01
06/10/2024,10:45,[10:30-10:45[,S,F,V,P,V,0.01,0.01
06/10/2024,11:00,[10:45-11:00[,S,F,V,P,V,0.01,0.01
06/10/2024,11:15,[11:00-11:15[,S,F,V,P,V,0.00,0.00
06/10/2024,11:30,[11:15-11:30[,S,F,V,P,V,0.00,0.00
06/10/2024,11:45,[11:30-11:45[,S,F,V,P,V,0.00,0.00
06/10/2024,12:00,[11:45-12:00[,S,F,V,P,V,0.00,0.00
06/10/2024,12:15,[12:00-12:15[,S,F,V,P,V,-0.01,-0.01
06/10/2024,12:30,[12:15-12:30[,S,F,V,P,V,-0.01,-0.01
06/10/2024,12:45,[12:30-12:45[,S,F,V,P,V,-0.01,-0.01
06/10/2024,13:00,[12:45-13:00[,S,F,V,P,V,-0.01,-0.01
06/10/2024,13:15,[13:00-13:15[,S,F,V,C,V,-0.01,-0.01
06/10/2024,13:30,[13:15-13:30[,S,F,V,C,V,-0.01,-0.01
06/10/2024,13:45,[13:30-13:45[,S,F,V,C,V,-0.01,-0.01
06/10/2024,14:00,[13:45-14:00[,S,F,V,C,V,-0.01,-0.01
06/10/2024,14:15,[14:00-14:15[,S,F,V,C,V,-0.01,-0.01
06/10/2024,14:30,[14:15-14:30[,S,F,V,C,V,-0.01,-0.01
06/10/2024,14:45,[14:30-14:45[,S,F,V,C,V,-0.01,-0.01
06/10/2024,15:00,[14:45-15:00[,S,F,V,C,V,-0.01,-0.01
06/10/2024,15:15,[15:00-15:15[,S,F,V,C,V,0.00,0.00
06/10/2024,15:30,[15:15-15:30[,S,F,V,C,V,0.00,0.00
06/10/2024,15:45,[15:30-15:45[,S,F,V,C,V,0.00,0.00
06/10/2024,16:00,[15:45-16:00[,S,F,V,C,V,0.00,0.00
06/10/2024,16:15,[16:00-16:15[,S,F,V,C,V,0.44,0.44
06/10/2024,16:30,[16:15-16:30[,S,F,V,C,V,0.44,0.44
06/10/2024,16:45,[16:30-16:45[,S,F,V,C,V,0.44,0.44
06/10/2024,17:00,[16:45-17:00[,S,F,V,C,V,0.44,0.44
06/10/2024,17:15,[17:00-17:15[,S,F,V,C,V,17.76,17.76
06/10/2024,17:30,[17:15-17:30[,S,F,V,C,V,17.76,17.76
06/10/2024,17:45,[17:30-17:45[,S,F,V,C,V,17.76,17.76
06/10/2024,18:00,[17:45-18:00[,S,F,V,C,V,17.76,17.76
06/10/2024,18:15,[18:00-18:15[,S,F,V,C,V,59.03,59.03
06/10/2024,18:30,[18:15-18:30[,S,F,V,C,V,59.03,59.03
06/10/2024,18:45,[18:30-18:45[,S,F,V,C,V,59.03,59.03
06/10/2024,19:00,[18:45-19:00[,S,F,V,C,V,59.03,59.03
06/10/2024,19:15,[19:00-19:15[,S,F,V,C,V,78.05,78.05
06/10/2024,19:30,[19:15-19:30[,S,F,V,C,V,78.05,78.05
06/10/2024,19:45,[19:30-19:45[,S,F,V,P,V,78.05,78.05
06/10/2024,20:00,[19:45-20:00[,S,F,V,P,V,78.05,78.05
06/10/2024,20:15,[20:00-20:15[,S,F,V,P,V,85.23,85.23
06/10/2024,20:30,[20:15-20:30[,S,F,V,P,V,85.23,85.23
06/10/2024,20:45,[20:30-20:45[,S,F,V,P,V,85.23,85.23
06/10/2024,21:00,[20:45-21:00[,S,F,V,P,V,85.23,85.23
06/10/2024,21:15,[21:00-21:15[,S,F,V,C,V,63.50,63.50
06/10/2024,21:30,[21:15-21:30[,S,F,V,C,V,63.50,63.50
06/10/2024,21:45,[21:30-21:45[,S,F,V,C,V,63.50,63.50
06/10/2024,22:00,[21:45-22:00[,S,F,V,C,V,63.50,63.50
06/10/2024,22:15,[22:00-22:15[,S,V,V,V,V,54.90,54.90
06/10/2024,22:30,[22:15-22:30[,S,V,V,V,V,54.90,54.90
06/10/2024,22:45,[22:30-22:45[,S,V,V,V,V,54.90,54.90
06/10/2024,23:00,[22:45-23:00[,S,V,V,V,V,54.90,54.90
06/10/2024,23:15,[23:00-23:15[,S,V,V,V,V,65.08,65.08
06/10/2024,23:30,[23:15-23:30[,S,V,V,V,V,65.08,65.08
06/10/2024,23:45,[23:30-23:45[,S,V,V,V,V,65.08,65.08
06/10/2024,23:59,[23:45-00:00[,S,V,V,V,V,65.08,65.08
07/10/2024,00:15,[00:00-00:15[,S,V,V,V,V,46.34,46.34
07/10/2024,00:30,[00:15-00:30[,S,V,V,V,V,46.34,46.34
07/10/2024,00:45,[00:30-00:45[,S,V,V,V,V,46.34,46.34
07/10/2024,01:00,[00:45-01:00[,S,V,V,V,V,46.34,46.34
07/10/2024,01:15,[01:00-01:15[,S,V,V,V,V,40.00,40.00
07/10/2024,01:30,[01:15-01:30[,S,V,V,V,V,40.00,40.00
07/10/2024,01:45,[01:30-01:45[,S,V,V,V,V,40.00,40.00
07/10/2024,02:00,[01:45-02:00[,S,V,V,V,V,40.00,40.00
07/10/2024,02:15,[02:00-02:15[,S,V,V,V,V,30.10,30.10
07/10/2024,02:30,[02:15-02:30[,S,V,V,V,V,30.10,30.10
07/10/2024,02:45,[02:30-02:45[,S,V,V,V,V,30.10,30.10
07/10/2024,03:00,[02:45-03:00[,S,V,V,V,V,30.10,30.10
07/10/2024,03:15,[03:00-03:15[,S,V,V,V,V,29.97,29.97
07/10/2024,03:30,[03:15-03:30[,S,V,V,V,V,29.97,29.97
07/10/2024,03:45,[03:30-03:45[,S,V,V,V,V,29.97,29.97
07/10/2024,04:00,[03:45-04:00[,S,V,V,V,V,29.97,29.97
07/10/2024,04:15,[04:00-04:15[,S,V,V,V,V,30.10,30.10
07/10/2024,04:30,[04:15-04:30[,S,V,V,V,V,30.10,30.10
07/10/2024,04:45,[04:30-04:45[,S,V,V,V,V,30.10,30.10
07/10/2024,05:00,[04:45-05:00[,S,V,V,V,V,30.10,30.10
07/10/2024,05:15,[05:00-05:15[,S,V,V,V,V,52.02,52.02
07/10/2024,05:30,[05:15-05:30[,S,V,V,V,V,52.02,52.02
07/10/2024,05:45,[05:30-05:45[,S,V,V,V,V,52.02,52.02
07/10/2024,06:00,[05:45-06:00[,S,V,V,V,V,52.02,52.02
07/10/2024,06:15,[06:00-06:15[,S,V,V,V,V,84.50,84.50
07/10/2024,06:30,[06:15-06:30[,S,V,V,V,V,84.50,84.50
07/10/2024,06:45,[06:30-06:45[,S,V,V,V,V,84.50,84.50
07/10/2024,07:00,[06:45-07:00[,S,V,V,V,V,84.50,84.50
07/10/2024,07:15,[07:00-07:15[,S,V,F,V,C,108.32,108.32
07/10/2024,07:30,[07:15-07:30[,S,V,F,V,C,108.32,108.32
07/10/2024,07:45,[07:30-07:45[,S,V,F,V,C,108.32,108.32
07/10/2024,08:00,[07:45-08:00[,S,V,F,V,C,108.32,108.32
07/10/2024,08:15,[08:00-08:15[,S,F,F,C,C,91.75,91.75
07/10/2024,08:30,[08:15-08:30[,S,F,F,C,C,91.75,91.75
07/10/2024,08:45,[08:30-08:45[,S,F,F,C,C,91.75,91.75
07/10/2024,09:00,[08:45-09:00[,S,F,F,C,C,91.75,91.75
07/10/2024,09:15,[09:00-09:15[,S,F,F,C,C,65.98,65.98
07/10/2024,09:30,[09:15-09:30[,S,F,F,C,P,65.98,65.98
07/10/2024,09:45,[09:30-09:45[,S,F,F,C,P,65.98,65.98
07/10/2024,10:00,[09:45-10:00[,S,F,F,C,P,65.98,65.98
07/10/2024,10:15,[10:00-10:15[,S,F,F,C,P,56.01,56.01
07/10/2024,10:30,[10:15-10:30[,S,F,F,C,P,56.01,56.01
07/10/2024,10:45,[10:30-10:45[,S,F,F,P,P,56.01,56.01
07/10/2024,11:00,[10:45-11:00[,S,F,F,P,P,56.01,56.01
07/10/2024,11:15,[11:00-11:15[,S,F,F,P,P,44.71,44.71
07/10/2024,11:30,[11:15-11:30[,S,F,F,P,P,44.71,44.71
07/10/2024,11:45,[11:30-11:45[,S,F,F,P,P,44.71,44.71
07/10/2024,12:00,[11:45-12:00[,S,F,F,P,P,44.71,44.71
07/10/2024,12:15,[12:00-12:15[,S,F,F,P,P,30.10,30.10
07/10/2024,12:30,[12:15-12:30[,S,F,F,P,C,30.10,30.10
07/10/2024,12:45,[12:30-12:45[,S,F,F,P,C,30.10,30.10
07/10/2024,13:00,[12:45-13:00[,S,F,F,P,C,30.10,30.10
07/10/2024,13:15,[13:00-13:15[,S,F,F,C,C,27.08,27.08
07/10/2024,13:30,[13:15-13:30[,S,F,F,C,C,27.08,27.08
07/10/2024,13:45,[13:30-13:45[,S,F,F,C,C,27.08,27.08
07/10/2024,14:00,[13:45-14:00[,S,F,F,C,C,27.08,27.08
07/10/2024,14:15,[14:00-14:15[,S,F,F,C,C,26.83,26.83
07/10/2024,14:30,[14:15-14:30[,S,F,F,C,C,26.83,26.83
07/10/2024,14:45,[14:30-14:45[,S,F,F,C,C,26.83,26.83
07/10/2024,15:00,[14:45-15:00[,S,F,F,C,C,26.83,26.83
07/10/2024,15:15,[15:00-15:15[,S,F,F,C,C,30.25,30.25
07/10/2024,15:30,[15:15-15:30[,S,F,F,C,C,30.25,30.25
07/10/2024,15:45,[15:30-15:45[,S,F,F,C,C,30.25,30.25
07/10/2024,16:00,[15:45-16:00[,S,F,F,C,C,30.25,30.25
07/10/2024,16:15,[16:00-16:15[,S,F,F,C,C,50.24,50.24
07/10/2024,16:30,[16:15-16:30[,S,F,F,C,C,50.24,50.24
07/10/2024,16:45,[16:30-16:45[,S,F,F,C,C,50.24,50.24
07/10/2024,17:00,[16:45-17:00[,S,F,F,C,C,50.24,50.24
07/10/2024,17:15,[17:00-17:15[,S,F,F,C,C,68.00,68.00
07/10/2024,17:30,[17:15-17:30[,S,F,F,C,C,68.00,68.00
07/10/2024,17:45,[17:30-17:45[,S,F,F,C,C,68.00,68.00
07/10/2024,18:00,[17:45-18:00[,S,F,F,C,C,68.00,68.00
07/10/2024,18:15,[18:00-18:15[,S,F,F,C,C,73.61,73.61
07/10/2024,18:30,[18:15-18:30[,S,F,F,C,C,73.61,73.61
07/10/2024,18:45,[18:30-18:45[,S,F,F,C,C,73.61,73.61
07/10/2024,19:00,[18:45-19:00[,S,F,F,C,C,73.61,73.61
07/10/2024,19:15,[19:00-19:15[,S,F,F,C,C,85.01,85.01
07/10/2024,19:30,[19:15-19:30[,S,F,F,C,C,85.01,85.01
07/10/2024,19:45,[19:30-19:45[,S,F,F,P,C,85.01,85.01
07/10/2024,20:00,[19:45-20:00[,S,F,F,P,C,85.01,85.01
07/10/2024,20:15,[20:00-20:15[,S,F,F,P,C,67.73,67.73
07/10/2024,20:30,[20:15-20:30[,S,F,F,P,C,67.73,67.73
07/10/2024,20:45,[20:30-20:45[,S,F,F,P,C,67.73,67.73
07/10/2024,21:00,[20:45-21:00[,S,F,F,P,C,67.73,67.73
07/10/2024,21:15,[21:00-21:15[,S,F,F,C,C,65.80,65.80
07/10/2024,21:30,[21:15-21:30[,S,F,F,C,C,65.80,65.80
07/10/2024,21:45,[21:30-21:45[,S,F,F,C,C,65.80,65.80
07/10/2024,22:00,[21:45-22:00[,S,F,F,C,C,65.80,65.80
07/10/2024,22:15,[22:00-22:15[,S,V,F,V,C,61.39,61.39
07/10/2024,22:30,[22:15-22:30[,S,V,F,V,C,61.39,61.39
07/10/2024,22:45,[22:30-22:45[,S,V,F,V,C,61.39,61.39
07/10/2024,23:00,[22:45-23:00[,S,V,F,V,C,61.39,61.39
07/10/2024,23:15,[23:00-23:15[,S,V,F,V,C,33.10,33.10
07/10/2024,23:30,[23:15-23:30[,S,V,F,V,C,33.10,33.10
07/10/2024,23:45,[23:30-23:45[,S,V,F,V,C,33.10,33.10
07/10/2024,23:59,[23:45-00:00[,S,V,F,V,C,33.10,33.10
08/10/2024,00:15,[00:00-00:15[,S,V,V,V,V,24.35,24.35
08/10/2024,00:30,[00:15-00:30[,S,V,V,V,V,24.35,24.35
08/10/2024,00:45,[00:30-00:45[,S,V,V,V,V,24.35,24.35
08/10/2024,01:00,[00:45-01:00[,S,V,V,V,V,24.35,24.35
08/10/2024,01:15,[01:00-01:15[,S,V,V,V,V,19.57,19.57
08/10/2024,01:30,[01:15-01:30[,S,V,V,V,V,19.57,19.57
08/10/2024,01:45,[01:30-01:45[,S,V,V,V,V,19.57,19.57
08/10/2024,02:00,[01:45-02:00[,S,V,V,V,V,19.57,19.57
08/10/2024,02:15,[02:00-02:15[,S,V,V,V,V,7.00,7.00
08/10/2024,02:30,[02:15-02:30[,S,V,V,V,V,7.00,7.00
08/10/2024,02:45,[02:30-02:45[,S,V,V,V,V,7.00,7.00
08/10/2024,03:00,[02:45-03:00[,S,V,V,V,V,7.00,7.00
08/10/2024,03:15,[03:00-03:15[,S,V,V,V,V,4.90,4.90
08/10/2024,03:30,[03:15-03:30[,S,V,V,V,V,4.90,4.90
08/10/2024,03:45,[03:30-03:45[,S,V,V,V,V,4.90,4.90
08/10/2024,04:00,[03:45-04:00[,S,V,V,V,V,4.90,4.90
08/10/2024,04:15,[04:00-04:15[,S,V,V,V,V,21.54,21.54
08/10/2024,04:30,[04:15-04:30[,S,V,V,V,V,21.54,21.54
08/10/2024,04:45,[04:30-04:45[,S,V,V,V,V,21.54,21.54
08/10/2024,05:00,[04:45-05:00[,S,V,V,V,V,21.54,21.54
08/10/2024,05:15,[05:00-05:15[,S,V,V,V,V,39.58,39.58
08/10/2024,05:30,[05:15-05:30[,S,V,V,V,V,39.58,39.58
08/10/2024,05:45,[05:30-05:45[,S,V,V,V,V,39.58,39.58
08/10/2024,06:00,[05:45-06:00[,S,V,V,V,V,39.58,39.58
08/10/2024,06:15,[06:00-06:15[,S,V,V,V,V,52.98,52.98
08/10/2024,06:30,[06:15-06:30[,S,V,V,V,V,52.98,52.98
08/10/2024,06:45,[06:30-06:45[,S,V,V,V,V,52.98,52.98
08/10/2024,07:00,[06:45-07:00[,S,V,V,V,V,52.98,52.98
08/10/2024,07:15,[07:00-07:15[,S,V,F,V,C,77.71,77.71
08/10/2024,07:30,[07:15-07:30[,S,V,F,V,C,77.71,77.71
08/10/2024,07:45,[07:30-07:45[,S,V,F,V,C,77.71,77.71
08/10/2024,08:00,[07:45-08:00[,S,V,F,V,C,77.71,77.71
08/10/2024,08:15,[08:00-08:15[,S,F,F,C,C,48.38,48.38
08/10/2024,08:30,[08:15-08:30[,S,F,F,C,C,48.38,48.38
08/10/2024,08:45,[08:30-08:45[,S,F,F,C,C,48.38,48.38
08/10/2024,09:00,[08:45-09:00[,S,F,F,C,C,48.38,48.38
08/10/2024,09:15,[09:00-09:15[,S,F,F,C,C,30.10,30.10
08/10/2024,09:30,[09:15-09:30[,S,F,F,C,P,30.10,30.10
08/10/2024,09:45,[09:30-09:45[,S,F,F,C,P,30.10,30.10
08/10/2024,10:00,[09:45-10:00[,S,F,F,C,P,30.10,30.10
08/10/2024,10:15,[10:00-10:15[,S,F,F,C,P,3.32,3.32
08/10/2024,10:30,[10:15-10:30[,S,F,F,C,P,3.32,3.32
08/10/2024,10:45,[10:30-10:45[,S,F,F,P,P,3.32,3.32
08/10/2024,11:00,[10:45-11:00[,S,F,F,P,P,3.32,3.32
08/10/2024,11:15,[11:00-11:15[,S,F,F,P,P,3.32,3.32
08/10/2024,11:30,[11:15-11:30[,S,F,F,P,P,3.32,3.32
08/10/2024,11:45,[11:30-11:45[,S,F,F,P,P,3.32,3.32
08/10/2024,12:00,[11:45-12:00[,S,F,F,P,P,3.32,3.32
08/10/2024,12:15,[12:00-12:15[,S,F,F,P,P,0.97,0.97
08/10/2024,12:30,[12:15-12:30[,S,F,F,P,C,0.97,0.97
08/10/2024,12:45,[12:30-12:45[,S,F,F,P,C,0.97,0.97
08/10/2024,13:00,[12:45-13:00[,S,F,F,P,C,0.97,0.97
08/10/2024,13:15,[13:00-13:15[,S,F,F,C,C,0.01,0.01
08/10/2024,13:30,[13:15-13:30[,S,F,F,C,C,0.01,0.01
08/10/2024,13:45,[13:30-13:45[,S,F,F,C,C,0.01,0.01
08/10/2024,14:00,[13:45-14:00[,S,F,F,C,C,0.01,0.01
08/10/2024,14:15,[14:00-14:15[,S,F,F,C,C,0.00,0.00
08/10/2024,14:30,[14:15-14:30[,S,F,F,C,C,0.00,0.00
08/10/2024,14:45,[14:30-14:45[,S,F,F,C,C,0.00,0.00
08/10/2024,15:00,[14:45-15:00[,S,F,F,C,C,0.00,0.00
08/10/2024,15:15,[15:00-15:15[,S,F,F,C,C,0.51,0.51
08/10/2024,15:30,[15:15-15:30[,S,F,F,C,C,0.51,0.51
08/10/2024,15:45,[15:30-15:45[,S,F,F,C,C,0.51,0.51
08/10/2024,16:00,[15:45-16:00[,S,F,F,C,C,0.51,0.51
08/10/2024,16:15,[16:00-16:15[,S,F,F,C,C,5.00,5.00
08/10/2024,16:30,[16:15-16:30[,S,F,F,C,C,5.00,5.00
08/10/2024,16:45,[16:30-16:45[,S,F,F,C,C,5.00,5.00
08/10/2024,17:00,[16:45-17:00[,S,F,F,C,C,5.00,5.00
08/10/2024,17:15,[17:00-17:15[,S,F,F,C,C,48.38,48.38
08/10/2024,17:30,[17:15-17:30[,S,F,F,C,C,48.38,48.38
08/10/2024,17:45,[17:30-17:45[,S,F,F,C,C,48.38,48.38
08/10/2024,18:00,[17:45-18:00[,S,F,F,C,C,48.38,48.38
08/10/2024,18:15,[18:00-18:15[,S,F,F,C,C,79.90,79.90
08/10/2024,18:30,[18:15-18:30[,S,F,F,C,C,79.90,79.90
08/10/2024,18:45,[18:30-18:45[,S,F,F,C,C,79.90,79.90
08/10/2024,19:00,[18:45-19:00[,S,F,F,C,C,79.90,79.90
08/10/2024,19:15,[19:00-19:15[,S,F,F,C,C,90.00,90.00
08/10/2024,19:30,[19:15-19:30[,S,F,F,C,C,90.00,90.00
08/10/2024,19:45,[19:30-19:45[,S,F,F,P,C,90.00,90.00
08/10/2024,20:00,[19:45-20:00[,S,F,F,P,C,90.00,90.00
08/10/2024,20:15,[20:00-20:15[,S,F,F,P,C,83.19,83.19
08/10/2024,20:30,[20:15-20:30[,S,F,F,P,C,83.19,83.19
08/10/2024,20:45,[20:30-20:45[,S,F,F,P,C,83.19,83.19
08/10/2024,21:00,[20:45-21:00[,S,F,F,P,C,83.19,83.19
08/10/2024,21:15,[21:00-21:15[,S,F,F,C,C,46.08,46.08
08/10/2024,21:30,[21:15-21:30[,S,F,F,C,C,46.08,46.08
08/10/2024,21:45,[21:30-21:45[,S,F,F,C,C,46.08,46.08
08/10/2024,22:00,[21:45-22:00[,S,F,F,C,C,46.08,46.08
08/10/2024,22:15,[22:00-22:15[,S,V,F,V,C,33.10,33.10
08/10/2024,22:30,[22:15-22:30[,S,V,F,V,C,33.10,33.10
08/10/2024,22:45,[22:30-22:45[,S,V,F,V,C,33.10,33.10
08/10/2024,23:00,[22:45-23:00[,S,V,F,V,C,33.10,33.10
08/10/2024,23:15,[23:00-23:15[,S,V,F,V,C,19.86,19.86
08/10/2024,23:30,[23:15-23:30[,S,V,F,V,C,19.86,19.86
08/10/2024,23:45,[23:30-23:45[,S,V,F,V,C,19.86,19.86
08/10/2024,23:59,[23:45-00:00[,S,V,F,V,C,19.86,19.86
09/10/2024,00:15,[00:00-00:15[,S,V,V,V,V,3.60,3.60
09/10/2024,00:30,[00:15-00:30[,S,V,V,V,V,3.60,3.60
09/10/2024,00:45,[00:30-00:45[,S,V,V,V,V,3.60,3.60
09/10/2024,01:00,[00:45-01:00[,S,V,V,V,V,3.60,3.60
09/10/2024,01:15,[01:00-01:15[,S,V,V,V,V,2.00,2.00
09/10/2024,01:30,[01:15-01:30[,S,V,V,V,V,2.00,2.00
09/10/2024,01:45,[01:30-01:45[,S,V,V,V,V,2.00,2.00
09/10/2024,02:00,[01:45-02:00[,S,V,V,V,V,2.00,2.00
09/10/2024,02:15,[02:00-02:15[,S,V,V,V,V,0.98,0.98
09/10/2024,02:30,[02:15-02:30[,S,V,V,V,V,0.98,0.98
09/10/2024,02:45,[02:30-02:45[,S,V,V,V,V,0.98,0.98
09/10/2024,03:00,[02:45-03:00[,S,V,V,V,V,0.98,0.98
09/10/2024,03:15,[03:00-03:15[,S,V,V,V,V,0.98,0.98
09/10/2024,03:30,[03:15-03:30[,S,V,V,V,V,0.98,0.98
09/10/2024,03:45,[03:30-03:45[,S,V,V,V,V,0.98,0.98
09/10/2024,04:00,[03:45-04:00[,S,V,V,V,V,0.98,0.98
09/10/2024,04:15,[04:00-04:15[,S,V,V,V,V,2.00,2.00
09/10/2024,04:30,[04:15-04:30[,S,V,V,V,V,2.00,2.00
09/10/2024,04:45,[04:30-04:45[,S,V,V,V,V,2.00,2.00
09/10/2024,05:00,[04:45-05:00[,S,V,V,V,V,2.00,2.00
09/10/2024,05:15,[05:00-05:15[,S,V,V,V,V,16.98,16.98
09/10/2024,05:30,[05:15-05:30[,S,V,V,V,V,16.98,16.98
09/10/2024,05:45,[05:30-05:45[,S,V,V,V,V,16.98,16.98
09/10/2024,06:00,[05:45-06:00[,S,V,V,V,V,16.98,16.98
09/10/2024,06:15,[06:00-06:15[,S,V,V,V,V,40.00,40.00
09/10/2024,06:30,[06:15-06:30[,S,V,V,V,V,40.00,40.00
09/10/2024,06:45,[06:30-06:45[,S,V,V,V,V,40.00,40.00
09/10/2024,07:00,[06:45-07:00[,S,V,V,V,V,40.00,40.00
09/10/2024,07:15,[07:00-07:15[,S,V,F,V,C,52.80,52.80
09/10/2024,07:30,[07:15-07:30[,S,V,F,V,C,52.80,52.80
09/10/2024,07:45,[07:30-07:45[,S,V,F,V,C,52.80,52.80
09/10/2024,08:00,[07:45-08:00[,S,V,F,V,C,52.80,52.80
09/10/2024,08:15,[08:00-08:15[,S,F,F,C,C,47.59,47.59
09/10/2024,08:30,[08:15-08:30[,S,F,F,C,C,47.59,47.59
09/10/2024,08:45,[08:30-08:45[,S,F,F,C,C,47.59,47.59
09/10/2024,09:00,[08:45-09:00[,S,F,F,C,C,47.59,47.59
09/10/2024,09:15,[09:00-09:15[,S,F,F,C,C,35.06,35.06
09/10/2024,09:30,[09:15-09:30[,S,F,F,C,P,35.06,35.06
09/10/2024,09:45,[09:30-09:45[,S,F,F,C,P,35.06,35.06
09/10/2024,10:00,[09:45-10:00[,S,F,F,C,P,35.06,35.06
09/10/2024,10:15,[10:00-10:15[,S,F,F,C,P,30.30,30.30
09/10/2024,10:30,[10:15-10:30[,S,F,F,C,P,30.30,30.30
09/10/2024,10:45,[10:30-10:45[,S,F,F,P,P,30.30,30.30
09/10/2024,11:00,[10:45-11:00[,S,F,F,P,P,30.30,30.30
09/10/2024,11:15,[11:00-11:15[,S,F,F,P,P,26.50,26.50
09/10/2024,11:30,[11:15-11:30[,S,F,F,P,P,26.50,26.50
09/10/2024,11:45,[11:30-11:45[,S,F,F,P,P,26.50,26.50
09/10/2024,12:00,[11:45-12:00[,S,F,F,P,P,26.50,26.50
09/10/2024,12:15,[12:00-12:15[,S,F,F,P,P,20.33,20.33
09/10/2024,12:30,[12:15-12:30[,S,F,F,P,C,20.33,20.33
09/10/2024,12:45,[12:30-12:45[,S,F,F,P,C,20.33,20.33
09/10/2024,13:00,[12:45-13:00[,S,F,F,P,C,20.33,20.33
09/10/2024,13:15,[13:00-13:15[,S,F,F,C,C,6.00,6.00
09/10/2024,13:30,[13:15-13:30[,S,F,F,C,C,6.00,6.00
09/10/2024,13:45,[13:30-13:45[,S,F,F,C,C,6.00,6.00
09/10/2024,14:00,[13:45-14:00[,S,F,F,C,C,6.00,6.00
09/10/2024,14:15,[14:00-14:15[,S,F,F,C,C,3.32,3.32
09/10/2024,14:30,[14:15-14:30[,S,F,F,C,C,3.32,3.32
09/10/2024,14:45,[14:30-14:45[,S,F,F,C,C,3.32,3.32
09/10/2024,15:00,[14:45-15:00[,S,F,F,C,C,3.32,3.32
09/10/2024,15:15,[15:00-15:15[,S,F,F,C,C,3.32,3.32
09/10/2024,15:30,[15:15-15:30[,S,F,F,C,C,3.32,3.32
09/10/2024,15:45,[15:30-15:45[,S,F,F,C,C,3.32,3.32
09/10/2024,16:00,[15:45-16:00[,S,F,F,C,C,3.32,3.32
09/10/2024,16:15,[16:00-16:15[,S,F,F,C,C,8.75,8.75
09/10/2024,16:30,[16:15-16:30[,S,F,F,C,C,8.75,8.75
09/10/2024,16:45,[16:30-16:45[,S,F,F,C,C,8.75,8.75
09/10/2024,17:00,[16:45-17:00[,S,F,F,C,C,8.75,8.75
09/10/2024,17:15,[17:00-17:15[,S,F,F,C,C,30.30,30.30
09/10/2024,17:30,[17:15-17:30[,S,F,F,C,C,30.30,30.30
09/10/2024,17:45,[17:30-17:45[,S,F,F,C,C,30.30,30.30
09/10/2024,18:00,[17:45-18:00[,S,F,F,C,C,30.30,30.30
09/10/2024,18:15,[18:00-18:15[,S,F,F,C,C,40.00,40.00
09/10/2024,18:30,[18:15-18:30[,S,F,F,C,C,40.00,40.00
09/10/2024,18:45,[18:30-18:45[,S,F,F,C,C,40.00,40.00
09/10/2024,19:00,[18:45-19:00[,S,F,F,C,C,40.00,40.00
09/10/2024,19:15,[19:00-19:15[,S,F,F,C,C,60.80,60.80
09/10/2024,19:30,[19:15-19:30[,S,F,F,C,C,60.80,60.80
09/10/2024,19:45,[19:30-19:45[,S,F,F,P,C,60.80,60.80
09/10/2024,20:00,[19:45-20:00[,S,F,F,P,C,60.80,60.80
09/10/2024,20:15,[20:00-20:15[,S,F,F,P,C,49.08,49.08
09/10/2024,20:30,[20:15-20:30[,S,F,F,P,C,49.08,49.08
09/10/2024,20:45,[20:30-20:45[,S,F,F,P,C,49.08,49.08
09/10/2024,21:00,[20:45-21:00[,S,F,F,P,C,49.08,49.08
09/10/2024,21:15,[21:00-21:15[,S,F,F,C,C,46.69,46.69
09/10/2024,21:30,[21:15-21:30[,S,F,F,C,C,46.69,46.69
09/10/2024,21:45,[21:30-21:45[,S,F,F,C,C,46.69,46.69
09/10/2024,22:00,[21:45-22:00[,S,F,F,C,C,46.69,46.69
09/10/2024,22:15,[22:00-22:15[,S,V,F,V,C,41.13,41.13
09/10/2024,22:30,[22:15-22:30[,S,V,F,V,C,41.13,41.13
09/10/2024,22:45,[22:30-22:45[,S,V,F,V,C,41.13,41.13
09/10/2024,23:00,[22:45-23:00[,S,V,F,V,C,41.13,41.13
09/10/2024,23:15,[23:00-23:15[,S,V,F,V,C,40.08,40.08
09/10/2024,23:30,[23:15-23:30[,S,V,F,V,C,40.08,40.08
09/10/2024,23:45,[23:30-23:45[,S,V,F,V,C,40.08,40.08
09/10/2024,23:59,[23:45-00:00[,S,V,F,V,C,40.08,40.08
10/10/2024,00:15,[00:00-00:15[,S,V,V,V,V,40.00,40.00
10/10/2024,00:30,[00:15-00:30[,S,V,V,V,V,40.00,40.00
10/10/2024,00:45,[00:30-00:45[,S,V,V,V,V,40.00,40.00
10/10/2024,01:00,[00:45-01:00[,S,V,V,V,V,40.00,40.00
10/10/2024,01:15,[01:00-01:15[,S,V,V,V,V,40.00,40.00
10/10/2024,01:30,[01:15-01:30[,S,V,V,V,V,40.00,40.00
10/10/2024,01:45,[01:30-01:45[,S,V,V,V,V,40.00,40.00
10/10/2024,02:00,[01:45-02:00[,S,V,V,V,V,40.00,40.00
10/10/2024,02:15,[02:00-02:15[,S,V,V,V,V,40.00,40.00
10/10/2024,02:30,[02:15-02:30[,S,V,V,V,V,40.00,40.00
10/10/2024,02:45,[02:30-02:45[,S,V,V,V,V,40.00,40.00
10/10/2024,03:00,[02:45-03:00[,S,V,V,V,V,40.00,40.00
10/10/2024,03:15,[03:00-03:15[,S,V,V,V,V,44.00,44.00
10/10/2024,03:30,[03:15-03:30[,S,V,V,V,V,44.00,44.00
10/10/2024,03:45,[03:30-03:45[,S,V,V,V,V,44.00,44.00
10/10/2024,04:00,[03:45-04:00[,S,V,V,V,V,44.00,44.00
10/10/2024,04:15,[04:00-04:15[,S,V,V,V,V,55.01,55.01
10/10/2024,04:30,[04:15-04:30[,S,V,V,V,V,55.01,55.01
10/10/2024,04:45,[04:30-04:45[,S,V,V,V,V,55.01,55.01
10/10/2024,05:00,[04:45-05:00[,S,V,V,V,V,55.01,55.01
10/10/2024,05:15,[05:00-05:15[,S,V,V,V,V,69.00,69.00
10/10/2024,05:30,[05:15-05:30[,S,V,V,V,V,69.00,69.00
10/10/2024,05:45,[05:30-05:45[,S,V,V,V,V,69.00,69.00
10/10/2024,06:00,[05:45-06:00[,S,V,V,V,V,69.00,69.00
10/10/2024,06:15,[06:00-06:15[,S,V,V,V,V,91.48,91.48
10/10/2024,06:30,[06:15-06:30[,S,V,V,V,V,91.48,91.48
10/10/2024,06:45,[06:30-06:45[,S,V,V,V,V,91.48,91.48
10/10/2024,07:00,[06:45-07:00[,S,V,V,V,V,91.48,91.48
10/10/2024,07:15,[07:00-07:15[,S,V,F,V,C,108.80,108.80
10/10/2024,07:30,[07:15-07:30[,S,V,F,V,C,108.80,108.80
10/10/2024,07:45,[07:30-07:45[,S,V,F,V,C,108.80,108.80
10/10/2024,08:00,[07:45-08:00[,S,V,F,V,C,108.80,108.80
10/10/2024,08:15,[08:00-08:15[,S,F,F,C,C,92.00,92.00
10/10/2024,08:30,[08:15-08:30[,S,F,F,C,C,92.00,92.00
10/10/2024,08:45,[08:30-08:45[,S,F,F,C,C,92.00,92.00
10/10/2024,09:00,[08:45-09:00[,S,F,F,C,C,92.00,92.00
10/10/2024,09:15,[09:00-09:15[,S,F,F,C,C,69.00,69.00
10/10/2024,09:30,[09:15-09:30[,S,F,F,C,P,69.00,69.00
10/10/2024,09:45,[09:30-09:45[,S,F,F,C,P,69.00,69.00
10/10/2024,10:00,[09:45-10:00[,S,F,F,C,P,69.00,69.00
10/10/2024,10:15,[10:00-10:15[,S,F,F,C,P,40.29,40.29
10/10/2024,10:30,[10:15-10:30[,S,F,F,C,P,40.29,40.29
10/10/2024,10:45,[10:30-10:45[,S,F,F,P,P,40.29,40.29
10/10/2024,11:00,[10:45-11:00[,S,F,F,P,P,40.29,40.29
10/10/2024,11:15,[11:00-11:15[,S,F,F,P,P,39.83,39.83
10/10/2024,11:30,[11:15-11:30[,S,F,F,P,P,39.83,39.83
10/10/2024,11:45,[11:30-11:45[,S,F,F,P,P,39.83,39.83
10/10/2024,12:00,[11:45-12:00[,S,F,F,P,P,39.83,39.83
10/10/2024,12:15,[12:00-12:15[,S,F,F,P,P,40.08,40.08
10/10/2024,12:30,[12:15-12:30[,S,F,F,P,C,40.08,40.08
10/10/2024,12:45,[12:30-12:45[,S,F,F,P,C,40.08,40.08
10/10/2024,13:00,[12:45-13:00[,S,F,F,P,C,40.08,40.08
10/10/2024,13:15,[13:00-13:15[,S,F,F,C,C,39.83,39.83
10/10/2024,13:30,[13:15-13:30[,S,F,F,C,C,39.83,39.83
10/10/2024,13:45,[13:30-13:45[,S,F,F,C,C,39.83,39.83
10/10/2024,14:00,[13:45-14:00[,S,F,F,C,C,39.83,39.83
10/10/2024,14:15,[14:00-14:15[,S,F,F,C,C,40.50,40.50
10/10/2024,14:30,[14:15-14:30[,S,F,F,C,C,40.50,40.50
10/10/2024,14:45,[14:30-14:45[,S,F,F,C,C,40.50,40.50
10/10/2024,15:00,[14:45-15:00[,S,F,F,C,C,40.50,40.50
10/10/2024,15:15,[15:00-15:15[,S,F,F,C,C,55.26,55.26
10/10/2024,15:30,[15:15-15:30[,S,F,F,C,C,55.26,55.26
10/10/2024,15:45,[15:30-15:45[,S,F,F,C,C,55.26,55.26
10/10/2024,16:00,[15:45-16:00[,S,F,F,C,C,55.26,55.26
10/10/2024,16:15,[16:00-16:15[,S,F,F,C,C,71.78,71.78
10/10/2024,16:30,[16:15-16:30[,S,F,F,C,C,71.78,71.78
10/10/2024,16:45,[16:30-16:45[,S,F,F,C,C,71.78,71.78
10/10/2024,17:00,[16:45-17:00[,S,F,F,C,C,71.78,71.78
10/10/2024,17:15,[17:00-17:15[,S,F,F,C,C,100.00,100.00
10/10/2024,17:30,[17:15-17:30[,S,F,F,C,C,100.00,100.00
10/10/2024,17:45,[17:30-17:45[,S,F,F,C,C,100.00,100.00
10/10/2024,18:00,[17:45-18:00[,S,F,F,C,C,100.00,100.00
10/10/2024,18:15,[18:00-18:15[,S,F,F,C,C,129.22,129.22
10/10/2024,18:30,[18:15-18:30[,S,F,F,C,C,129.22,129.22
10/10/2024,18:45,[18:30-18:45[,S,F,F,C,C,129.22,129.22
10/10/2024,19:00,[18:45-19:00[,S,F,F,C,C,129.22,129.22
10/10/2024,19:15,[19:00-19:15[,S,F,F,C,C,180.00,180.00
10/10/2024,19:30,[19:15-19:30[,S,F,F,C,C,180.00,180.00
10/10/2024,19:45,[19:30-19:45[,S,F,F,P,C,180.00,180.00
10/10/2024,20:00,[19:45-20:00[,S,F,F,P,C,180.00,180.00
10/10/2024,20:15,[20:00-20:15[,S,F,F,P,C,173.40,173.40
10/10/2024,20:30,[20:15-20:30[,S,F,F,P,C,173.40,173.40
10/10/2024,20:45,[20:30-20:45[,S,F,F,P,C,173.40,173.40
10/10/2024,21:00,[20:45-21:00[,S,F,F,P,C,173.40,173.40
10/10/2024,21:15,[21:00-21:15[,S,F,F,C,C,120.00,120.00
10/10/2024,21:30,[21:15-21:30[,S,F,F,C,C,120.00,120.00
10/10/2024,21:45,[21:30-21:45[,S,F,F,C,C,120.00,120.00
10/10/2024,22:00,[21:45-22:00[,S,F,F,C,C,120.00,120.00
10/10/2024,22:15,[22:00-22:15[,S,V,F,V,C,108.80,108.80
10/10/2024,22:30,[22:15-22:30[,S,V,F,V,C,108.80,108.80
10/10/2024,22:45,[22:30-22:45[,S,V,F,V,C,108.80,108.80
10/10/2024,23:00,[22:45-23:00[,S,V,F,V,C,108.80,108.80
10/10/2024,23:15,[23:00-23:15[,S,V,F,V,C,111.03,111.03
10/10/2024,23:30,[23:15-23:30[,S,V,F,V,C,111.03,111.03
10/10/2024,23:45,[23:30-23:45[,S,V,F,V,C,111.03,111.03
10/10/2024,23:59,[23:45-00:00[,S,V,F,V,C,111.03,111.03
11/10/2024,00:15,[00:00-00:15[,S,V,V,V,V,99.00,99.00
11/10/2024,00:30,[00:15-00:30[,S,V,V,V,V,99.00,99.00
11/10/2024,00:45,[00:30-00:45[,S,V,V,V,V,99.00,99.00
11/10/2024,01:00,[00:45-01:00[,S,V,V,V,V,99.00,99.00
11/10/2024,01:15,[01:00-01:15[,S,V,V,V,V,92.00,92.00
11/10/2024,01:30,[01:15-01:30[,S,V,V,V,V,92.00,92.00
11/10/2024,01:45,[01:30-01:45[,S,V,V,V,V,92.00,92.00
11/10/2024,02:00,[01:45-02:00[,S,V,V,V,V,92.00,92.00
11/10/2024,02:15,[02:00-02:15[,S,V,V,V,V,88.71,88.71
11/10/2024,02:30,[02:15-02:30[,S,V,V,V,V,88.71,88.71
11/10/2024,02:45,[02:30-02:45[,S,V,V,V,V,88.71,88.71
11/10/2024,03:00,[02:45-03:00[,S,V,V,V,V,88.71,88.71
11/10/2024,03:15,[03:00-03:15[,S,V,V,V,V,84.72,84.72
11/10/2024,03:30,[03:15-03:30[,S,V,V,V,V,84.72,84.72
11/10/2024,03:45,[03:30-03:45[,S,V,V,V,V,84.72,84.72
11/10/2024,04:00,[03:45-04:00[,S,V,V,V,V,84.72,84.72
11/10/2024,04:15,[04:00-04:15[,S,V,V,V,V,81.37,81.37
11/10/2024,04:30,[04:15-04:30[,S,V,V,V,V,81.37,81.37
11/10/2024,04:45,[04:30-04:45[,S,V,V,V,V,81.37,81.37
11/10/2024,05:00,[04:45-05:00[,S,V,V,V,V,81.37,81.37
11/10/2024,05:15,[05:00-05:15[,S,V,V,V,V,99.95,99.95
11/10/2024,05:30,[05:15-05:30[,S,V,V,V,V,99.95,99.95
11/10/2024,05:45,[05:30-05:45[,S,V,V,V,V,99.95,99.95
11/10/2024,06:00,[05:45-06:00[,S,V,V,V,V,99.95,99.95
11/10/2024,06:15,[06:00-06:15[,S,V,V,V,V,106.00,140.41
11/10/2024,06:30,[06:15-06:30[,S,V,V,V,V,106.00,140.41
11/10/2024,06:45,[06:30-06:45[,S,V,V,V,V,106.00,140.41
11/10/2024,07:00,[06:45-07:00[,S,V,V,V,V,106.00,140.41
11/10/2024,07:15,[07:00-07:15[,S,V,F,V,C,111.04,155.49
11/10/2024,07:30,[07:15-07:30[,S,V,F,V,C,111.04,155.49
11/10/2024,07:45,[07:30-07:45[,S,V,F,V,C,111.04,155.49
11/10/2024,08:00,[07:45-08:00[,S,V,F,V,C,111.04,155.49
11/10/2024,08:15,[08:00-08:15[,S,F,F,C,C,110.01,110.01
11/10/2024,08:30,[08:15-08:30[,S,F,F,C,C,110.01,110.01
11/10/2024,08:45,[08:30-08:45[,S,F,F,C,C,110.01,110.01
11/10/2024,09:00,[08:45-09:00[,S,F,F,C,C,110.01,110.01
11/10/2024,09:15,[09:00-09:15[,S,F,F,C,C,90.00,90.00
11/10/2024,09:30,[09:15-09:30[,S,F,F,C,P,90.00,90.00
11/10/2024,09:45,[09:30-09:45[,S,F,F,C,P,90.00,90.00
11/10/2024,10:00,[09:45-10:00[,S,F,F,C,P,90.00,90.00
11/10/2024,10:15,[10:00-10:15[,S,F,F,C,P,79.90,79.90
11/10/2024,10:30,[10:15-10:30[,S,F,F,C,P,79.90,79.90
11/10/2024,10:45,[10:30-10:45[,S,F,F,P,P,79.90,79.90
11/10/2024,11:00,[10:45-11:00[,S,F,F,P,P,79.90,79.90
11/10/2024,11:15,[11:00-11:15[,S,F,F,P,P,70.10,70.10
11/10/2024,11:30,[11:15-11:30[,S,F,F,P,P,70.10,70.10
11/10/2024,11:45,[11:30-11:45[,S,F,F,P,P,70.10,70.10
11/10/2024,12:00,[11:45-12:00[,S,F,F,P,P,70.10,70.10
11/10/2024,12:15,[12:00-12:15[,S,F,F,P,P,58.11,58.11
11/10/2024,12:30,[12:15-12:30[,S,F,F,P,C,58.11,58.11
11/10/2024,12:45,[12:30-12:45[,S,F,F,P,C,58.11,58.11
11/10/2024,13:00,[12:45-13:00[,S,F,F,P,C,58.11,58.11
11/10/2024,13:15,[13:00-13:15[,S,F,F,C,C,61.95,61.95
11/10/2024,13:30,[13:15-13:30[,S,F,F,C,C,61.95,61.95
11/10/2024,13:45,[13:30-13:45[,S,F,F,C,C,61.95,61.95
11/10/2024,14:00,[13:45-14:00[,S,F,F,C,C,61.95,61.95
11/10/2024,14:15,[14:00-14:15[,S,F,F,C,C,66.95,66.95
11/10/2024,14:30,[14:15-14:30[,S,F,F,C,C,66.95,66.95
11/10/2024,14:45,[14:30-14:45[,S,F,F,C,C,66.95,66.95
11/10/2024,15:00,[14:45-15:00[,S,F,F,C,C,66.95,66.95
11/10/2024,15:15,[15:00-15:15[,S,F,F,C,C,70.00,70.00
11/10/2024,15:30,[15:15-15:30[,S,F,F,C,C,70.00,70.00
11/10/2024,15:45,[15:30-15:45[,S,F,F,C,C,70.00,70.00
11/10/2024,16:00,[15:45-16:00[,S,F,F,C,C,70.00,70.00
11/10/2024,16:15,[16:00-16:15[,S,F,F,C,C,71.35,71.35
11/10/2024,16:30,[16:15-16:30[,S,F,F,C,C,71.35,71.35
11/10/2024,16:45,[16:30-16:45[,S,F,F,C,C,71.35,71.35
11/10/2024,17:00,[16:45-17:00[,S,F,F,C,C,71.35,71.35
11/10/2024,17:15,[17:00-17:15[,S,F,F,C,C,82.44,82.44
11/10/2024,17:30,[17:15-17:30[,S,F,F,C,C,82.44,82.44
11/10/2024,17:45,[17:30-17:45[,S,F,F,C,C,82.44,82.44
11/10/2024,18:00,[17:45-18:00[,S,F,F,C,C,82.44,82.44
11/10/2024,18:15,[18:00-18:15[,S,F,F,C,C,100.80,100.80
11/10/2024,18:30,[18:15-18:30[,S,F,F,C,C,100.80,100.80
11/10/2024,18:45,[18:30-18:45[,S,F,F,C,C,100.80,100.80
11/10/2024,19:00,[18:45-19:00[,S,F,F,C,C,100.80,100.80
11/10/2024,19:15,[19:00-19:15[,S,F,F,C,C,109.01,109.01
11/10/2024,19:30,[19:15-19:30[,S,F,F,C,C,109.01,109.01
11/10/2024,19:45,[19:30-19:45[,S,F,F,P,C,109.01,109.01
11/10/2024,20:00,[19:45-20:00[,S,F,F,P,C,109.01,109.01
11/10/2024,20:15,[20:00-20:15[,S,F,F,P,C,90.69,90.69
11/10/2024,20:30,[20:15-20:30[,S,F,F,P,C,90.69,90.69
11/10/2024,20:45,[20:30-20:45[,S,F,F,P,C,90.69,90.69
11/10/2024,21:00,[20:45-21:00[,S,F,F,P,C,90.69,90.69
11/10/2024,21:15,[21:00-21:15[,S,F,F,C,C,81.37,81.37
11/10/2024,21:30,[21:15-21:30[,S,F,F,C,C,81.37,81.37
11/10/2024,21:45,[21:30-21:45[,S,F,F,C,C,81.37,81.37
11/10/2024,22:00,[21:45-22:00[,S,F,F,C,C,81.37,81.37
11/10/2024,22:15,[22:00-22:15[,S,V,F,V,C,80.57,80.57
11/10/2024,22:30,[22:15-22:30[,S,V,F,V,C,80.57,80.57
11/10/2024,22:45,[22:30-22:45[,S,V,F,V,C,80.57,80.57
11/10/2024,23:00,[22:45-23:00[,S,V,F,V,C,80.57,80.57
11/10/2024,23:15,[23:00-23:15[,S,V,F,V,C,67.29,67.29
11/10/2024,23:30,[23:15-23:30[,S,V,F,V,C,67.29,67.29
11/10/2024,23:45,[23:30-23:45[,S,V,F,V,C,67.29,67.29
11/10/2024,23:59,[23:45-00:00[,S,V,F,V,C,67.29,67.29
12/10/2024,00:15,[00:00-00:15[,S,V,V,V,V,57.57,57.57
12/10/2024,00:30,[00:15-00:30[,S,V,V,V,V,57.57,57.57
12/10/2024,00:45,[00:30-00:45[,S,V,V,V,V,57.57,57.57
12/10/2024,01:00,[00:45-01:00[,S,V,V,V,V,57.57,57.57
12/10/2024,01:15,[01:00-01:15[,S,V,V,V,V,47.96,47.96
12/10/2024,01:30,[01:15-01:30[,S,V,V,V,V,47.96,47.96
12/10/2024,01:45,[01:30-01:45[,S,V,V,V,V,47.96,47.96
12/10/2024,02:00,[01:45-02:00[,S,V,V,V,V,47.96,47.96
12/10/2024,02:15,[02:00-02:15[,S,V,V,V,V,38.91,38.91
12/10/2024,02:30,[02:15-02:30[,S,V,V,V,V,38.91,38.91
12/10/2024,02:45,[02:30-02:45[,S,V,V,V,V,38.91,38.91
12/10/2024,03:00,[02:45-03:00[,S,V,V,V,V,38.91,38.91
12/10/2024,03:15,[03:00-03:15[,S,V,V,V,V,38.91,38.91
12/10/2024,03:30,[03:15-03:30[,S,V,V,V,V,38.91,38.91
12/10/2024,03:45,[03:30-03:45[,S,V,V,V,V,38.91,38.91
12/10/2024,04:00,[03:45-04:00[,S,V,V,V,V,38.91,38.91
12/10/2024,04:15,[04:00-04:15[,S,V,V,V,V,42.63,42.63
12/10/2024,04:30,[04:15-04:30[,S,V,V,V,V,42.63,42.63
12/10/2024,04:45,[04:30-04:45[,S,V,V,V,V,42.63,42.63
12/10/2024,05:00,[04:45-05:00[,S,V,V,V,V,42.63,42.63
12/10/2024,05:15,[05:00-05:15[,S,V,V,V,V,60.21,60.21
12/10/2024,05:30,[05:15-05:30[,S,V,V,V,V,60.21,60.21
12/10/2024,05:45,[05:30-05:45[,S,V,V,V,V,60.21,60.21
12/10/2024,06:00,[05:45-06:00[,S,V,V,V,V,60.21,60.21
12/10/2024,06:15,[06:00-06:15[,S,V,V,V,V,61.00,61.00
12/10/2024,06:30,[06:15-06:30[,S,V,V,V,V,61.00,61.00
12/10/2024,06:45,[06:30-06:45[,S,V,V,V,V,61.00,61.00
12/10/2024,07:00,[06:45-07:00[,S,V,V,V,V,61.00,61.00
12/10/2024,07:15,[07:00-07:15[,S,V,V,V,V,62.97,62.97
12/10/2024,07:30,[07:15-07:30[,S,V,V,V,V,62.97,62.97
12/10/2024,07:45,[07:30-07:45[,S,V,V,V,V,62.97,62.97
12/10/2024,08:00,[07:45-08:00[,S,V,V,V,V,62.97,62.97
12/10/2024,08:15,[08:00-08:15[,S,F,V,C,V,67.08,67.08
12/10/2024,08:30,[08:15-08:30[,S,F,V,C,V,67.08,67.08
12/10/2024,08:45,[08:30-08:45[,S,F,V,C,V,67.08,67.08
12/10/2024,09:00,[08:45-09:00[,S,F,V,C,V,67.08,67.08
12/10/2024,09:15,[09:00-09:15[,S,F,F,C,C,69.31,69.31
12/10/2024,09:30,[09:15-09:30[,S,F,F,C,C,69.31,69.31
12/10/2024,09:45,[09:30-09:45[,S,F,F,C,C,69.31,69.31
12/10/2024,10:00,[09:45-10:00[,S,F,F,C,C,69.31,69.31
12/10/2024,10:15,[10:00-10:15[,S,F,F,C,C,72.50,72.50
12/10/2024,10:30,[10:15-10:30[,S,F,F,C,C,72.50,72.50
12/10/2024,10:45,[10:30-10:45[,S,F,F,P,C,72.50,72.50
12/10/2024,11:00,[10:45-11:00[,S,F,F,P,C,72.50,72.50
12/10/2024,11:15,[11:00-11:15[,S,F,F,P,C,70.00,70.00
12/10/2024,11:30,[11:15-11:30[,S,F,F,P,C,70.00,70.00
12/10/2024,11:45,[11:30-11:45[,S,F,F,P,C,70.00,70.00
12/10/2024,12:00,[11:45-12:00[,S,F,F,P,C,70.00,70.00
12/10/2024,12:15,[12:00-12:15[,S,F,F,P,C,69.31,69.31
12/10/2024,12:30,[12:15-12:30[,S,F,F,P,C,69.31,69.31
12/10/2024,12:45,[12:30-12:45[,S,F,F,P,C,69.31,69.31
12/10/2024,13:00,[12:45-13:00[,S,F,F,P,C,69.31,69.31
12/10/2024,13:15,[13:00-13:15[,S,F,F,C,C,66.83,66.83
12/10/2024,13:30,[13:15-13:30[,S,F,F,C,C,66.83,66.83
12/10/2024,13:45,[13:30-13:45[,S,F,F,C,C,66.83,66.83
12/10/2024,14:00,[13:45-14:00[,S,F,F,C,C,66.83,66.83
12/10/2024,14:15,[14:00-14:15[,S,F,V,C,V,53.00,53.00
12/10/2024,14:30,[14:15-14:30[,S,F,V,C,V,53.00,53.00
12/10/2024,14:45,[14:30-14:45[,S,F,V,C,V,53.00,53.00
12/10/2024,15:00,[14:45-15:00[,S,F,V,C,V,53.00,53.00
12/10/2024,15:15,[15:00-15:15[,S,F,V,C,V,53.00,53.00
12/10/2024,15:30,[15:15-15:30[,S,F,V,C,V,53.00,53.00
12/10/2024,15:45,[15:30-15:45[,S,F,V,C,V,53.00,53.00
12/10/2024,16:00,[15:45-16:00[,S,F,V,C,V,53.00,53.00
12/10/2024,16:15,[16:00-16:15[,S,F,V,C,V,67.08,67.08
12/10/2024,16:30,[16:15-16:30[,S,F,V,C,V,67.08,67.08
12/10/2024,16:45,[16:30-16:45[,S,F,V,C,V,67.08,67.08
12/10/2024,17:00,[16:45-17:00[,S,F,V,C,V,67.08,67.08
12/10/2024,17:15,[17:00-17:15[,S,F,V,C,V,84.65,84.65
12/10/2024,17:30,[17:15-17:30[,S,F,V,C,V,84.65,84.65
12/10/2024,17:45,[17:30-17:45[,S,F,V,C,V,84.65,84.65
12/10/2024,18:00,[17:45-18:00[,S,F,V,C,V,84.65,84.65
12/10/2024,18:15,[18:00-18:15[,S,F,V,C,V,92.08,92.08
12/10/2024,18:30,[18:15-18:30[,S,F,V,C,V,92.08,92.08
12/10/2024,18:45,[18:30-18:45[,S,F,V,C,V,92.08,92.08
12/10/2024,19:00,[18:45-19:00[,S,F,V,C,V,92.08,92.08
12/10/2024,19:15,[19:00-19:15[,S,F,V,C,V,119.93,119.93
12/10/2024,19:30,[19:15-19:30[,S,F,V,C,V,119.93,119.93
12/10/2024,19:45,[19:30-19:45[,S,F,V,P,V,119.93,119.93
12/10/2024,20:00,[19:45-20:00[,S,F,V,P,V,119.93,119.93
12/10/2024,20:15,[20:00-20:15[,S,F,F,P,C,117.10,117.10
12/10/2024,20:30,[20:15-20:30[,S,F,F,P,C,117.10,117.10
12/10/2024,20:45,[20:30-20:45[,S,F,F,P,C,117.10,117.10
12/10/2024,21:00,[20:45-21:00[,S,F,F,P,C,117.10,117.10
12/10/2024,21:15,[21:00-21:15[,S,F,F,C,C,105.62,105.62
12/10/2024,21:30,[21:15-21:30[,S,F,F,C,C,105.62,105.62
12/10/2024,21:45,[21:30-21:45[,S,F,F,C,C,105.62,105.62
12/10/2024,22:00,[21:45-22:00[,S,F,F,C,C,105.62,105.62
12/10/2024,22:15,[22:00-22:15[,S,V,V,V,V,91.61,91.61
12/10/2024,22:30,[22:15-22:30[,S,V,V,V,V,91.61,91.61
12/10/2024,22:45,[22:30-22:45[,S,V,V,V,V,91.61,91.61
12/10/2024,23:00,[22:45-23:00[,S,V,V,V,V,91.61,91.61
12/10/2024,23:15,[23:00-23:15[,S,V,V,V,V,69.78,69.78
12/10/2024,23:30,[23:15-23:30[,S,V,V,V,V,69.78,69.78
12/10/2024,23:45,[23:30-23:45[,S,V,V,V,V,69.78,69.78
12/10/2024,23:59,[23:45-00:00[,S,V,V,V,V,69.78,69.78
13/10/2024,00:15,[00:00-00:15[,S,V,V,V,V,62.91,62.91
13/10/2024,00:30,[00:15-00:30[,S,V,V,V,V,62.91,62.91
13/10/2024,00:45,[00:30-00:45[,S,V,V,V,V,62.91,62.91
13/10/2024,01:00,[00:45-01:00[,S,V,V,V,V,62.91,62.91
13/10/2024,01:15,[01:00-01:15[,S,V,V,V,V,57.00,57.00
13/10/2024,01:30,[01:15-01:30[,S,V,V,V,V,57.00,57.00
13/10/2024,01:45,[01:30-01:45[,S,V,V,V,V,57.00,57.00
13/10/2024,02:00,[01:45-02:00[,S,V,V,V,V,57.00,57.00
13/10/2024,02:15,[02:00-02:15[,S,V,V,V,V,58.69,58.69
13/10/2024,02:30,[02:15-02:30[,S,V,V,V,V,58.69,58.69
13/10/2024,02:45,[02:30-02:45[,S,V,V,V,V,58.69,58.69
13/10/2024,03:00,[02:45-03:00[,S,V,V,V,V,58.69,58.69
13/10/2024,03:15,[03:00-03:15[,S,V,V,V,V,55.00,55.00
13/10/2024,03:30,[03:15-03:30[,S,V,V,V,V,55.00,55.00
13/10/2024,03:45,[03:30-03:45[,S,V,V,V,V,55.00,55.00
13/10/2024,04:00,[03:45-04:00[,S,V,V,V,V,55.00,55.00
13/10/2024,04:15,[04:00-04:15[,S,V,V,V,V,60.87,60.87
13/10/2024,04:30,[04:15-04:30[,S,V,V,V,V,60.87,60.87
13/10/2024,04:45,[04:30-04:45[,S,V,V,V,V,60.87,60.87
13/10/2024,05:00,[04:45-05:00[,S,V,V,V,V,60.87,60.87
13/10/2024,05:15,[05:00-05:15[,S,V,V,V,V,55.10,55.10
13/10/2024,05:30,[05:15-05:30[,S,V,V,V,V,55.10,55.10
13/10/2024,05:45,[05:30-05:45[,S,V,V,V,V,55.10,55.10
13/10/2024,06:00,[05:45-06:00[,S,V,V,V,V,55.10,55.10
13/10/2024,06:15,[06:00-06:15[,S,V,V,V,V,64.97,64.97
13/10/2024,06:30,[06:15-06:30[,S,V,V,V,V,64.97,64.97
13/10/2024,06:45,[06:30-06:45[,S,V,V,V,V,64.97,64.97
13/10/2024,07:00,[06:45-07:00[,S,V,V,V,V,64.97,64.97
13/10/2024,07:15,[07:00-07:15[,S,V,V,V,V,60.00,60.00
13/10/2024,07:30,[07:15-07:30[,S,V,V,V,V,60.00,60.00
13/10/2024,07:45,[07:30-07:45[,S,V,V,V,V,60.00,60.00
13/10/2024,08:00,[07:45-08:00[,S,V,V,V,V,60.00,60.00
13/10/2024,08:15,[08:00-08:15[,S,F,V,C,V,46.50,46.50
13/10/2024,08:30,[08:15-08:30[,S,F,V,C,V,46.50,46.50
13/10/2024,08:45,[08:30-08:45[,S,F,V,C,V,46.50,46.50
13/10/2024,09:00,[08:45-09:00[,S,F,V,C,V,46.50,46.50
13/10/2024,09:15,[09:00-09:15[,S,F,V,C,V,35.06,35.06
13/10/2024,09:30,[09:15-09:30[,S,F,V,C,V,35.06,35.06
13/10/2024,09:45,[09:30-09:45[,S,F,V,C,V,35.06,35.06
13/10/2024,10:00,[09:45-10:00[,S,F,V,C,V,35.06,35.06
13/10/2024,10:15,[10:00-10:15[,S,F,V,C,V,6.99,6.99
13/10/2024,10:30,[10:15-10:30[,S,F,V,C,V,6.99,6.99
13/10/2024,10:45,[10:30-10:45[,S,F,V,P,V,6.99,6.99
13/10/2024,11:00,[10:45-11:00[,S,F,V,P,V,6.99,6.99
13/10/2024,11:15,[11:00-11:15[,S,F,V,P,V,4.49,4.49
13/10/2024,11:30,[11:15-11:30[,S,F,V,P,V,4.49,4.49
13/10/2024,11:45,[11:30-11:45[,S,F,V,P,V,4.49,4.49
13/10/2024,12:00,[11:45-12:00[,S,F,V,P,V,4.49,4.49
13/10/2024,12:15,[12:00-12:15[,S,F,V,P,V,0.35,0.08
13/10/2024,12:30,[12:15-12:30[,S,F,V,P,V,0.35,0.08
13/10/2024,12:45,[12:30-12:45[,S,F,V,P,V,0.35,0.08
13/10/2024,13:00,[12:45-13:00[,S,F,V,P,V,0.35,0.08
13/10/2024,13:15,[13:00-13:15[,S,F,V,C,V,0.35,0.00
13/10/2024,13:30,[13:15-13:30[,S,F,V,C,V,0.35,0.00
13/10/2024,13:45,[13:30-13:45[,S,F,V,C,V,0.35,0.00
13/10/2024,14:00,[13:45-14:00[,S,F,V,C,V,0.35,0.00
13/10/2024,14:15,[14:00-14:15[,S,F,V,C,V,0.11,0.00
13/10/2024,14:30,[14:15-14:30[,S,F,V,C,V,0.11,0.00
13/10/2024,14:45,[14:30-14:45[,S,F,V,C,V,0.11,0.00
13/10/2024,15:00,[14:45-15:00[,S,F,V,C,V,0.11,0.00
13/10/2024,15:15,[15:00-15:15[,S,F,V,C,V,6.80,6.80
13/10/2024,15:30,[15:15-15:30[,S,F,V,C,V,6.80,6.80
13/10/2024,15:45,[15:30-15:45[,S,F,V,C,V,6.80,6.80
13/10/2024,16:00,[15:45-16:00[,S,F,V,C,V,6.80,6.80
13/10/2024,16:15,[16:00-16:15[,S,F,V,C,V,31.28,31.28
13/10/2024,16:30,[16:15-16:30[,S,F,V,C,V,31.28,31.28
13/10/2024,16:45,[16:30-16:45[,S,F,V,C,V,31.28,31.28
13/10/2024,17:00,[16:45-17:00[,S,F,V,C,V,31.28,31.28
13/10/2024,17:15,[17:00-17:15[,S,F,V,C,V,62.82,62.82
13/10/2024,17:30,[17:15-17:30[,S,F,V,C,V,62.82,62.82
13/10/2024,17:45,[17:30-17:45[,S,F,V,C,V,62.82,62.82
13/10/2024,18:00,[17:45-18:00[,S,F,V,C,V,62.82,62.82
13/10/2024,18:15,[18:00-18:15[,S,F,V,C,V,93.08,93.08
13/10/2024,18:30,[18:15-18:30[,S,F,V,C,V,93.08,93.08
13/10/2024,18:45,[18:30-18:45[,S,F,V,C,V,93.08,93.08
13/10/2024,19:00,[18:45-19:00[,S,F,V,C,V,93.08,93.08
13/10/2024,19:15,[19:00-19:15[,S,F,V,C,V,116.97,116.97
13/10/2024,19:30,[19:15-19:30[,S,F,V,C,V,116.97,116.97
13/10/2024,19:45,[19:30-19:45[,S,F,V,P,V,116.97,116.97
13/10/2024,20:00,[19:45-20:00[,S,F,V,P,V,116.97,116.97
13/10/2024,20:15,[20:00-20:15[,S,F,V,P,V,121.28,121.28
13/10/2024,20:30,[20:15-20:30[,S,F,V,P,V,121.28,121.28
13/10/2024,20:45,[20:30-20:45[,S,F,V,P,V,121.28,121.28
13/10/2024,21:00,[20:45-21:00[,S,F,V,P,V,121.28,121.28
13/10/2024,21:15,[21:00-21:15[,S,F,V,C,V,102.78,102.78
13/10/2024,21:30,[21:15-21:30[,S,F,V,C,V,102.78,102.78
13/10/2024,21:45,[21:30-21:45[,S,F,V,C,V,102.78,102.78
13/10/2024,22:00,[21:45-22:00[,S,F,V,C,V,102.78,102.78
13/10/2024,22:15,[22:00-22:15[,S,V,V,V,V,93.56,93.56
13/10/2024,22:30,[22:15-22:30[,S,V,V,V,V,93.56,93.56
13/10/2024,22:45,[22:30-22:45[,S,V,V,V,V,93.56,93.56
13/10/2024,23:00,[22:45-23:00[,S,V,V,V,V,93.56,93.56
13/10/2024,23:15,[23:00-23:15[,S,V,V,V,V,93.98,93.98
13/10/2024,23:30,[23:15-23:30[,S,V,V,V,V,93.98,93.98
13/10/2024,23:45,[23:30-23:45[,S,V,V,V,V,93.98,93.98
13/10/2024,23:59,[23:45-00:00[,S,V,V,V,V,93.98,93.98
14/10/2024,00:15,[00:00-00:15[,S,V,V,V,V,85.23,85.23
14/10/2024,00:30,[00:15-00:30[,S,V,V,V,V,85.23,85.23
14/10/2024,00:45,[00:30-00:45[,S,V,V,V,V,85.23,85.23
14/10/2024,01:00,[00:45-01:00[,S,V,V,V,V,85.23,85.23
14/10/2024,01:15,[01:00-01:15[,S,V,V,V,V,85.75,85.75
14/10/2024,01:30,[01:15-01:30[,S,V,V,V,V,85.75,85.75
14/10/2024,01:45,[01:30-01:45[,S,V,V,V,V,85.75,85.75
14/10/2024,02:00,[01:45-02:00[,S,V,V,V,V,85.75,85.75
14/10/2024,02:15,[02:00-02:15[,S,V,V,V,V,83.83,83.83
14/10/2024,02:30,[02:15-02:30[,S,V,V,V,V,83.83,83.83
14/10/2024,02:45,[02:30-02:45[,S,V,V,V,V,83.83,83.83
14/10/2024,03:00,[02:45-03:00[,S,V,V,V,V,83.83,83.83
14/10/2024,03:15,[03:00-03:15[,S,V,V,V,V,85.23,85.23
14/10/2024,03:30,[03:15-03:30[,S,V,V,V,V,85.23,85.23
14/10/2024,03:45,[03:30-03:45[,S,V,V,V,V,85.23,85.23
14/10/2024,04:00,[03:45-04:00[,S,V,V,V,V,85.23,85.23
14/10/2024,04:15,[04:00-04:15[,S,V,V,V,V,93.74,93.74
14/10/2024,04:30,[04:15-04:30[,S,V,V,V,V,93.74,93.74
14/10/2024,04:45,[04:30-04:45[,S,V,V,V,V,93.74,93.74
14/10/2024,05:00,[04:45-05:00[,S,V,V,V,V,93.74,93.74
14/10/2024,05:15,[05:00-05:15[,S,V,V,V,V,102.00,102.00
14/10/2024,05:30,[05:15-05:30[,S,V,V,V,V,102.00,102.00
14/10/2024,05:45,[05:30-05:45[,S,V,V,V,V,102.00,102.00
14/10/2024,06:00,[05:45-06:00[,S,V,V,V,V,102.00,102.00
14/10/2024,06:15,[06:00-06:15[,S,V,V,V,V,122.86,122.86
14/10/2024,06:30,[06:15-06:30[,S,V,V,V,V,122.86,122.86
14/10/2024,06:45,[06:30-06:45[,S,V,V,V,V,122.86,122.86
14/10/2024,07:00,[06:45-07:00[,S,V,V,V,V,122.86,122.86
14/10/2024,07:15,[07:00-07:15[,S,V,F,V,C,155.00,155.00
14/10/2024,07:30,[07:15-07:30[,S,V,F,V,C,155.00,155.00
14/10/2024,07:45,[07:30-07:45[,S,V,F,V,C,155.00,155.00
14/10/2024,08:00,[07:45-08:00[,S,V,F,V,C,155.00,155.00
14/10/2024,08:15,[08:00-08:15[,S,F,F,C,C,122.86,122.86
14/10/2024,08:30,[08:15-08:30[,S,F,F,C,C,122.86,122.86
14/10/2024,08:45,[08:30-08:45[,S,F,F,C,C,122.86,122.86
14/10/2024,09:00,[08:45-09:00[,S,F,F,C,C,122.86,122.86
14/10/2024,09:15,[09:00-09:15[,S,F,F,C,C,111.54,111.54
14/10/2024,09:30,[09:15-09:30[,S,F,F,C,P,111.54,111.54
14/10/2024,09:45,[09:30-09:45[,S,F,F,C,P,111.54,111.54
14/10/2024,10:00,[09:45-10:00[,S,F,F,C,P,111.54,111.54
14/10/2024,10:15,[10:00-10:15[,S,F,F,C,P,92.50,92.50
14/10/2024,10:30,[10:15-10:30[,S,F,F,C,P,92.50,92.50
14/10/2024,10:45,[10:30-10:45[,S,F,F,P,P,92.50,92.50
14/10/2024,11:00,[10:45-11:00[,S,F,F,P,P,92.50,92.50
14/10/2024,11:15,[11:00-11:15[,S,F,F,P,P,85.70,85.70
14/10/2024,11:30,[11:15-11:30[,S,F,F,P,P,85.70,85.70
14/10/2024,11:45,[11:30-11:45[,S,F,F,P,P,85.70,85.70
14/10/2024,12:00,[11:45-12:00[,S,F,F,P,P,85.70,85.70
14/10/2024,12:15,[12:00-12:15[,S,F,F,P,P,78.42,78.42
14/10/2024,12:30,[12:15-12:30[,S,F,F,P,C,78.42,78.42
14/10/2024,12:45,[12:30-12:45[,S,F,F,P,C,78.42,78.42
14/10/2024,13:00,[12:45-13:00[,S,F,F,P,C,78.42,78.42
14/10/2024,13:15,[13:00-13:15[,S,F,F,C,C,74.16,74.16
14/10/2024,13:30,[13:15-13:30[,S,F,F,C,C,74.16,74.16
14/10/2024,13:45,[13:30-13:45[,S,F,F,C,C,74.16,74.16
14/10/2024,14:00,[13:45-14:00[,S,F,F,C,C,74.16,74.16
14/10/2024,14:15,[14:00-14:15[,S,F,F,C,C,73.07,73.07
14/10/2024,14:30,[14:15-14:30[,S,F,F,C,C,73.07,73.07
14/10/2024,14:45,[14:30-14:45[,S,F,F,C,C,73.07,73.07
14/10/2024,15:00,[14:45-15:00[,S,F,F,C,C,73.07,73.07
14/10/2024,15:15,[15:00-15:15[,S,F,F,C,C,71.20,71.20
14/10/2024,15:30,[15:15-15:30[,S,F,F,C,C,71.20,71.20
14/10/2024,15:45,[15:30-15:45[,S,F,F,C,C,71.20,71.20
14/10/2024,16:00,[15:45-16:00[,S,F,F,C,C,71.20,71.20
14/10/2024,16:15,[16:00-16:15[,S,F,F,C,C,97.46,97.46
14/10/2024,16:30,[16:15-16:30[,S,F,F,C,C,97.46,97.46
14/10/2024,16:45,[16:30-16:45[,S,F,F,C,C,97.46,97.46
14/10/2024,17:00,[16:45-17:00[,S,F,F,C,C,97.46,97.46
14/10/2024,17:15,[17:00-17:15[,S,F,F,C,C,121.04,121.04
14/10/2024,17:30,[17:15-17:30[,S,F,F,C,C,121.04,121.04
14/10/2024,17:45,[17:30-17:45[,S,F,F,C,C,121.04,121.04
14/10/2024,18:00,[17:45-18:00[,S,F,F,C,C,121.04,121.04
14/10/2024,18:15,[18:00-18:15[,S,F,F,C,C,161.89,161.89
14/10/2024,18:30,[18:15-18:30[,S,F,F,C,C,161.89,161.89
14/10/2024,18:45,[18:30-18:45[,S,F,F,C,C,161.89,161.89
14/10/2024,19:00,[18:45-19:00[,S,F,F,C,C,161.89,161.89
14/10/2024,19:15,[19:00-19:15[,S,F,F,C,C,178.61,178.61
14/10/2024,19:30,[19:15-19:30[,S,F,F,C,C,178.61,178.61
14/10/2024,19:45,[19:30-19:45[,S,F,F,P,C,178.61,178.61
14/10/2024,20:00,[19:45-20:00[,S,F,F,P,C,178.61,178.61
14/10/2024,20:15,[20:00-20:15[,S,F,F,P,C,128.90,128.90
14/10/2024,20:30,[20:15-20:30[,S,F,F,P,C,128.90,128.90
14/10/2024,20:45,[20:30-20:45[,S,F,F,P,C,128.90,128.90
14/10/2024,21:00,[20:45-21:00[,S,F,F,P,C,128.90,128.90
14/10/2024,21:15,[21:00-21:15[,S,F,F,C,C,100.24,100.24
14/10/2024,21:30,[21:15-21:30[,S,F,F,C,C,100.24,100.24
14/10/2024,21:45,[21:30-21:45[,S,F,F,C,C,100.24,100.24
14/10/2024,22:00,[21:45-22:00[,S,F,F,C,C,100.24,100.24
14/10/2024,22:15,[22:00-22:15[,S,V,F,V,C,94.80,94.80
14/10/2024,22:30,[22:15-22:30[,S,V,F,V,C,94.80,94.80
14/10/2024,22:45,[22:30-22:45[,S,V,F,V,C,94.80,94.80
14/10/2024,23:00,[22:45-23:00[,S,V,F,V,C,94.80,94.80
14/10/2024,23:15,[23:00-23:15[,S,V,F,V,C,82.19,82.19
14/10/2024,23:30,[23:15-23:30[,S,V,F,V,C,82.19,82.19
14/10/2024,23:45,[23:30-23:45[,S,V,F,V,C,82.19,82.19
14/10/2024,23:59,[23:45-00:00[,S,V,F,V,C,82.19,82.19
15/10/2024,00:15,[00:00-00:15[,S,V,V,V,V,79.99,79.99
15/10/2024,00:30,[00:15-00:30[,S,V,V,V,V,79.99,79.99
15/10/2024,00:45,[00:30-00:45[,S,V,V,V,V,79.99,79.99
15/10/2024,01:00,[00:45-01:00[,S,V,V,V,V,79.99,79.99
15/10/2024,01:15,[01:00-01:15[,S,V,V,V,V,80.00,80.00
15/10/2024,01:30,[01:15-01:30[,S,V,V,V,V,80.00,80.00
15/10/2024,01:45,[01:30-01:45[,S,V,V,V,V,80.00,80.00
15/10/2024,02:00,[01:45-02:00[,S,V,V,V,V,80.00,80.00
15/10/2024,02:15,[02:00-02:15[,S,V,V,V,V,77.05,77.05
15/10/2024,02:30,[02:15-02:30[,S,V,V,V,V,77.05,77.05
15/10/2024,02:45,[02:30-02:45[,S,V,V,V,V,77.05,77.05
15/10/2024,03:00,[02:45-03:00[,S,V,V,V,V,77.05,77.05
15/10/2024,03:15,[03:00-03:15[,S,V,V,V,V,69.78,69.78
15/10/2024,03:30,[03:15-03:30[,S,V,V,V,V,69.78,69.78
15/10/2024,03:45,[03:30-03:45[,S,V,V,V,V,69.78,69.78
15/10/2024,04:00,[03:45-04:00[,S,V,V,V,V,69.78,69.78
15/10/2024,04:15,[04:00-04:15[,S,V,V,V,V,72.00,72.00
15/10/2024,04:30,[04:15-04:30[,S,V,V,V,V,72.00,72.00
15/10/2024,04:45,[04:30-04:45[,S,V,V,V,V,72.00,72.00
15/10/2024,05:00,[04:45-05:00[,S,V,V,V,V,72.00,72.00
15/10/2024,05:15,[05:00-05:15[,S,V,V,V,V,72.00,72.00
15/10/2024,05:30,[05:15-05:30[,S,V,V,V,V,72.00,72.00
15/10/2024,05:45,[05:30-05:45[,S,V,V,V,V,72.00,72.00
15/10/2024,06:00,[05:45-06:00[,S,V,V,V,V,72.00,72.00
15/10/2024,06:15,[06:00-06:15[,S,V,V,V,V,91.36,91.36
15/10/2024,06:30,[06:15-06:30[,S,V,V,V,V,91.36,91.36
15/10/2024,06:45,[06:30-06:45[,S,V,V,V,V,91.36,91.36
15/10/2024,07:00,[06:45-07:00[,S,V,V,V,V,91.36,91.36
15/10/2024,07:15,[07:00-07:15[,S,V,F,V,C,122.28,122.28
15/10/2024,07:30,[07:15-07:30[,S,V,F,V,C,122.28,122.28
15/10/2024,07:45,[07:30-07:45[,S,V,F,V,C,122.28,122.28
15/10/2024,08:00,[07:45-08:00[,S,V,F,V,C,122.28,122.28
15/10/2024,08:15,[08:00-08:15[,S,F,F,C,C,110.47,110.47
15/10/2024,08:30,[08:15-08:30[,S,F,F,C,C,110.47,110.47
15/10/2024,08:45,[08:30-08:45[,S,F,F,C,C,110.47,110.47
15/10/2024,09:00,[08:45-09:00[,S,F,F,C,C,110.47,110.47
15/10/2024,09:15,[09:00-09:15[,S,F,F,C,C,92.74,92.74
15/10/2024,09:30,[09:15-09:30[,S,F,F,C,P,92.74,92.74
15/10/2024,09:45,[09:30-09:45[,S,F,F,C,P,92.74,92.74
15/10/2024,10:00,[09:45-10:00[,S,F,F,C,P,92.74,92.74
15/10/2024,10:15,[10:00-10:15[,S,F,F,C,P,83.05,83.05
15/10/2024,10:30,[10:15-10:30[,S,F,F,C,P,83.05,83.05
15/10/2024,10:45,[10:30-10:45[,S,F,F,P,P,83.05,83.05
15/10/2024,11:00,[10:45-11:00[,S,F,F,P,P,83.05,83.05
15/10/2024,11:15,[11:00-11:15[,S,F,F,P,P,80.00,80.00
15/10/2024,11:30,[11:15-11:30[,S,F,F,P,P,80.00,80.00
15/10/2024,11:45,[11:30-11:45[,S,F,F,P,P,80.00,80.00
15/10/2024,12:00,[11:45-12:00[,S,F,F,P,P,80.00,80.00
15/10/2024,12:15,[12:00-12:15[,S,F,F,P,P,79.92,79.92
15/10/2024,12:30,[12:15-12:30[,S,F,F,P,C,79.92,79.92
15/10/2024,12:45,[12:30-12:45[,S,F,F,P,C,79.92,79.92
15/10/2024,13:00,[12:45-13:00[,S,F,F,P,C,79.92,79.92
15/10/2024,13:15,[13:00-13:15[,S,F,F,C,C,70.16,70.16
15/10/2024,13:30,[13:15-13:30[,S,F,F,C,C,70.16,70.16
15/10/2024,13:45,[13:30-13:45[,S,F,F,C,C,70.16,70.16
15/10/2024,14:00,[13:45-14:00[,S,F,F,C,C,70.16,70.16
15/10/2024,14:15,[14:00-14:15[,S,F,F,C,C,71.90,71.90
15/10/2024,14:30,[14:15-14:30[,S,F,F,C,C,71.90,71.90
15/10/2024,14:45,[14:30-14:45[,S,F,F,C,C,71.90,71.90
15/10/2024,15:00,[14:45-15:00[,S,F,F,C,C,71.90,71.90
15/10/2024,15:15,[15:00-15:15[,S,F,F,C,C,82.19,82.19
15/10/2024,15:30,[15:15-15:30[,S,F,F,C,C,82.19,82.19
15/10/2024,15:45,[15:30-15:45[,S,F,F,C,C,82.19,82.19
15/10/2024,16:00,[15:45-16:00[,S,F,F,C,C,82.19,82.19
15/10/2024,16:15,[16:00-16:15[,S,F,F,C,C,81.00,81.00
15/10/2024,16:30,[16:15-16:30[,S,F,F,C,C,81.00,81.00
15/10/2024,16:45,[16:30-16:45[,S,F,F,C,C,81.00,81.00
15/10/2024,17:00,[16:45-17:00[,S,F,F,C,C,81.00,81.00
15/10/2024,17:15,[17:00-17:15[,S,F,F,C,C,90.08,90.08
15/10/2024,17:30,[17:15-17:30[,S,F,F,C,C,90.08,90.08
15/10/2024,17:45,[17:30-17:45[,S,F,F,C,C,90.08,90.08
15/10/2024,18:00,[17:45-18:00[,S,F,F,C,C,90.08,90.08
15/10/2024,18:15,[18:00-18:15[,S,F,F,C,C,105.01,105.01
15/10/2024,18:30,[18:15-18:30[,S,F,F,C,C,105.01,105.01
15/10/2024,18:45,[18:30-18:45[,S,F,F,C,C,105.01,105.01
15/10/2024,19:00,[18:45-19:00[,S,F,F,C,C,105.01,105.01
15/10/2024,19:15,[19:00-19:15[,S,F,F,C,C,125.89,125.89
15/10/2024,19:30,[19:15-19:30[,S,F,F,C,C,125.89,125.89
15/10/2024,19:45,[19:30-19:45[,S,F,F,P,C,125.89,125.89
15/10/2024,20:00,[19:45-20:00[,S,F,F,P,C,125.89,125.89
15/10/2024,20:15,[20:00-20:15[,S,F,F,P,C,105.01,105.01
15/10/2024,20:30,[20:15-20:30[,S,F,F,P,C,105.01,105.01
15/10/2024,20:45,[20:30-20:45[,S,F,F,P,C,105.01,105.01
15/10/2024,21:00,[20:45-21:00[,S,F,F,P,C,105.01,105.01
15/10/2024,21:15,[21:00-21:15[,S,F,F,C,C,90.08,90.08
15/10/2024,21:30,[21:15-21:30[,S,F,F,C,C,90.08,90.08
15/10/2024,21:45,[21:30-21:45[,S,F,F,C,C,90.08,90.08
15/10/2024,22:00,[21:45-22:00[,S,F,F,C,C,90.08,90.08
15/10/2024,22:15,[22:00-22:15[,S,V,F,V,C,79.26,79.26
15/10/2024,22:30,[22:15-22:30[,S,V,F,V,C,79.26,79.26
15/10/2024,22:45,[22:30-22:45[,S,V,F,V,C,79.26,79.26
15/10/2024,23:00,[22:45-23:00[,S,V,F,V,C,79.26,79.26
15/10/2024,23:15,[23:00-23:15[,S,V,F,V,C,54.50,54.50
15/10/2024,23:30,[23:15-23:30[,S,V,F,V,C,54.50,54.50
15/10/2024,23:45,[23:30-23:45[,S,V,F,V,C,54.50,54.50
15/10/2024,23:59,[23:45-00:00[,S,V,F,V,C,54.50,54.50
16/10/2024,00:15,[00:00-00:15[,S,V,V,V,V,47.51,47.51
16/10/2024,00:30,[00:15-00:30[,S,V,V,V,V,47.51,47.51
16/10/2024,00:45,[00:30-00:45[,S,V,V,V,V,47.51,47.51
16/10/2024,01:00,[00:45-01:00[,S,V,V,V,V,47.51,47.51
16/10/2024,01:15,[01:00-01:15[,S,V,V,V,V,45.00,45.00
16/10/2024,01:30,[01:15-01:30[,S,V,V,V,V,45.00,45.00
16/10/2024,01:45,[01:30-01:45[,S,V,V,V,V,45.00,45.00
16/10/2024,02:00,[01:45-02:00[,S,V,V,V,V,45.00,45.00
16/10/2024,02:15,[02:00-02:15[,S,V,V,V,V,40.32,40.32
16/10/2024,02:30,[02:15-02:30[,S,V,V,V,V,40.32,40.32
16/10/2024,02:45,[02:30-02:45[,S,V,V,V,V,40.32,40.32
16/10/2024,03:00,[02:45-03:00[,S,V,V,V,V,40.32,40.32
16/10/2024,03:15,[03:00-03:15[,S,V,V,V,V,40.00,40.00
16/10/2024,03:30,[03:15-03:30[,S,V,V,V,V,40.00,40.00
16/10/2024,03:45,[03:30-03:45[,S,V,V,V,V,40.00,40.00
16/10/2024,04:00,[03:45-04:00[,S,V,V,V,V,40.00,40.00
16/10/2024,04:15,[04:00-04:15[,S,V,V,V,V,40.00,40.00
16/10/2024,04:30,[04:15-04:30[,S,V,V,V,V,40.00,40.00
16/10/2024,04:45,[04:30-04:45[,S,V,V,V,V,40.00,40.00
16/10/2024,05:00,[04:45-05:00[,S,V,V,V,V,40.00,40.00
16/10/2024,05:15,[05:00-05:15[,S,V,V,V,V,52.84,52.84
16/10/2024,05:30,[05:15-05:30[,S,V,V,V,V,52.84,52.84
16/10/2024,05:45,[05:30-05:45[,S,V,V,V,V,52.84,52.84
16/10/2024,06:00,[05:45-06:00[,S,V,V,V,V,52.84,52.84
16/10/2024,06:15,[06:00-06:15[,S,V,V,V,V,49.90,49.90
16/10/2024,06:30,[06:15-06:30[,S,V,V,V,V,49.90,49.90
16/10/2024,06:45,[06:30-06:45[,S,V,V,V,V,49.90,49.90
16/10/2024,07:00,[06:45-07:00[,S,V,V,V,V,49.90,49.90
16/10/2024,07:15,[07:00-07:15[,S,V,F,V,C,59.55,59.55
16/10/2024,07:30,[07:15-07:30[,S,V,F,V,C,59.55,59.55
16/10/2024,07:45,[07:30-07:45[,S,V,F,V,C,59.55,59.55
16/10/2024,08:00,[07:45-08:00[,S,V,F,V,C,59.55,59.55
16/10/2024,08:15,[08:00-08:15[,S,F,F,C,C,54.29,54.29
16/10/2024,08:30,[08:15-08:30[,S,F,F,C,C,54.29,54.29
16/10/2024,08:45,[08:30-08:45[,S,F,F,C,C,54.29,54.29
16/10/2024,09:00,[08:45-09:00[,S,F,F,C,C,54.29,54.29
16/10/2024,09:15,[09:00-09:15[,S,F,F,C,C,30.00,30.00
16/10/2024,09:30,[09:15-09:30[,S,F,F,C,P,30.00,30.00
16/10/2024,09:45,[09:30-09:45[,S,F,F,C,P,30.00,30.00
16/10/2024,10:00,[09:45-10:00[,S,F,F,C,P,30.00,30.00
16/10/2024,10:15,[10:00-10:15[,S,F,F,C,P,14.16,14.16
16/10/2024,10:30,[10:15-10:30[,S,F,F,C,P,14.16,14.16
16/10/2024,10:45,[10:30-10:45[,S,F,F,P,P,14.16,14.16
16/10/2024,11:00,[10:45-11:00[,S,F,F,P,P,14.16,14.16
16/10/2024,11:15,[11:00-11:15[,S,F,F,P,P,4.09,4.09
16/10/2024,11:30,[11:15-11:30[,S,F,F,P,P,4.09,4.09
16/10/2024,11:45,[11:30-11:45[,S,F,F,P,P,4.09,4.09
16/10/2024,12:00,[11:45-12:00[,S,F,F,P,P,4.09,4.09
16/10/2024,12:15,[12:00-12:15[,S,F,F,P,P,3.32,3.32
16/10/2024,12:30,[12:15-12:30[,S,F,F,P,C,3.32,3.32
16/10/2024,12:45,[12:30-12:45[,S,F,F,P,C,3.32,3.32
16/10/2024,13:00,[12:45-13:00[,S,F,F,P,C,3.32,3.32
16/10/2024,13:15,[13:00-13:15[,S,F,F,C,C,4.00,4.00
16/10/2024,13:30,[13:15-13:30[,S,F,F,C,C,4.00,4.00
16/10/2024,13:45,[13:30-13:45[,S,F,F,C,C,4.00,4.00
16/10/2024,14:00,[13:45-14:00[,S,F,F,C,C,4.00,4.00
16/10/2024,14:15,[14:00-14:15[,S,F,F,C,C,14.18,14.18
16/10/2024,14:30,[14:15-14:30[,S,F,F,C,C,14.18,14.18
16/10/2024,14:45,[14:30-14:45[,S,F,F,C,C,14.18,14.18
16/10/2024,15:00,[14:45-15:00[,S,F,F,C,C,14.18,14.18
16/10/2024,15:15,[15:00-15:15[,S,F,F,C,C,30.84,30.84
16/10/2024,15:30,[15:15-15:30[,S,F,F,C,C,30.84,30.84
16/10/2024,15:45,[15:30-15:45[,S,F,F,C,C,30.84,30.84
16/10/2024,16:00,[15:45-16:00[,S,F,F,C,C,30.84,30.84
16/10/2024,16:15,[16:00-16:15[,S,F,F,C,C,51.81,51.81
16/10/2024,16:30,[16:15-16:30[,S,F,F,C,C,51.81,51.81
16/10/2024,16:45,[16:30-16:45[,S,F,F,C,C,51.81,51.81
16/10/2024,17:00,[16:45-17:00[,S,F,F,C,C,51.81,51.81
16/10/2024,17:15,[17:00-17:15[,S,F,F,C,C,75.74,75.74
16/10/2024,17:30,[17:15-17:30[,S,F,F,C,C,75.74,75.74
16/10/2024,17:45,[17:30-17:45[,S,F,F,C,C,75.74,75.74
16/10/2024,18:00,[17:45-18:00[,S,F,F,C,C,75.74,75.74
16/10/2024,18:15,[18:00-18:15[,S,F,F,C,C,83.91,83.91
16/10/2024,18:30,[18:15-18:30[,S,F,F,C,C,83.91,83.91
16/10/2024,18:45,[18:30-18:45[,S,F,F,C,C,83.91,83.91
16/10/2024,19:00,[18:45-19:00[,S,F,F,C,C,83.91,83.91
16/10/2024,19:15,[19:00-19:15[,S,F,F,C,C,112.08,112.08
16/10/2024,19:30,[19:15-19:30[,S,F,F,C,C,112.08,112.08
16/10/2024,19:45,[19:30-19:45[,S,F,F,P,C,112.08,112.08
16/10/2024,20:00,[19:45-20:00[,S,F,F,P,C,112.08,112.08
16/10/2024,20:15,[20:00-20:15[,S,F,F,P,C,105.01,105.01
16/10/2024,20:30,[20:15-20:30[,S,F,F,P,C,105.01,105.01
16/10/2024,20:45,[20:30-20:45[,S,F,F,P,C,105.01,105.01
16/10/2024,21:00,[20:45-21:00[,S,F,F,P,C,105.01,105.01
16/10/2024,21:15,[21:00-21:15[,S,F,F,C,C,83.30,83.30
16/10/2024,21:30,[21:15-21:30[,S,F,F,C,C,83.30,83.30
16/10/2024,21:45,[21:30-21:45[,S,F,F,C,C,83.30,83.30
16/10/2024,22:00,[21:45-22:00[,S,F,F,C,C,83.30,83.30
16/10/2024,22:15,[22:00-22:15[,S,V,F,V,C,75.74,75.74
16/10/2024,22:30,[22:15-22:30[,S,V,F,V,C,75.74,75.74
16/10/2024,22:45,[22:30-22:45[,S,V,F,V,C,75.74,75.74
16/10/2024,23:00,[22:45-23:00[,S,V,F,V,C,75.74,75.74
16/10/2024,23:15,[23:00-23:15[,S,V,F,V,C,84.80,84.80
16/10/2024,23:30,[23:15-23:30[,S,V,F,V,C,84.80,84.80
16/10/2024,23:45,[23:30-23:45[,S,V,F,V,C,84.80,84.80
16/10/2024,23:59,[23:45-00:00[,S,V,F,V,C,84.80,84.80
17/10/2024,00:15,[00:00-00:15[,S,V,V,V,V,76.50,76.50
17/10/2024,00:30,[00:15-00:30[,S,V,V,V,V,76.50,76.50
17/10/2024,00:45,[00:30-00:45[,S,V,V,V,V,76.50,76.50
17/10/2024,01:00,[00:45-01:00[,S,V,V,V,V,76.50,76.50
17/10/2024,01:15,[01:00-01:15[,S,V,V,V,V,70.12,70.12
17/10/2024,01:30,[01:15-01:30[,S,V,V,V,V,70.12,70.12
17/10/2024,01:45,[01:30-01:45[,S,V,V,V,V,70.12,70.12
17/10/2024,02:00,[01:45-02:00[,S,V,V,V,V,70.12,70.12
17/10/2024,02:15,[02:00-02:15[,S,V,V,V,V,70.00,70.00
17/10/2024,02:30,[02:15-02:30[,S,V,V,V,V,70.00,70.00
17/10/2024,02:45,[02:30-02:45[,S,V,V,V,V,70.00,70.00
17/10/2024,03:00,[02:45-03:00[,S,V,V,V,V,70.00,70.00
17/10/2024,03:15,[03:00-03:15[,S,V,V,V,V,60.00,60.00
17/10/2024,03:30,[03:15-03:30[,S,V,V,V,V,60.00,60.00
17/10/2024,03:45,[03:30-03:45[,S,V,V,V,V,60.00,60.00
17/10/2024,04:00,[03:45-04:00[,S,V,V,V,V,60.00,60.00
17/10/2024,04:15,[04:00-04:15[,S,V,V,V,V,54.08,54.08
17/10/2024,04:30,[04:15-04:30[,S,V,V,V,V,54.08,54.08
17/10/2024,04:45,[04:30-04:45[,S,V,V,V,V,54.08,54.08
17/10/2024,05:00,[04:45-05:00[,S,V,V,V,V,54.08,54.08
17/10/2024,05:15,[05:00-05:15[,S,V,V,V,V,63.38,63.38
17/10/2024,05:30,[05:15-05:30[,S,V,V,V,V,63.38,63.38
17/10/2024,05:45,[05:30-05:45[,S,V,V,V,V,63.38,63.38
17/10/2024,06:00,[05:45-06:00[,S,V,V,V,V,63.38,63.38
17/10/2024,06:15,[06:00-06:15[,S,V,V,V,V,84.34,84.34
17/10/2024,06:30,[06:15-06:30[,S,V,V,V,V,84.34,84.34
17/10/2024,06:45,[06:30-06:45[,S,V,V,V,V,84.34,84.34
17/10/2024,07:00,[06:45-07:00[,S,V,V,V,V,84.34,84.34
17/10/2024,07:15,[07:00-07:15[,S,V,F,V,C,83.93,83.93
17/10/2024,07:30,[07:15-07:30[,S,V,F,V,C,83.93,83.93
17/10/2024,07:45,[07:30-07:45[,S,V,F,V,C,83.93,83.93
17/10/2024,08:00,[07:45-08:00[,S,V,F,V,C,83.93,83.93
17/10/2024,08:15,[08:00-08:15[,S,F,F,C,C,82.27,82.27
17/10/2024,08:30,[08:15-08:30[,S,F,F,C,C,82.27,82.27
17/10/2024,08:45,[08:30-08:45[,S,F,F,C,C,82.27,82.27
17/10/2024,09:00,[08:45-09:00[,S,F,F,C,C,82.27,82.27
17/10/2024,09:15,[09:00-09:15[,S,F,F,C,C,55.00,55.00
17/10/2024,09:30,[09:15-09:30[,S,F,F,C,P,55.00,55.00
17/10/2024,09:45,[09:30-09:45[,S,F,F,C,P,55.00,55.00
17/10/2024,10:00,[09:45-10:00[,S,F,F,C,P,55.00,55.00
17/10/2024,10:15,[10:00-10:15[,S,F,F,C,P,7.00,7.00
17/10/2024,10:30,[10:15-10:30[,S,F,F,C,P,7.00,7.00
17/10/2024,10:45,[10:30-10:45[,S,F,F,P,P,7.00,7.00
17/10/2024,11:00,[10:45-11:00[,S,F,F,P,P,7.00,7.00
17/10/2024,11:15,[11:00-11:15[,S,F,F,P,P,3.32,3.32
17/10/2024,11:30,[11:15-11:30[,S,F,F,P,P,3.32,3.32
17/10/2024,11:45,[11:30-11:45[,S,F,F,P,P,3.32,3.32
17/10/2024,12:00,[11:45-12:00[,S,F,F,P,P,3.32,3.32
17/10/2024,12:15,[12:00-12:15[,S,F,F,P,P,3.32,3.32
17/10/2024,12:30,[12:15-12:30[,S,F,F,P,C,3.32,3.32
17/10/2024,12:45,[12:30-12:45[,S,F,F,P,C,3.32,3.32
17/10/2024,13:00,[12:45-13:00[,S,F,F,P,C,3.32,3.32
17/10/2024,13:15,[13:00-13:15[,S,F,F,C,C,1.51,1.51
17/10/2024,13:30,[13:15-13:30[,S,F,F,C,C,1.51,1.51
17/10/2024,13:45,[13:30-13:45[,S,F,F,C,C,1.51,1.51
17/10/2024,14:00,[13:45-14:00[,S,F,F,C,C,1.51,1.51
17/10/2024,14:15,[14:00-14:15[,S,F,F,C,C,0.44,0.44
17/10/2024,14:30,[14:15-14:30[,S,F,F,C,C,0.44,0.44
17/10/2024,14:45,[14:30-14:45[,S,F,F,C,C,0.44,0.44
17/10/2024,15:00,[14:45-15:00[,S,F,F,C,C,0.44,0.44
17/10/2024,15:15,[15:00-15:15[,S,F,F,C,C,0.44,0.44
17/10/2024,15:30,[15:15-15:30[,S,F,F,C,C,0.44,0.44
17/10/2024,15:45,[15:30-15:45[,S,F,F,C,C,0.44,0.44
17/10/2024,16:00,[15:45-16:00[,S,F,F,C,C,0.44,0.44
17/10/2024,16:15,[16:00-16:15[,S,F,F,C,C,3.32,3.32
17/10/2024,16:30,[16:15-16:30[,S,F,F,C,C,3.32,3.32
17/10/2024,16:45,[16:30-16:45[,S,F,F,C,C,3.32,3.32
17/10/2024,17:00,[16:45-17:00[,S,F,F,C,C,3.32,3.32
17/10/2024,17:15,[17:00-17:15[,S,F,F,C,C,49.97,49.97
17/10/2024,17:30,[17:15-17:30[,S,F,F,C,C,49.97,49.97
17/10/2024,17:45,[17:30-17:45[,S,F,F,C,C,49.97,49.97
17/10/2024,18:00,[17:45-18:00[,S,F,F,C,C,49.97,49.97
17/10/2024,18:15,[18:00-18:15[,S,F,F,C,C,82.27,82.27
17/10/2024,18:30,[18:15-18:30[,S,F,F,C,C,82.27,82.27
17/10/2024,18:45,[18:30-18:45[,S,F,F,C,C,82.27,82.27
17/10/2024,19:00,[18:45-19:00[,S,F,F,C,C,82.27,82.27
17/10/2024,19:15,[19:00-19:15[,S,F,F,C,C,82.27,82.27
17/10/2024,19:30,[19:15-19:30[,S,F,F,C,C,82.27,82.27
17/10/2024,19:45,[19:30-19:45[,S,F,F,P,C,82.27,82.27
17/10/2024,20:00,[19:45-20:00[,S,F,F,P,C,82.27,82.27
17/10/2024,20:15,[20:00-20:15[,S,F,F,P,C,72.59,72.59
17/10/2024,20:30,[20:15-20:30[,S,F,F,P,C,72.59,72.59
17/10/2024,20:45,[20:30-20:45[,S,F,F,P,C,72.59,72.59
17/10/2024,21:00,[20:45-21:00[,S,F,F,P,C,72.59,72.59
17/10/2024,21:15,[21:00-21:15[,S,F,F,C,C,71.08,71.08
17/10/2024,21:30,[21:15-21:30[,S,F,F,C,C,71.08,71.08
17/10/2024,21:45,[21:30-21:45[,S,F,F,C,C,71.08,71.08
17/10/2024,22:00,[21:45-22:00[,S,F,F,C,C,71.08,71.08
17/10/2024,22:15,[22:00-22:15[,S,V,F,V,C,68.06,68.06
17/10/2024,22:30,[22:15-22:30[,S,V,F,V,C,68.06,68.06
17/10/2024,22:45,[22:30-22:45[,S,V,F,V,C,68.06,68.06
17/10/2024,23:00,[22:45-23:00[,S,V,F,V,C,68.06,68.06
17/10/2024,23:15,[23:00-23:15[,S,V,F,V,C,50.10,50.10
17/10/2024,23:30,[23:15-23:30[,S,V,F,V,C,50.10,50.10
17/10/2024,23:45,[23:30-23:45[,S,V,F,V,C,50.10,50.10
17/10/2024,23:59,[23:45-00:00[,S,V,F,V,C,50.10,50.10
18/10/2024,00:15,[00:00-00:15[,S,V,V,V,V,45.62,45.62
18/10/2024,00:30,[00:15-00:30[,S,V,V,V,V,45.62,45.62
18/10/2024,00:45,[00:30-00:45[,S,V,V,V,V,45.62,45.62
18/10/2024,01:00,[00:45-01:00[,S,V,V,V,V,45.62,45.62
18/10/2024,01:15,[01:00-01:15[,S,V,V,V,V,38.06,38.06
18/10/2024,01:30,[01:15-01:30[,S,V,V,V,V,38.06,38.06
18/10/2024,01:45,[01:30-01:45[,S,V,V,V,V,38.06,38.06
18/10/2024,02:00,[01:45-02:00[,S,V,V,V,V,38.06,38.06
18/10/2024,02:15,[02:00-02:15[,S,V,V,V,V,30.30,30.30
18/10/2024,02:30,[02:15-02:30[,S,V,V,V,V,30.30,30.30
18/10/2024,02:45,[02:30-02:45[,S,V,V,V,V,30.30,30.30
18/10/2024,03:00,[02:45-03:00[,S,V,V,V,V,30.30,30.30
18/10/2024,03:15,[03:00-03:15[,S,V,V,V,V,51.21,30.30
18/10/2024,03:30,[03:15-03:30[,S,V,V,V,V,51.21,30.30
18/10/2024,03:45,[03:30-03:45[,S,V,V,V,V,51.21,30.30
18/10/2024,04:00,[03:45-04:00[,S,V,V,V,V,51.21,30.30
18/10/2024,04:15,[04:00-04:15[,S,V,V,V,V,51.21,49.03
18/10/2024,04:30,[04:15-04:30[,S,V,V,V,V,51.21,49.03
18/10/2024,04:45,[04:30-04:45[,S,V,V,V,V,51.21,49.03
18/10/2024,05:00,[04:45-05:00[,S,V,V,V,V,51.21,49.03
18/10/2024,05:15,[05:00-05:15[,S,V,V,V,V,57.84,57.84
18/10/2024,05:30,[05:15-05:30[,S,V,V,V,V,57.84,57.84
18/10/2024,05:45,[05:30-05:45[,S,V,V,V,V,57.84,57.84
18/10/2024,06:00,[05:45-06:00[,S,V,V,V,V,57.84,57.84
18/10/2024,06:15,[06:00-06:15[,S,V,V,V,V,75.00,75.00
18/10/2024,06:30,[06:15-06:30[,S,V,V,V,V,75.00,75.00
18/10/2024,06:45,[06:30-06:45[,S,V,V,V,V,75.00,75.00
18/10/2024,07:00,[06:45-07:00[,S,V,V,V,V,75.00,75.00
18/10/2024,07:15,[07:00-07:15[,S,V,F,V,C,99.50,99.50
18/10/2024,07:30,[07:15-07:30[,S,V,F,V,C,99.50,99.50
18/10/2024,07:45,[07:30-07:45[,S,V,F,V,C,99.50,99.50
18/10/2024,08:00,[07:45-08:00[,S,V,F,V,C,99.50,99.50
18/10/2024,08:15,[08:00-08:15[,S,F,F,C,C,75.00,75.00
18/10/2024,08:30,[08:15-08:30[,S,F,F,C,C,75.00,75.00
18/10/2024,08:45,[08:30-08:45[,S,F,F,C,C,75.00,75.00
18/10/2024,09:00,[08:45-09:00[,S,F,F,C,C,75.00,75.00
18/10/2024,09:15,[09:00-09:15[,S,F,F,C,C,54.50,54.50
18/10/2024,09:30,[09:15-09:30[,S,F,F,C,P,54.50,54.50
18/10/2024,09:45,[09:30-09:45[,S,F,F,C,P,54.50,54.50
18/10/2024,10:00,[09:45-10:00[,S,F,F,C,P,54.50,54.50
18/10/2024,10:15,[10:00-10:15[,S,F,F,C,P,54.08,29.88
18/10/2024,10:30,[10:15-10:30[,S,F,F,C,P,54.08,29.88
18/10/2024,10:45,[10:30-10:45[,S,F,F,P,P,54.08,29.88
18/10/2024,11:00,[10:45-11:00[,S,F,F,P,P,54.08,29.88
18/10/2024,11:15,[11:00-11:15[,S,F,F,P,P,54.08,5.00
18/10/2024,11:30,[11:15-11:30[,S,F,F,P,P,54.08,5.00
18/10/2024,11:45,[11:30-11:45[,S,F,F,P,P,54.08,5.00
18/10/2024,12:00,[11:45-12:00[,S,F,F,P,P,54.08,5.00
18/10/2024,12:15,[12:00-12:15[,S,F,F,P,P,53.83,3.81
18/10/2024,12:30,[12:15-12:30[,S,F,F,P,C,53.83,3.81
18/10/2024,12:45,[12:30-12:45[,S,F,F,P,C,53.83,3.81
18/10/2024,13:00,[12:45-13:00[,S,F,F,P,C,53.83,3.81
18/10/2024,13:15,[13:00-13:15[,S,F,F,C,C,51.21,3.60
18/10/2024,13:30,[13:15-13:30[,S,F,F,C,C,51.21,3.60
18/10/2024,13:45,[13:30-13:45[,S,F,F,C,C,51.21,3.60
18/10/2024,14:00,[13:45-14:00[,S,F,F,C,C,51.21,3.60
18/10/2024,14:15,[14:00-14:15[,S,F,F,C,C,46.69,3.32
18/10/2024,14:30,[14:15-14:30[,S,F,F,C,C,46.69,3.32
18/10/2024,14:45,[14:30-14:45[,S,F,F,C,C,46.69,3.32
18/10/2024,15:00,[14:45-15:00[,S,F,F,C,C,46.69,3.32
18/10/2024,15:15,[15:00-15:15[,S,F,F,C,C,46.13,6.00
18/10/2024,15:30,[15:15-15:30[,S,F,F,C,C,46.13,6.00
18/10/2024,15:45,[15:30-15:45[,S,F,F,C,C,46.13,6.00
18/10/2024,16:00,[15:45-16:00[,S,F,F,C,C,46.13,6.00
18/10/2024,16:15,[16:00-16:15[,S,F,F,C,C,51.21,49.97
18/10/2024,16:30,[16:15-16:30[,S,F,F,C,C,51.21,49.97
18/10/2024,16:45,[16:30-16:45[,S,F,F,C,C,51.21,49.97
18/10/2024,17:00,[16:45-17:00[,S,F,F,C,C,51.21,49.97
18/10/2024,17:15,[17:00-17:15[,S,F,F,C,C,81.89,81.89
18/10/2024,17:30,[17:15-17:30[,S,F,F,C,C,81.89,81.89
18/10/2024,17:45,[17:30-17:45[,S,F,F,C,C,81.89,81.89
18/10/2024,18:00,[17:45-18:00[,S,F,F,C,C,81.89,81.89
18/10/2024,18:15,[18:00-18:15[,S,F,F,C,C,109.56,109.56
18/10/2024,18:30,[18:15-18:30[,S,F,F,C,C,109.56,109.56
18/10/2024,18:45,[18:30-18:45[,S,F,F,C,C,109.56,109.56
18/10/2024,19:00,[18:45-19:00[,S,F,F,C,C,109.56,109.56
18/10/2024,19:15,[19:00-19:15[,S,F,F,C,C,103.25,103.25
18/10/2024,19:30,[19:15-19:30[,S,F,F,C,C,103.25,103.25
18/10/2024,19:45,[19:30-19:45[,S,F,F,P,C,103.25,103.25
18/10/2024,20:00,[19:45-20:00[,S,F,F,P,C,103.25,103.25
18/10/2024,20:15,[20:00-20:15[,S,F,F,P,C,93.89,93.89
18/10/2024,20:30,[20:15-20:30[,S,F,F,P,C,93.89,93.89
18/10/2024,20:45,[20:30-20:45[,S,F,F,P,C,93.89,93.89
18/10/2024,21:00,[20:45-21:00[,S,F,F,P,C,93.89,93.89
18/10/2024,21:15,[21:00-21:15[,S,F,F,C,C,81.20,81.20
18/10/2024,21:30,[21:15-21:30[,S,F,F,C,C,81.20,81.20
18/10/2024,21:45,[21:30-21:45[,S,F,F,C,C,81.20,81.20
18/10/2024,22:00,[21:45-22:00[,S,F,F,C,C,81.20,81.20
18/10/2024,22:15,[22:00-22:15[,S,V,F,V,C,71.08,71.08
18/10/2024,22:30,[22:15-22:30[,S,V,F,V,C,71.08,71.08
18/10/2024,22:45,[22:30-22:45[,S,V,F,V,C,71.08,71.08
18/10/2024,23:00,[22:45-23:00[,S,V,F,V,C,71.08,71.08
18/10/2024,23:15,[23:00-23:15[,S,V,F,V,C,65.00,65.00
18/10/2024,23:30,[23:15-23:30[,S,V,F,V,C,65.00,65.00
18/10/2024,23:45,[23:30-23:45[,S,V,F,V,C,65.00,65.00
18/10/2024,23:59,[23:45-00:00[,S,V,F,V,C,65.00,65.00
19/10/2024,00:15,[00:00-00:15[,S,V,V,V,V,62.14,62.14
19/10/2024,00:30,[00:15-00:30[,S,V,V,V,V,62.14,62.14
19/10/2024,00:45,[00:30-00:45[,S,V,V,V,V,62.14,62.14
19/10/2024,01:00,[00:45-01:00[,S,V,V,V,V,62.14,62.14
19/10/2024,01:15,[01:00-01:15[,S,V,V,V,V,51.21,51.21
19/10/2024,01:30,[01:15-01:30[,S,V,V,V,V,51.21,51.21
19/10/2024,01:45,[01:30-01:45[,S,V,V,V,V,51.21,51.21
19/10/2024,02:00,[01:45-02:00[,S,V,V,V,V,51.21,51.21
19/10/2024,02:15,[02:00-02:15[,S,V,V,V,V,50.47,40.00
19/10/2024,02:30,[02:15-02:30[,S,V,V,V,V,50.47,40.00
19/10/2024,02:45,[02:30-02:45[,S,V,V,V,V,50.47,40.00
19/10/2024,03:00,[02:45-03:00[,S,V,V,V,V,50.47,40.00
19/10/2024,03:15,[03:00-03:15[,S,V,V,V,V,50.47,40.00
19/10/2024,03:30,[03:15-03:30[,S,V,V,V,V,50.47,40.00
19/10/2024,03:45,[03:30-03:45[,S,V,V,V,V,50.47,40.00
19/10/2024,04:00,[03:45-04:00[,S,V,V,V,V,50.47,40.00
19/10/2024,04:15,[04:00-04:15[,S,V,V,V,V,47.50,41.25
19/10/2024,04:30,[04:15-04:30[,S,V,V,V,V,47.50,41.25
19/10/2024,04:45,[04:30-04:45[,S,V,V,V,V,47.50,41.25
19/10/2024,05:00,[04:45-05:00[,S,V,V,V,V,47.50,41.25
19/10/2024,05:15,[05:00-05:15[,S,V,V,V,V,54.78,54.78
19/10/2024,05:30,[05:15-05:30[,S,V,V,V,V,54.78,54.78
19/10/2024,05:45,[05:30-05:45[,S,V,V,V,V,54.78,54.78
19/10/2024,06:00,[05:45-06:00[,S,V,V,V,V,54.78,54.78
19/10/2024,06:15,[06:00-06:15[,S,V,V,V,V,62.40,62.40
19/10/2024,06:30,[06:15-06:30[,S,V,V,V,V,62.40,62.40
19/10/2024,06:45,[06:30-06:45[,S,V,V,V,V,62.40,62.40
19/10/2024,07:00,[06:45-07:00[,S,V,V,V,V,62.40,62.40
19/10/2024,07:15,[07:00-07:15[,S,V,V,V,V,70.00,70.00
19/10/2024,07:30,[07:15-07:30[,S,V,V,V,V,70.00,70.00
19/10/2024,07:45,[07:30-07:45[,S,V,V,V,V,70.00,70.00
19/10/2024,08:00,[07:45-08:00[,S,V,V,V,V,70.00,70.00
19/10/2024,08:15,[08:00-08:15[,S,F,V,C,V,64.53,64.53
19/10/2024,08:30,[08:15-08:30[,S,F,V,C,V,64.53,64.53
19/10/2024,08:45,[08:30-08:45[,S,F,V,C,V,64.53,64.53
19/10/2024,09:00,[08:45-09:00[,S,F,V,C,V,64.53,64.53
19/10/2024,09:15,[09:00-09:15[,S,F,F,C,C,46.42,46.42
19/10/2024,09:30,[09:15-09:30[,S,F,F,C,C,46.42,46.42
19/10/2024,09:45,[09:30-09:45[,S,F,F,C,C,46.42,46.42
19/10/2024,10:00,[09:45-10:00[,S,F,F,C,C,46.42,46.42
19/10/2024,10:15,[10:00-10:15[,S,F,F,C,C,35.00,35.00
19/10/2024,10:30,[10:15-10:30[,S,F,F,C,C,35.00,35.00
19/10/2024,10:45,[10:30-10:45[,S,F,F,P,C,35.00,35.00
19/10/2024,11:00,[10:45-11:00[,S,F,F,P,C,35.00,35.00
19/10/2024,11:15,[11:00-11:15[,S,F,F,P,C,30.24,30.24
19/10/2024,11:30,[11:15-11:30[,S,F,F,P,C,30.24,30.24
19/10/2024,11:45,[11:30-11:45[,S,F,F,P,C,30.24,30.24
19/10/2024,12:00,[11:45-12:00[,S,F,F,P,C,30.24,30.24
19/10/2024,12:15,[12:00-12:15[,S,F,F,P,C,17.67,17.67
19/10/2024,12:30,[12:15-12:30[,S,F,F,P,C,17.67,17.67
19/10/2024,12:45,[12:30-12:45[,S,F,F,P,C,17.67,17.67
19/10/2024,13:00,[12:45-13:00[,S,F,F,P,C,17.67,17.67
19/10/2024,13:15,[13:00-13:15[,S,F,F,C,C,13.17,13.17
19/10/2024,13:30,[13:15-13:30[,S,F,F,C,C,13.17,13.17
19/10/2024,13:45,[13:30-13:45[,S,F,F,C,C,13.17,13.17
19/10/2024,14:00,[13:45-14:00[,S,F,F,C,C,13.17,13.17
19/10/2024,14:15,[14:00-14:15[,S,F,V,C,V,5.79,5.79
19/10/2024,14:30,[14:15-14:30[,S,F,V,C,V,5.79,5.79
19/10/2024,14:45,[14:30-14:45[,S,F,V,C,V,5.79,5.79
19/10/2024,15:00,[14:45-15:00[,S,F,V,C,V,5.79,5.79
19/10/2024,15:15,[15:00-15:15[,S,F,V,C,V,5.05,5.05
19/10/2024,15:30,[15:15-15:30[,S,F,V,C,V,5.05,5.05
19/10/2024,15:45,[15:30-15:45[,S,F,V,C,V,5.05,5.05
19/10/2024,16:00,[15:45-16:00[,S,F,V,C,V,5.05,5.05
19/10/2024,16:15,[16:00-16:15[,S,F,V,C,V,22.32,22.32
19/10/2024,16:30,[16:15-16:30[,S,F,V,C,V,22.32,22.32
19/10/2024,16:45,[16:30-16:45[,S,F,V,C,V,22.32,22.32
19/10/2024,17:00,[16:45-17:00[,S,F,V,C,V,22.32,22.32
19/10/2024,17:15,[17:00-17:15[,S,F,V,C,V,44.13,44.13
19/10/2024,17:30,[17:15-17:30[,S,F,V,C,V,44.13,44.13
19/10/2024,17:45,[17:30-17:45[,S,F,V,C,V,44.13,44.13
19/10/2024,18:00,[17:45-18:00[,S,F,V,C,V,44.13,44.13
19/10/2024,18:15,[18:00-18:15[,S,F,V,C,V,70.00,70.00
19/10/2024,18:30,[18:15-18:30[,S,F,V,C,V,70.00,70.00
19/10/2024,18:45,[18:30-18:45[,S,F,V,C,V,70.00,70.00
19/10/2024,19:00,[18:45-19:00[,S,F,V,C,V,70.00,70.00
19/10/2024,19:15,[19:00-19:15[,S,F,V,C,V,82.88,82.88
19/10/2024,19:30,[19:15-19:30[,S,F,V,C,V,82.88,82.88
19/10/2024,19:45,[19:30-19:45[,S,F,V,P,V,82.88,82.88
19/10/2024,20:00,[19:45-20:00[,S,F,V,P,V,82.88,82.88
19/10/2024,20:15,[20:00-20:15[,S,F,F,P,C,91.50,91.50
19/10/2024,20:30,[20:15-20:30[,S,F,F,P,C,91.50,91.50
19/10/2024,20:45,[20:30-20:45[,S,F,F,P,C,91.50,91.50
19/10/2024,21:00,[20:45-21:00[,S,F,F,P,C,91.50,91.50
19/10/2024,21:15,[21:00-21:15[,S,F,F,C,C,80.18,80.18
19/10/2024,21:30,[21:15-21:30[,S,F,F,C,C,80.18,80.18
19/10/2024,21:45,[21:30-21:45[,S,F,F,C,C,80.18,80.18
19/10/2024,22:00,[21:45-22:00[,S,F,F,C,C,80.18,80.18
19/10/2024,22:15,[22:00-22:15[,S,V,V,V,V,73.33,73.33
19/10/2024,22:30,[22:15-22:30[,S,V,V,V,V,73.33,73.33
19/10/2024,22:45,[22:30-22:45[,S,V,V,V,V,73.33,73.33
19/10/2024,23:00,[22:45-23:00[,S,V,V,V,V,73.33,73.33
19/10/2024,23:15,[23:00-23:15[,S,V,V,V,V,56.00,56.00
19/10/2024,23:30,[23:15-23:30[,S,V,V,V,V,56.00,56.00
19/10/2024,23:45,[23:30-23:45[,S,V,V,V,V,56.00,56.00
19/10/2024,23:59,[23:45-00:00[,S,V,V,V,V,56.00,56.00
20/10/2024,00:15,[00:00-00:15[,S,V,V,V,V,54.85,40.00
20/10/2024,00:30,[00:15-00:30[,S,V,V,V,V,54.85,40.00
20/10/2024,00:45,[00:30-00:45[,S,V,V,V,V,54.85,40.00
20/10/2024,01:00,[00:45-01:00[,S,V,V,V,V,54.85,40.00
20/10/2024,01:15,[01:00-01:15[,S,V,V,V,V,54.85,30.10
20/10/2024,01:30,[01:15-01:30[,S,V,V,V,V,54.85,30.10
20/10/2024,01:45,[01:30-01:45[,S,V,V,V,V,54.85,30.10
20/10/2024,02:00,[01:45-02:00[,S,V,V,V,V,54.85,30.10
20/10/2024,02:15,[02:00-02:15[,S,V,V,V,V,54.85,31.25
20/10/2024,02:30,[02:15-02:30[,S,V,V,V,V,54.85,31.25
20/10/2024,02:45,[02:30-02:45[,S,V,V,V,V,54.85,31.25
20/10/2024,03:00,[02:45-03:00[,S,V,V,V,V,54.85,31.25
20/10/2024,03:15,[03:00-03:15[,S,V,V,V,V,54.60,35.01
20/10/2024,03:30,[03:15-03:30[,S,V,V,V,V,54.60,35.01
20/10/2024,03:45,[03:30-03:45[,S,V,V,V,V,54.60,35.01
20/10/2024,04:00,[03:45-04:00[,S,V,V,V,V,54.60,35.01
20/10/2024,04:15,[04:00-04:15[,S,V,V,V,V,54.60,43.10
20/10/2024,04:30,[04:15-04:30[,S,V,V,V,V,54.60,43.10
20/10/2024,04:45,[04:30-04:45[,S,V,V,V,V,54.60,43.10
20/10/2024,05:00,[04:45-05:00[,S,V,V,V,V,54.60,43.10
20/10/2024,05:15,[05:00-05:15[,S,V,V,V,V,54.85,54.85
20/10/2024,05:30,[05:15-05:30[,S,V,V,V,V,54.85,54.85
20/10/2024,05:45,[05:30-05:45[,S,V,V,V,V,54.85,54.85
20/10/2024,06:00,[05:45-06:00[,S,V,V,V,V,54.85,54.85
20/10/2024,06:15,[06:00-06:15[,S,V,V,V,V,54.85,54.85
20/10/2024,06:30,[06:15-06:30[,S,V,V,V,V,54.85,54.85
20/10/2024,06:45,[06:30-06:45[,S,V,V,V,V,54.85,54.85
20/10/2024,07:00,[06:45-07:00[,S,V,V,V,V,54.85,54.85
20/10/2024,07:15,[07:00-07:15[,S,V,V,V,V,55.27,55.27
20/10/2024,07:30,[07:15-07:30[,S,V,V,V,V,55.27,55.27
20/10/2024,07:45,[07:30-07:45[,S,V,V,V,V,55.27,55.27
20/10/2024,08:00,[07:45-08:00[,S,V,V,V,V,55.27,55.27
20/10/2024,08:15,[08:00-08:15[,S,F,V,C,V,54.85,45.00
20/10/2024,08:30,[08:15-08:30[,S,F,V,C,V,54.85,45.00
20/10/2024,08:45,[08:30-08:45[,S,F,V,C,V,54.85,45.00
20/10/2024,09:00,[08:45-09:00[,S,F,V,C,V,54.85,45.00
20/10/2024,09:15,[09:00-09:15[,S,F,V,C,V,54.60,6.37
20/10/2024,09:30,[09:15-09:30[,S,F,V,C,V,54.60,6.37
20/10/2024,09:45,[09:30-09:45[,S,F,V,C,V,54.60,6.37
20/10/2024,10:00,[09:45-10:00[,S,F,V,C,V,54.60,6.37
20/10/2024,10:15,[10:00-10:15[,S,F,V,C,V,0.08,0.08
20/10/2024,10:30,[10:15-10:30[,S,F,V,C,V,0.08,0.08
20/10/2024,10:45,[10:30-10:45[,S,F,V,P,V,0.08,0.08
20/10/2024,11:00,[10:45-11:00[,S,F,V,P,V,0.08,0.08
20/10/2024,11:15,[11:00-11:15[,S,F,V,P,V,3.33,0.00
20/10/2024,11:30,[11:15-11:30[,S,F,V,P,V,3.33,0.00
20/10/2024,11:45,[11:30-11:45[,S,F,V,P,V,3.33,0.00
20/10/2024,12:00,[11:45-12:00[,S,F,V,P,V,3.33,0.00
20/10/2024,12:15,[12:00-12:15[,S,F,V,P,V,3.33,-0.01
20/10/2024,12:30,[12:15-12:30[,S,F,V,P,V,3.33,-0.01
20/10/2024,12:45,[12:30-12:45[,S,F,V,P,V,3.33,-0.01
20/10/2024,13:00,[12:45-13:00[,S,F,V,P,V,3.33,-0.01
20/10/2024,13:15,[13:00-13:15[,S,F,V,C,V,0.02,-0.01
20/10/2024,13:30,[13:15-13:30[,S,F,V,C,V,0.02,-0.01
20/10/2024,13:45,[13:30-13:45[,S,F,V,C,V,0.02,-0.01
20/10/2024,14:00,[13:45-14:00[,S,F,V,C,V,0.02,-0.01
20/10/2024,14:15,[14:00-14:15[,S,F,V,C,V,0.02,0.00
20/10/2024,14:30,[14:15-14:30[,S,F,V,C,V,0.02,0.00
20/10/2024,14:45,[14:30-14:45[,S,F,V,C,V,0.02,0.00
20/10/2024,15:00,[14:45-15:00[,S,F,V,C,V,0.02,0.00
20/10/2024,15:15,[15:00-15:15[,S,F,V,C,V,0.04,0.03
20/10/2024,15:30,[15:15-15:30[,S,F,V,C,V,0.04,0.03
20/10/2024,15:45,[15:30-15:45[,S,F,V,C,V,0.04,0.03
20/10/2024,16:00,[15:45-16:00[,S,F,V,C,V,0.04,0.03
20/10/2024,16:15,[16:00-16:15[,S,F,V,C,V,8.64,8.64
20/10/2024,16:30,[16:15-16:30[,S,F,V,C,V,8.64,8.64
20/10/2024,16:45,[16:30-16:45[,S,F,V,C,V,8.64,8.64
20/10/2024,17:00,[16:45-17:00[,S,F,V,C,V,8.64,8.64
20/10/2024,17:15,[17:00-17:15[,S,F,V,C,V,64.82,64.82
20/10/2024,17:30,[17:15-17:30[,S,F,V,C,V,64.82,64.82
20/10/2024,17:45,[17:30-17:45[,S,F,V,C,V,64.82,64.82
20/10/2024,18:00,[17:45-18:00[,S,F,V,C,V,64.82,64.82
20/10/2024,18:15,[18:00-18:15[,S,F,V,C,V,99.87,99.87
20/10/2024,18:30,[18:15-18:30[,S,F,V,C,V,99.87,99.87
20/10/2024,18:45,[18:30-18:45[,S,F,V,C,V,99.87,99.87
20/10/2024,19:00,[18:45-19:00[,S,F,V,C,V,99.87,99.87
20/10/2024,19:15,[19:00-19:15[,S,F,V,C,V,125.01,125.01
20/10/2024,19:30,[19:15-19:30[,S,F,V,C,V,125.01,125.01
20/10/2024,19:45,[19:30-19:45[,S,F,V,P,V,125.01,125.01
20/10/2024,20:00,[19:45-20:00[,S,F,V,P,V,125.01,125.01
20/10/2024,20:15,[20:00-20:15[,S,F,V,P,V,125.89,125.89
20/10/2024,20:30,[20:15-20:30[,S,F,V,P,V,125.89,125.89
20/10/2024,20:45,[20:30-20:45[,S,F,V,P,V,125.89,125.89
20/10/2024,21:00,[20:45-21:00[,S,F,V,P,V,125.89,125.89
20/10/2024,21:15,[21:00-21:15[,S,F,V,C,V,100.23,100.23
20/10/2024,21:30,[21:15-21:30[,S,F,V,C,V,100.23,100.23
20/10/2024,21:45,[21:30-21:45[,S,F,V,C,V,100.23,100.23
20/10/2024,22:00,[21:45-22:00[,S,F,V,C,V,100.23,100.23
20/10/2024,22:15,[22:00-22:15[,S,V,V,V,V,95.56,95.56
20/10/2024,22:30,[22:15-22:30[,S,V,V,V,V,95.56,95.56
20/10/2024,22:45,[22:30-22:45[,S,V,V,V,V,95.56,95.56
20/10/2024,23:00,[22:45-23:00[,S,V,V,V,V,95.56,95.56
20/10/2024,23:15,[23:00-23:15[,S,V,V,V,V,92.00,92.00
20/10/2024,23:30,[23:15-23:30[,S,V,V,V,V,92.00,92.00
20/10/2024,23:45,[23:30-23:45[,S,V,V,V,V,92.00,92.00
20/10/2024,23:59,[23:45-00:00[,S,V,V,V,V,92.00,92.00
21/10/2024,00:15,[00:00-00:15[,S,V,V,V,V,85.23,85.23
21/10/2024,00:30,[00:15-00:30[,S,V,V,V,V,85.23,85.23
21/10/2024,00:45,[00:30-00:45[,S,V,V,V,V,85.23,85.23
21/10/2024,01:00,[00:45-01:00[,S,V,V,V,V,85.23,85.23
21/10/2024,01:15,[01:00-01:15[,S,V,V,V,V,74.61,70.00
21/10/2024,01:30,[01:15-01:30[,S,V,V,V,V,74.61,70.00
21/10/2024,01:45,[01:30-01:45[,S,V,V,V,V,74.61,70.00
21/10/2024,02:00,[01:45-02:00[,S,V,V,V,V,74.61,70.00
21/10/2024,02:15,[02:00-02:15[,S,V,V,V,V,68.41,64.00
21/10/2024,02:30,[02:15-02:30[,S,V,V,V,V,68.41,64.00
21/10/2024,02:45,[02:30-02:45[,S,V,V,V,V,68.41,64.00
21/10/2024,03:00,[02:45-03:00[,S,V,V,V,V,68.41,64.00
21/10/2024,03:15,[03:00-03:15[,S,V,V,V,V,64.00,64.00
21/10/2024,03:30,[03:15-03:30[,S,V,V,V,V,64.00,64.00
21/10/2024,03:45,[03:30-03:45[,S,V,V,V,V,64.00,64.00
21/10/2024,04:00,[03:45-04:00[,S,V,V,V,V,64.00,64.00
21/10/2024,04:15,[04:00-04:15[,S,V,V,V,V,70.00,70.00
21/10/2024,04:30,[04:15-04:30[,S,V,V,V,V,70.00,70.00
21/10/2024,04:45,[04:30-04:45[,S,V,V,V,V,70.00,70.00
21/10/2024,05:00,[04:45-05:00[,S,V,V,V,V,70.00,70.00
21/10/2024,05:15,[05:00-05:15[,S,V,V,V,V,90.71,90.71
21/10/2024,05:30,[05:15-05:30[,S,V,V,V,V,90.71,90.71
21/10/2024,05:45,[05:30-05:45[,S,V,V,V,V,90.71,90.71
21/10/2024,06:00,[05:45-06:00[,S,V,V,V,V,90.71,90.71
21/10/2024,06:15,[06:00-06:15[,S,V,V,V,V,105.01,105.01
21/10/2024,06:30,[06:15-06:30[,S,V,V,V,V,105.01,105.01
21/10/2024,06:45,[06:30-06:45[,S,V,V,V,V,105.01,105.01
21/10/2024,07:00,[06:45-07:00[,S,V,V,V,V,105.01,105.01
21/10/2024,07:15,[07:00-07:15[,S,V,F,V,C,125.89,125.89
21/10/2024,07:30,[07:15-07:30[,S,V,F,V,C,125.89,125.89
21/10/2024,07:45,[07:30-07:45[,S,V,F,V,C,125.89,125.89
21/10/2024,08:00,[07:45-08:00[,S,V,F,V,C,125.89,125.89
21/10/2024,08:15,[08:00-08:15[,S,F,F,C,C,103.90,103.90
21/10/2024,08:30,[08:15-08:30[,S,F,F,C,C,103.90,103.90
21/10/2024,08:45,[08:30-08:45[,S,F,F,C,C,103.90,103.90
21/10/2024,09:00,[08:45-09:00[,S,F,F,C,C,103.90,103.90
21/10/2024,09:15,[09:00-09:15[,S,F,F,C,C,88.77,88.77
21/10/2024,09:30,[09:15-09:30[,S,F,F,C,P,88.77,88.77
21/10/2024,09:45,[09:30-09:45[,S,F,F,C,P,88.77,88.77
21/10/2024,10:00,[09:45-10:00[,S,F,F,C,P,88.77,88.77
21/10/2024,10:15,[10:00-10:15[,S,F,F,C,P,81.50,81.50
21/10/2024,10:30,[10:15-10:30[,S,F,F,C,P,81.50,81.50
21/10/2024,10:45,[10:30-10:45[,S,F,F,P,P,81.50,81.50
21/10/2024,11:00,[10:45-11:00[,S,F,F,P,P,81.50,81.50
21/10/2024,11:15,[11:00-11:15[,S,F,F,P,P,73.29,73.29
21/10/2024,11:30,[11:15-11:30[,S,F,F,P,P,73.29,73.29
21/10/2024,11:45,[11:30-11:45[,S,F,F,P,P,73.29,73.29
21/10/2024,12:00,[11:45-12:00[,S,F,F,P,P,73.29,73.29
21/10/2024,12:15,[12:00-12:15[,S,F,F,P,P,69.00,69.00
21/10/2024,12:30,[12:15-12:30[,S,F,F,P,C,69.00,69.00
21/10/2024,12:45,[12:30-12:45[,S,F,F,P,C,69.00,69.00
21/10/2024,13:00,[12:45-13:00[,S,F,F,P,C,69.00,69.00
21/10/2024,13:15,[13:00-13:15[,S,F,F,C,C,67.04,67.04
21/10/2024,13:30,[13:15-13:30[,S,F,F,C,C,67.04,67.04
21/10/2024,13:45,[13:30-13:45[,S,F,F,C,C,67.04,67.04
21/10/2024,14:00,[13:45-14:00[,S,F,F,C,C,67.04,67.04
21/10/2024,14:15,[14:00-14:15[,S,F,F,C,C,67.88,67.88
21/10/2024,14:30,[14:15-14:30[,S,F,F,C,C,67.88,67.88
21/10/2024,14:45,[14:30-14:45[,S,F,F,C,C,67.88,67.88
21/10/2024,15:00,[14:45-15:00[,S,F,F,C,C,67.88,67.88
21/10/2024,15:15,[15:00-15:15[,S,F,F,C,C,70.47,70.47
21/10/2024,15:30,[15:15-15:30[,S,F,F,C,C,70.47,70.47
21/10/2024,15:45,[15:30-15:45[,S,F,F,C,C,70.47,70.47
21/10/2024,16:00,[15:45-16:00[,S,F,F,C,C,70.47,70.47
21/10/2024,16:15,[16:00-16:15[,S,F,F,C,C,90.22,90.22
21/10/2024,16:30,[16:15-16:30[,S,F,F,C,C,90.22,90.22
21/10/2024,16:45,[16:30-16:45[,S,F,F,C,C,90.22,90.22
21/10/2024,17:00,[16:45-17:00[,S,F,F,C,C,90.22,90.22
21/10/2024,17:15,[17:00-17:15[,S,F,F,C,C,103.41,103.41
21/10/2024,17:30,[17:15-17:30[,S,F,F,C,C,103.41,103.41
21/10/2024,17:45,[17:30-17:45[,S,F,F,C,C,103.41,103.41
21/10/2024,18:00,[17:45-18:00[,S,F,F,C,C,103.41,103.41
21/10/2024,18:15,[18:00-18:15[,S,F,F,C,C,158.40,158.40
21/10/2024,18:30,[18:15-18:30[,S,F,F,C,C,158.40,158.40
21/10/2024,18:45,[18:30-18:45[,S,F,F,C,C,158.40,158.40
21/10/2024,19:00,[18:45-19:00[,S,F,F,C,C,158.40,158.40
21/10/2024,19:15,[19:00-19:15[,S,F,F,C,C,181.00,181.00
21/10/2024,19:30,[19:15-19:30[,S,F,F,C,C,181.00,181.00
21/10/2024,19:45,[19:30-19:45[,S,F,F,P,C,181.00,181.00
21/10/2024,20:00,[19:45-20:00[,S,F,F,P,C,181.00,181.00
21/10/2024,20:15,[20:00-20:15[,S,F,F,P,C,126.39,126.39
21/10/2024,20:30,[20:15-20:30[,S,F,F,P,C,126.39,126.39
21/10/2024,20:45,[20:30-20:45[,S,F,F,P,C,126.39,126.39
21/10/2024,21:00,[20:45-21:00[,S,F,F,P,C,126.39,126.39
21/10/2024,21:15,[21:00-21:15[,S,F,F,C,C,103.37,103.37
21/10/2024,21:30,[21:15-21:30[,S,F,F,C,C,103.37,103.37
21/10/2024,21:45,[21:30-21:45[,S,F,F,C,C,103.37,103.37
21/10/2024,22:00,[21:45-22:00[,S,F,F,C,C,103.37,103.37
21/10/2024,22:15,[22:00-22:15[,S,V,F,V,C,95.56,95.56
21/10/2024,22:30,[22:15-22:30[,S,V,F,V,C,95.56,95.56
21/10/2024,22:45,[22:30-22:45[,S,V,F,V,C,95.56,95.56
21/10/2024,23:00,[22:45-23:00[,S,V,F,V,C,95.56,95.56
21/10/2024,23:15,[23:00-23:15[,S,V,F,V,C,80.85,80.85
21/10/2024,23:30,[23:15-23:30[,S,V,F,V,C,80.85,80.85
21/10/2024,23:45,[23:30-23:45[,S,V,F,V,C,80.85,80.85
21/10/2024,23:59,[23:45-00:00[,S,V,F,V,C,80.85,80.85
22/10/2024,00:15,[00:00-00:15[,S,V,V,V,V,70.00,70.00
22/10/2024,00:30,[00:15-00:30[,S,V,V,V,V,70.00,70.00
22/10/2024,00:45,[00:30-00:45[,S,V,V,V,V,70.00,70.00
22/10/2024,01:00,[00:45-01:00[,S,V,V,V,V,70.00,70.00
22/10/2024,01:15,[01:00-01:15[,S,V,V,V,V,63.79,63.79
22/10/2024,01:30,[01:15-01:30[,S,V,V,V,V,63.79,63.79
22/10/2024,01:45,[01:30-01:45[,S,V,V,V,V,63.79,63.79
22/10/2024,02:00,[01:45-02:00[,S,V,V,V,V,63.79,63.79
22/10/2024,02:15,[02:00-02:15[,S,V,V,V,V,69.40,69.40
22/10/2024,02:30,[02:15-02:30[,S,V,V,V,V,69.40,69.40
22/10/2024,02:45,[02:30-02:45[,S,V,V,V,V,69.40,69.40
22/10/2024,03:00,[02:45-03:00[,S,V,V,V,V,69.40,69.40
22/10/2024,03:15,[03:00-03:15[,S,V,V,V,V,60.00,60.00
22/10/2024,03:30,[03:15-03:30[,S,V,V,V,V,60.00,60.00
22/10/2024,03:45,[03:30-03:45[,S,V,V,V,V,60.00,60.00
22/10/2024,04:00,[03:45-04:00[,S,V,V,V,V,60.00,60.00
22/10/2024,04:15,[04:00-04:15[,S,V,V,V,V,70.00,70.00
22/10/2024,04:30,[04:15-04:30[,S,V,V,V,V,70.00,70.00
22/10/2024,04:45,[04:30-04:45[,S,V,V,V,V,70.00,70.00
22/10/2024,05:00,[04:45-05:00[,S,V,V,V,V,70.00,70.00
22/10/2024,05:15,[05:00-05:15[,S,V,V,V,V,75.97,75.97
22/10/2024,05:30,[05:15-05:30[,S,V,V,V,V,75.97,75.97
22/10/2024,05:45,[05:30-05:45[,S,V,V,V,V,75.97,75.97
22/10/2024,06:00,[05:45-06:00[,S,V,V,V,V,75.97,75.97
22/10/2024,06:15,[06:00-06:15[,S,V,V,V,V,102.17,102.17
22/10/2024,06:30,[06:15-06:30[,S,V,V,V,V,102.17,102.17
22/10/2024,06:45,[06:30-06:45[,S,V,V,V,V,102.17,102.17
22/10/2024,07:00,[06:45-07:00[,S,V,V,V,V,102.17,102.17
22/10/2024,07:15,[07:00-07:15[,S,V,F,V,C,123.02,123.02
22/10/2024,07:30,[07:15-07:30[,S,V,F,V,C,123.02,123.02
22/10/2024,07:45,[07:30-07:45[,S,V,F,V,C,123.02,123.02
22/10/2024,08:00,[07:45-08:00[,S,V,F,V,C,123.02,123.02
22/10/2024,08:15,[08:00-08:15[,S,F,F,C,C,105.50,105.50
22/10/2024,08:30,[08:15-08:30[,S,F,F,C,C,105.50,105.50
22/10/2024,08:45,[08:30-08:45[,S,F,F,C,C,105.50,105.50
22/10/2024,09:00,[08:45-09:00[,S,F,F,C,C,105.50,105.50
22/10/2024,09:15,[09:00-09:15[,S,F,F,C,C,93.02,93.02
22/10/2024,09:30,[09:15-09:30[,S,F,F,C,P,93.02,93.02
22/10/2024,09:45,[09:30-09:45[,S,F,F,C,P,93.02,93.02
22/10/2024,10:00,[09:45-10:00[,S,F,F,C,P,93.02,93.02
22/10/2024,10:15,[10:00-10:15[,S,F,F,C,P,55.40,55.40
22/10/2024,10:30,[10:15-10:30[,S,F,F,C,P,55.40,55.40
22/10/2024,10:45,[10:30-10:45[,S,F,F,P,P,55.40,55.40
22/10/2024,11:00,[10:45-11:00[,S,F,F,P,P,55.40,55.40
22/10/2024,11:15,[11:00-11:15[,S,F,F,P,P,53.54,53.54
22/10/2024,11:30,[11:15-11:30[,S,F,F,P,P,53.54,53.54
22/10/2024,11:45,[11:30-11:45[,S,F,F,P,P,53.54,53.54
22/10/2024,12:00,[11:45-12:00[,S,F,F,P,P,53.54,53.54
22/10/2024,12:15,[12:00-12:15[,S,F,F,P,P,50.24,50.24
22/10/2024,12:30,[12:15-12:30[,S,F,F,P,C,50.24,50.24
22/10/2024,12:45,[12:30-12:45[,S,F,F,P,C,50.24,50.24
22/10/2024,13:00,[12:45-13:00[,S,F,F,P,C,50.24,50.24
22/10/2024,13:15,[13:00-13:15[,S,F,F,C,C,53.54,53.54
22/10/2024,13:30,[13:15-13:30[,S,F,F,C,C,53.54,53.54
22/10/2024,13:45,[13:30-13:45[,S,F,F,C,C,53.54,53.54
22/10/2024,14:00,[13:45-14:00[,S,F,F,C,C,53.54,53.54
22/10/2024,14:15,[14:00-14:15[,S,F,F,C,C,53.54,53.54
22/10/2024,14:30,[14:15-14:30[,S,F,F,C,C,53.54,53.54
22/10/2024,14:45,[14:30-14:45[,S,F,F,C,C,53.54,53.54
22/10/2024,15:00,[14:45-15:00[,S,F,F,C,C,53.54,53.54
22/10/2024,15:15,[15:00-15:15[,S,F,F,C,C,52.50,52.50
22/10/2024,15:30,[15:15-15:30[,S,F,F,C,C,52.50,52.50
22/10/2024,15:45,[15:30-15:45[,S,F,F,C,C,52.50,52.50
22/10/2024,16:00,[15:45-16:00[,S,F,F,C,C,52.50,52.50
22/10/2024,16:15,[16:00-16:15[,S,F,F,C,C,74.99,74.99
22/10/2024,16:30,[16:15-16:30[,S,F,F,C,C,74.99,74.99
22/10/2024,16:45,[16:30-16:45[,S,F,F,C,C,74.99,74.99
22/10/2024,17:00,[16:45-17:00[,S,F,F,C,C,74.99,74.99
22/10/2024,17:15,[17:00-17:15[,S,F,F,C,C,95.91,95.91
22/10/2024,17:30,[17:15-17:30[,S,F,F,C,C,95.91,95.91
22/10/2024,17:45,[17:30-17:45[,S,F,F,C,C,95.91,95.91
22/10/2024,18:00,[17:45-18:00[,S,F,F,C,C,95.91,95.91
22/10/2024,18:15,[18:00-18:15[,S,F,F,C,C,124.71,124.71
22/10/2024,18:30,[18:15-18:30[,S,F,F,C,C,124.71,124.71
22/10/2024,18:45,[18:30-18:45[,S,F,F,C,C,124.71,124.71
22/10/2024,19:00,[18:45-19:00[,S,F,F,C,C,124.71,124.71
22/10/2024,19:15,[19:00-19:15[,S,F,F,C,C,112.02,112.02
22/10/2024,19:30,[19:15-19:30[,S,F,F,C,C,112.02,112.02
22/10/2024,19:45,[19:30-19:45[,S,F,F,P,C,112.02,112.02
22/10/2024,20:00,[19:45-20:00[,S,F,F,P,C,112.02,112.02
22/10/2024,20:15,[20:00-20:15[,S,F,F,P,C,100.00,100.00
22/10/2024,20:30,[20:15-20:30[,S,F,F,P,C,100.00,100.00
22/10/2024,20:45,[20:30-20:45[,S,F,F,P,C,100.00,100.00
22/10/2024,21:00,[20:45-21:00[,S,F,F,P,C,100.00,100.00
22/10/2024,21:15,[21:00-21:15[,S,F,F,C,C,95.78,95.78
22/10/2024,21:30,[21:15-21:30[,S,F,F,C,C,95.78,95.78
22/10/2024,21:45,[21:30-21:45[,S,F,F,C,C,95.78,95.78
22/10/2024,22:00,[21:45-22:00[,S,F,F,C,C,95.78,95.78
22/10/2024,22:15,[22:00-22:15[,S,V,F,V,C,88.35,88.35
22/10/2024,22:30,[22:15-22:30[,S,V,F,V,C,88.35,88.35
22/10/2024,22:45,[22:30-22:45[,S,V,F,V,C,88.35,88.35
22/10/2024,23:00,[22:45-23:00[,S,V,F,V,C,88.35,88.35
22/10/2024,23:15,[23:00-23:15[,S,V,F,V,C,75.56,75.56
22/10/2024,23:30,[23:15-23:30[,S,V,F,V,C,75.56,75.56
22/10/2024,23:45,[23:30-23:45[,S,V,F,V,C,75.56,75.56
22/10/2024,23:59,[23:45-00:00[,S,V,F,V,C,75.56,75.56
23/10/2024,00:15,[00:00-00:15[,S,V,V,V,V,79.25,79.25
23/10/2024,00:30,[00:15-00:30[,S,V,V,V,V,79.25,79.25
23/10/2024,00:45,[00:30-00:45[,S,V,V,V,V,79.25,79.25
23/10/2024,01:00,[00:45-01:00[,S,V,V,V,V,79.25,79.25
23/10/2024,01:15,[01:00-01:15[,S,V,V,V,V,71.00,71.00
23/10/2024,01:30,[01:15-01:30[,S,V,V,V,V,71.00,71.00
23/10/2024,01:45,[01:30-01:45[,S,V,V,V,V,71.00,71.00
23/10/2024,02:00,[01:45-02:00[,S,V,V,V,V,71.00,71.00
23/10/2024,02:15,[02:00-02:15[,S,V,V,V,V,64.32,64.32
23/10/2024,02:30,[02:15-02:30[,S,V,V,V,V,64.32,64.32
23/10/2024,02:45,[02:30-02:45[,S,V,V,V,V,64.32,64.32
23/10/2024,03:00,[02:45-03:00[,S,V,V,V,V,64.32,64.32
23/10/2024,03:15,[03:00-03:15[,S,V,V,V,V,64.29,64.29
23/10/2024,03:30,[03:15-03:30[,S,V,V,V,V,64.29,64.29
23/10/2024,03:45,[03:30-03:45[,S,V,V,V,V,64.29,64.29
23/10/2024,04:00,[03:45-04:00[,S,V,V,V,V,64.29,64.29
23/10/2024,04:15,[04:00-04:15[,S,V,V,V,V,65.00,65.00
23/10/2024,04:30,[04:15-04:30[,S,V,V,V,V,65.00,65.00
23/10/2024,04:45,[04:30-04:45[,S,V,V,V,V,65.00,65.00
23/10/2024,05:00,[04:45-05:00[,S,V,V,V,V,65.00,65.00
23/10/2024,05:15,[05:00-05:15[,S,V,V,V,V,84.98,84.98
23/10/2024,05:30,[05:15-05:30[,S,V,V,V,V,84.98,84.98
23/10/2024,05:45,[05:30-05:45[,S,V,V,V,V,84.98,84.98
23/10/2024,06:00,[05:45-06:00[,S,V,V,V,V,84.98,84.98
23/10/2024,06:15,[06:00-06:15[,S,V,V,V,V,102.10,102.10
23/10/2024,06:30,[06:15-06:30[,S,V,V,V,V,102.10,102.10
23/10/2024,06:45,[06:30-06:45[,S,V,V,V,V,102.10,102.10
23/10/2024,07:00,[06:45-07:00[,S,V,V,V,V,102.10,102.10
23/10/2024,07:15,[07:00-07:15[,S,V,F,V,C,134.71,134.71
23/10/2024,07:30,[07:15-07:30[,S,V,F,V,C,134.71,134.71
23/10/2024,07:45,[07:30-07:45[,S,V,F,V,C,134.71,134.71
23/10/2024,08:00,[07:45-08:00[,S,V,F,V,C,134.71,134.71
23/10/2024,08:15,[08:00-08:15[,S,F,F,C,C,110.06,110.06
23/10/2024,08:30,[08:15-08:30[,S,F,F,C,C,110.06,110.06
23/10/2024,08:45,[08:30-08:45[,S,F,F,C,C,110.06,110.06
23/10/2024,09:00,[08:45-09:00[,S,F,F,C,C,110.06,110.06
23/10/2024,09:15,[09:00-09:15[,S,F,F,C,C,85.00,85.00
23/10/2024,09:30,[09:15-09:30[,S,F,F,C,P,85.00,85.00
23/10/2024,09:45,[09:30-09:45[,S,F,F,C,P,85.00,85.00
23/10/2024,10:00,[09:45-10:00[,S,F,F,C,P,85.00,85.00
23/10/2024,10:15,[10:00-10:15[,S,F,F,C,P,65.00,65.00
23/10/2024,10:30,[10:15-10:30[,S,F,F,C,P,65.00,65.00
23/10/2024,10:45,[10:30-10:45[,S,F,F,P,P,65.00,65.00
23/10/2024,11:00,[10:45-11:00[,S,F,F,P,P,65.00,65.00
23/10/2024,11:15,[11:00-11:15[,S,F,F,P,P,64.08,64.08
23/10/2024,11:30,[11:15-11:30[,S,F,F,P,P,64.08,64.08
23/10/2024,11:45,[11:30-11:45[,S,F,F,P,P,64.08,64.08
23/10/2024,12:00,[11:45-12:00[,S,F,F,P,P,64.08,64.08
23/10/2024,12:15,[12:00-12:15[,S,F,F,P,P,56.58,56.58
23/10/2024,12:30,[12:15-12:30[,S,F,F,P,C,56.58,56.58
23/10/2024,12:45,[12:30-12:45[,S,F,F,P,C,56.58,56.58
23/10/2024,13:00,[12:45-13:00[,S,F,F,P,C,56.58,56.58
23/10/2024,13:15,[13:00-13:15[,S,F,F,C,C,56.08,56.08
23/10/2024,13:30,[13:15-13:30[,S,F,F,C,C,56.08,56.08
23/10/2024,13:45,[13:30-13:45[,S,F,F,C,C,56.08,56.08
23/10/2024,14:00,[13:45-14:00[,S,F,F,C,C,56.08,56.08
23/10/2024,14:15,[14:00-14:15[,S,F,F,C,C,59.99,59.99
23/10/2024,14:30,[14:15-14:30[,S,F,F,C,C,59.99,59.99
23/10/2024,14:45,[14:30-14:45[,S,F,F,C,C,59.99,59.99
23/10/2024,15:00,[14:45-15:00[,S,F,F,C,C,59.99,59.99
23/10/2024,15:15,[15:00-15:15[,S,F,F,C,C,63.83,63.40
23/10/2024,15:30,[15:15-15:30[,S,F,F,C,C,63.83,63.40
23/10/2024,15:45,[15:30-15:45[,S,F,F,C,C,63.83,63.40
23/10/2024,16:00,[15:45-16:00[,S,F,F,C,C,63.83,63.40
23/10/2024,16:15,[16:00-16:15[,S,F,F,C,C,71.99,71.99
23/10/2024,16:30,[16:15-16:30[,S,F,F,C,C,71.99,71.99
23/10/2024,16:45,[16:30-16:45[,S,F,F,C,C,71.99,71.99
23/10/2024,17:00,[16:45-17:00[,S,F,F,C,C,71.99,71.99
23/10/2024,17:15,[17:00-17:15[,S,F,F,C,C,103.41,103.41
23/10/2024,17:30,[17:15-17:30[,S,F,F,C,C,103.41,103.41
23/10/2024,17:45,[17:30-17:45[,S,F,F,C,C,103.41,103.41
23/10/2024,18:00,[17:45-18:00[,S,F,F,C,C,103.41,103.41
23/10/2024,18:15,[18:00-18:15[,S,F,F,C,C,155.80,155.80
23/10/2024,18:30,[18:15-18:30[,S,F,F,C,C,155.80,155.80
23/10/2024,18:45,[18:30-18:45[,S,F,F,C,C,155.80,155.80
23/10/2024,19:00,[18:45-19:00[,S,F,F,C,C,155.80,155.80
23/10/2024,19:15,[19:00-19:15[,S,F,F,C,C,145.97,145.97
23/10/2024,19:30,[19:15-19:30[,S,F,F,C,C,145.97,145.97
23/10/2024,19:45,[19:30-19:45[,S,F,F,P,C,145.97,145.97
23/10/2024,20:00,[19:45-20:00[,S,F,F,P,C,145.97,145.97
23/10/2024,20:15,[20:00-20:15[,S,F,F,P,C,121.89,121.89
23/10/2024,20:30,[20:15-20:30[,S,F,F,P,C,121.89,121.89
23/10/2024,20:45,[20:30-20:45[,S,F,F,P,C,121.89,121.89
23/10/2024,21:00,[20:45-21:00[,S,F,F,P,C,121.89,121.89
23/10/2024,21:15,[21:00-21:15[,S,F,F,C,C,99.87,99.87
23/10/2024,21:30,[21:15-21:30[,S,F,F,C,C,99.87,99.87
23/10/2024,21:45,[21:30-21:45[,S,F,F,C,C,99.87,99.87
23/10/2024,22:00,[21:45-22:00[,S,F,F,C,C,99.87,99.87
23/10/2024,22:15,[22:00-22:15[,S,V,F,V,C,93.16,93.16
23/10/2024,22:30,[22:15-22:30[,S,V,F,V,C,93.16,93.16
23/10/2024,22:45,[22:30-22:45[,S,V,F,V,C,93.16,93.16
23/10/2024,23:00,[22:45-23:00[,S,V,F,V,C,93.16,93.16
23/10/2024,23:15,[23:00-23:15[,S,V,F,V,C,74.90,74.90
23/10/2024,23:30,[23:15-23:30[,S,V,F,V,C,74.90,74.90
23/10/2024,23:45,[23:30-23:45[,S,V,F,V,C,74.90,74.90
23/10/2024,23:59,[23:45-00:00[,S,V,F,V,C,74.90,74.90
24/10/2024,00:15,[00:00-00:15[,S,V,V,V,V,65.15,65.15
24/10/2024,00:30,[00:15-00:30[,S,V,V,V,V,65.15,65.15
24/10/2024,00:45,[00:30-00:45[,S,V,V,V,V,65.15,65.15
24/10/2024,01:00,[00:45-01:00[,S,V,V,V,V,65.15,65.15
24/10/2024,01:15,[01:00-01:15[,S,V,V,V,V,62.08,62.08
24/10/2024,01:30,[01:15-01:30[,S,V,V,V,V,62.08,62.08
24/10/2024,01:45,[01:30-01:45[,S,V,V,V,V,62.08,62.08
24/10/2024,02:00,[01:45-02:00[,S,V,V,V,V,62.08,62.08
24/10/2024,02:15,[02:00-02:15[,S,V,V,V,V,62.08,62.08
24/10/2024,02:30,[02:15-02:30[,S,V,V,V,V,62.08,62.08
24/10/2024,02:45,[02:30-02:45[,S,V,V,V,V,62.08,62.08
24/10/2024,03:00,[02:45-03:00[,S,V,V,V,V,62.08,62.08
24/10/2024,03:15,[03:00-03:15[,S,V,V,V,V,62.29,62.29
24/10/2024,03:30,[03:15-03:30[,S,V,V,V,V,62.29,62.29
24/10/2024,03:45,[03:30-03:45[,S,V,V,V,V,62.29,62.29
24/10/2024,04:00,[03:45-04:00[,S,V,V,V,V,62.29,62.29
24/10/2024,04:15,[04:00-04:15[,S,V,V,V,V,66.30,66.30
24/10/2024,04:30,[04:15-04:30[,S,V,V,V,V,66.30,66.30
24/10/2024,04:45,[04:30-04:45[,S,V,V,V,V,66.30,66.30
24/10/2024,05:00,[04:45-05:00[,S,V,V,V,V,66.30,66.30
24/10/2024,05:15,[05:00-05:15[,S,V,V,V,V,71.76,71.76
24/10/2024,05:30,[05:15-05:30[,S,V,V,V,V,71.76,71.76
24/10/2024,05:45,[05:30-05:45[,S,V,V,V,V,71.76,71.76
24/10/2024,06:00,[05:45-06:00[,S,V,V,V,V,71.76,71.76
24/10/2024,06:15,[06:00-06:15[,S,V,V,V,V,90.01,90.01
24/10/2024,06:30,[06:15-06:30[,S,V,V,V,V,90.01,90.01
24/10/2024,06:45,[06:30-06:45[,S,V,V,V,V,90.01,90.01
24/10/2024,07:00,[06:45-07:00[,S,V,V,V,V,90.01,90.01
24/10/2024,07:15,[07:00-07:15[,S,V,F,V,C,120.01,120.01
24/10/2024,07:30,[07:15-07:30[,S,V,F,V,C,120.01,120.01
24/10/2024,07:45,[07:30-07:45[,S,V,F,V,C,120.01,120.01
24/10/2024,08:00,[07:45-08:00[,S,V,F,V,C,120.01,120.01
24/10/2024,08:15,[08:00-08:15[,S,F,F,C,C,98.15,98.15
24/10/2024,08:30,[08:15-08:30[,S,F,F,C,C,98.15,98.15
24/10/2024,08:45,[08:30-08:45[,S,F,F,C,C,98.15,98.15
24/10/2024,09:00,[08:45-09:00[,S,F,F,C,C,98.15,98.15
24/10/2024,09:15,[09:00-09:15[,S,F,F,C,C,69.17,69.17
24/10/2024,09:30,[09:15-09:30[,S,F,F,C,P,69.17,69.17
24/10/2024,09:45,[09:30-09:45[,S,F,F,C,P,69.17,69.17
24/10/2024,10:00,[09:45-10:00[,S,F,F,C,P,69.17,69.17
24/10/2024,10:15,[10:00-10:15[,S,F,F,C,P,60.00,60.00
24/10/2024,10:30,[10:15-10:30[,S,F,F,C,P,60.00,60.00
24/10/2024,10:45,[10:30-10:45[,S,F,F,P,P,60.00,60.00
24/10/2024,11:00,[10:45-11:00[,S,F,F,P,P,60.00,60.00
24/10/2024,11:15,[11:00-11:15[,S,F,F,P,P,50.24,50.24
24/10/2024,11:30,[11:15-11:30[,S,F,F,P,P,50.24,50.24
24/10/2024,11:45,[11:30-11:45[,S,F,F,P,P,50.24,50.24
24/10/2024,12:00,[11:45-12:00[,S,F,F,P,P,50.24,50.24
24/10/2024,12:15,[12:00-12:15[,S,F,F,P,P,43.54,43.54
24/10/2024,12:30,[12:15-12:30[,S,F,F,P,C,43.54,43.54
24/10/2024,12:45,[12:30-12:45[,S,F,F,P,C,43.54,43.54
24/10/2024,13:00,[12:45-13:00[,S,F,F,P,C,43.54,43.54
24/10/2024,13:15,[13:00-13:15[,S,F,F,C,C,30.01,30.01
24/10/2024,13:30,[13:15-13:30[,S,F,F,C,C,30.01,30.01
24/10/2024,13:45,[13:30-13:45[,S,F,F,C,C,30.01,30.01
24/10/2024,14:00,[13:45-14:00[,S,F,F,C,C,30.01,30.01
24/10/2024,14:15,[14:00-14:15[,S,F,F,C,C,24.55,24.55
24/10/2024,14:30,[14:15-14:30[,S,F,F,C,C,24.55,24.55
24/10/2024,14:45,[14:30-14:45[,S,F,F,C,C,24.55,24.55
24/10/2024,15:00,[14:45-15:00[,S,F,F,C,C,24.55,24.55
24/10/2024,15:15,[15:00-15:15[,S,F,F,C,C,47.44,47.44
24/10/2024,15:30,[15:15-15:30[,S,F,F,C,C,47.44,47.44
24/10/2024,15:45,[15:30-15:45[,S,F,F,C,C,47.44,47.44
24/10/2024,16:00,[15:45-16:00[,S,F,F,C,C,47.44,47.44
24/10/2024,16:15,[16:00-16:15[,S,F,F,C,C,60.40,60.40
24/10/2024,16:30,[16:15-16:30[,S,F,F,C,C,60.40,60.40
24/10/2024,16:45,[16:30-16:45[,S,F,F,C,C,60.40,60.40
24/10/2024,17:00,[16:45-17:00[,S,F,F,C,C,60.40,60.40
24/10/2024,17:15,[17:00-17:15[,S,F,F,C,C,79.36,79.36
24/10/2024,17:30,[17:15-17:30[,S,F,F,C,C,79.36,79.36
24/10/2024,17:45,[17:30-17:45[,S,F,F,C,C,79.36,79.36
24/10/2024,18:00,[17:45-18:00[,S,F,F,C,C,79.36,79.36
24/10/2024,18:15,[18:00-18:15[,S,F,F,C,C,110.16,110.16
24/10/2024,18:30,[18:15-18:30[,S,F,F,C,C,110.16,110.16
24/10/2024,18:45,[18:30-18:45[,S,F,F,C,C,110.16,110.16
24/10/2024,19:00,[18:45-19:00[,S,F,F,C,C,110.16,110.16
24/10/2024,19:15,[19:00-19:15[,S,F,F,C,C,101.35,101.35
24/10/2024,19:30,[19:15-19:30[,S,F,F,C,C,101.35,101.35
24/10/2024,19:45,[19:30-19:45[,S,F,F,P,C,101.35,101.35
24/10/2024,20:00,[19:45-20:00[,S,F,F,P,C,101.35,101.35
24/10/2024,20:15,[20:00-20:15[,S,F,F,P,C,92.98,92.98
24/10/2024,20:30,[20:15-20:30[,S,F,F,P,C,92.98,92.98
24/10/2024,20:45,[20:30-20:45[,S,F,F,P,C,92.98,92.98
24/10/2024,21:00,[20:45-21:00[,S,F,F,P,C,92.98,92.98
24/10/2024,21:15,[21:00-21:15[,S,F,F,C,C,75.72,75.72
24/10/2024,21:30,[21:15-21:30[,S,F,F,C,C,75.72,75.72
24/10/2024,21:45,[21:30-21:45[,S,F,F,C,C,75.72,75.72
24/10/2024,22:00,[21:45-22:00[,S,F,F,C,C,75.72,75.72
24/10/2024,22:15,[22:00-22:15[,S,V,F,V,C,67.00,67.00
24/10/2024,22:30,[22:15-22:30[,S,V,F,V,C,67.00,67.00
24/10/2024,22:45,[22:30-22:45[,S,V,F,V,C,67.00,67.00
24/10/2024,23:00,[22:45-23:00[,S,V,F,V,C,67.00,67.00
24/10/2024,23:15,[23:00-23:15[,S,V,F,V,C,57.00,57.00
24/10/2024,23:30,[23:15-23:30[,S,V,F,V,C,57.00,57.00
24/10/2024,23:45,[23:30-23:45[,S,V,F,V,C,57.00,57.00
24/10/2024,23:59,[23:45-00:00[,S,V,F,V,C,57.00,57.00
25/10/2024,00:15,[00:00-00:15[,S,V,V,V,V,55.83,55.00
25/10/2024,00:30,[00:15-00:30[,S,V,V,V,V,55.83,55.00
25/10/2024,00:45,[00:30-00:45[,S,V,V,V,V,55.83,55.00
25/10/2024,01:00,[00:45-01:00[,S,V,V,V,V,55.83,55.00
25/10/2024,01:15,[01:00-01:15[,S,V,V,V,V,43.50,43.50
25/10/2024,01:30,[01:15-01:30[,S,V,V,V,V,43.50,43.50
25/10/2024,01:45,[01:30-01:45[,S,V,V,V,V,43.50,43.50
25/10/2024,02:00,[01:45-02:00[,S,V,V,V,V,43.50,43.50
25/10/2024,02:15,[02:00-02:15[,S,V,V,V,V,44.00,44.00
25/10/2024,02:30,[02:15-02:30[,S,V,V,V,V,44.00,44.00
25/10/2024,02:45,[02:30-02:45[,S,V,V,V,V,44.00,44.00
25/10/2024,03:00,[02:45-03:00[,S,V,V,V,V,44.00,44.00
25/10/2024,03:15,[03:00-03:15[,S,V,V,V,V,49.00,49.00
25/10/2024,03:30,[03:15-03:30[,S,V,V,V,V,49.00,49.00
25/10/2024,03:45,[03:30-03:45[,S,V,V,V,V,49.00,49.00
25/10/2024,04:00,[03:45-04:00[,S,V,V,V,V,49.00,49.00
25/10/2024,04:15,[04:00-04:15[,S,V,V,V,V,41.00,41.00
25/10/2024,04:30,[04:15-04:30[,S,V,V,V,V,41.00,41.00
25/10/2024,04:45,[04:30-04:45[,S,V,V,V,V,41.00,41.00
25/10/2024,05:00,[04:45-05:00[,S,V,V,V,V,41.00,41.00
25/10/2024,05:15,[05:00-05:15[,S,V,V,V,V,56.50,56.50
25/10/2024,05:30,[05:15-05:30[,S,V,V,V,V,56.50,56.50
25/10/2024,05:45,[05:30-05:45[,S,V,V,V,V,56.50,56.50
25/10/2024,06:00,[05:45-06:00[,S,V,V,V,V,56.50,56.50
25/10/2024,06:15,[06:00-06:15[,S,V,V,V,V,70.10,70.10
25/10/2024,06:30,[06:15-06:30[,S,V,V,V,V,70.10,70.10
25/10/2024,06:45,[06:30-06:45[,S,V,V,V,V,70.10,70.10
25/10/2024,07:00,[06:45-07:00[,S,V,V,V,V,70.10,70.10
25/10/2024,07:15,[07:00-07:15[,S,V,F,V,C,90.30,90.30
25/10/2024,07:30,[07:15-07:30[,S,V,F,V,C,90.30,90.30
25/10/2024,07:45,[07:30-07:45[,S,V,F,V,C,90.30,90.30
25/10/2024,08:00,[07:45-08:00[,S,V,F,V,C,90.30,90.30
25/10/2024,08:15,[08:00-08:15[,S,F,F,C,C,79.64,79.64
25/10/2024,08:30,[08:15-08:30[,S,F,F,C,C,79.64,79.64
25/10/2024,08:45,[08:30-08:45[,S,F,F,C,C,79.64,79.64
25/10/2024,09:00,[08:45-09:00[,S,F,F,C,C,79.64,79.64
25/10/2024,09:15,[09:00-09:15[,S,F,F,C,C,70.00,70.00
25/10/2024,09:30,[09:15-09:30[,S,F,F,C,P,70.00,70.00
25/10/2024,09:45,[09:30-09:45[,S,F,F,C,P,70.00,70.00
25/10/2024,10:00,[09:45-10:00[,S,F,F,C,P,70.00,70.00
25/10/2024,10:15,[10:00-10:15[,S,F,F,C,P,60.00,60.00
25/10/2024,10:30,[10:15-10:30[,S,F,F,C,P,60.00,60.00
25/10/2024,10:45,[10:30-10:45[,S,F,F,P,P,60.00,60.00
25/10/2024,11:00,[10:45-11:00[,S,F,F,P,P,60.00,60.00
25/10/2024,11:15,[11:00-11:15[,S,F,F,P,P,55.83,55.83
25/10/2024,11:30,[11:15-11:30[,S,F,F,P,P,55.83,55.83
25/10/2024,11:45,[11:30-11:45[,S,F,F,P,P,55.83,55.83
25/10/2024,12:00,[11:45-12:00[,S,F,F,P,P,55.83,55.83
25/10/2024,12:15,[12:00-12:15[,S,F,F,P,P,54.00,54.00
25/10/2024,12:30,[12:15-12:30[,S,F,F,P,C,54.00,54.00
25/10/2024,12:45,[12:30-12:45[,S,F,F,P,C,54.00,54.00
25/10/2024,13:00,[12:45-13:00[,S,F,F,P,C,54.00,54.00
25/10/2024,13:15,[13:00-13:15[,S,F,F,C,C,50.00,50.00
25/10/2024,13:30,[13:15-13:30[,S,F,F,C,C,50.00,50.00
25/10/2024,13:45,[13:30-13:45[,S,F,F,C,C,50.00,50.00
25/10/2024,14:00,[13:45-14:00[,S,F,F,C,C,50.00,50.00
25/10/2024,14:15,[14:00-14:15[,S,F,F,C,C,42.00,42.00
25/10/2024,14:30,[14:15-14:30[,S,F,F,C,C,42.00,42.00
25/10/2024,14:45,[14:30-14:45[,S,F,F,C,C,42.00,42.00
25/10/2024,15:00,[14:45-15:00[,S,F,F,C,C,42.00,42.00
25/10/2024,15:15,[15:00-15:15[,S,F,F,C,C,40.00,40.00
25/10/2024,15:30,[15:15-15:30[,S,F,F,C,C,40.00,40.00
25/10/2024,15:45,[15:30-15:45[,S,F,F,C,C,40.00,40.00
25/10/2024,16:00,[15:45-16:00[,S,F,F,C,C,40.00,40.00
25/10/2024,16:15,[16:00-16:15[,S,F,F,C,C,53.90,53.90
25/10/2024,16:30,[16:15-16:30[,S,F,F,C,C,53.90,53.90
25/10/2024,16:45,[16:30-16:45[,S,F,F,C,C,53.90,53.90
25/10/2024,17:00,[16:45-17:00[,S,F,F,C,C,53.90,53.90
25/10/2024,17:15,[17:00-17:15[,S,F,F,C,C,70.57,70.57
25/10/2024,17:30,[17:15-17:30[,S,F,F,C,C,70.57,70.57
25/10/2024,17:45,[17:30-17:45[,S,F,F,C,C,70.57,70.57
25/10/2024,18:00,[17:45-18:00[,S,F,F,C,C,70.57,70.57
25/10/2024,18:15,[18:00-18:15[,S,F,F,C,C,102.17,102.17
25/10/2024,18:30,[18:15-18:30[,S,F,F,C,C,102.17,102.17
25/10/2024,18:45,[18:30-18:45[,S,F,F,C,C,102.17,102.17
25/10/2024,19:00,[18:45-19:00[,S,F,F,C,C,102.17,102.17
25/10/2024,19:15,[19:00-19:15[,S,F,F,C,C,103.06,103.06
25/10/2024,19:30,[19:15-19:30[,S,F,F,C,C,103.06,103.06
25/10/2024,19:45,[19:30-19:45[,S,F,F,P,C,103.06,103.06
25/10/2024,20:00,[19:45-20:00[,S,F,F,P,C,103.06,103.06
25/10/2024,20:15,[20:00-20:15[,S,F,F,P,C,90.50,90.50
25/10/2024,20:30,[20:15-20:30[,S,F,F,P,C,90.50,90.50
25/10/2024,20:45,[20:30-20:45[,S,F,F,P,C,90.50,90.50
25/10/2024,21:00,[20:45-21:00[,S,F,F,P,C,90.50,90.50
25/10/2024,21:15,[21:00-21:15[,S,F,F,C,C,79.03,79.03
25/10/2024,21:30,[21:15-21:30[,S,F,F,C,C,79.03,79.03
25/10/2024,21:45,[21:30-21:45[,S,F,F,C,C,79.03,79.03
25/10/2024,22:00,[21:45-22:00[,S,F,F,C,C,79.03,79.03
25/10/2024,22:15,[22:00-22:15[,S,V,F,V,C,74.00,74.00
25/10/2024,22:30,[22:15-22:30[,S,V,F,V,C,74.00,74.00
25/10/2024,22:45,[22:30-22:45[,S,V,F,V,C,74.00,74.00
25/10/2024,23:00,[22:45-23:00[,S,V,F,V,C,74.00,74.00
25/10/2024,23:15,[23:00-23:15[,S,V,F,V,C,67.82,67.82
25/10/2024,23:30,[23:15-23:30[,S,V,F,V,C,67.82,67.82
25/10/2024,23:45,[23:30-23:45[,S,V,F,V,C,67.82,67.82
25/10/2024,23:59,[23:45-00:00[,S,V,F,V,C,67.82,67.82
26/10/2024,00:15,[00:00-00:15[,S,V,V,V,V,56.29,56.29
26/10/2024,00:30,[00:15-00:30[,S,V,V,V,V,56.29,56.29
26/10/2024,00:45,[00:30-00:45[,S,V,V,V,V,56.29,56.29
26/10/2024,01:00,[00:45-01:00[,S,V,V,V,V,56.29,56.29
26/10/2024,01:15,[01:00-01:15[,S,V,V,V,V,50.00,50.00
26/10/2024,01:30,[01:15-01:30[,S,V,V,V,V,50.00,50.00
26/10/2024,01:45,[01:30-01:45[,S,V,V,V,V,50.00,50.00
26/10/2024,02:00,[01:45-02:00[,S,V,V,V,V,50.00,50.00
26/10/2024,02:15,[02:00-02:15[,S,V,V,V,V,42.76,42.76
26/10/2024,02:30,[02:15-02:30[,S,V,V,V,V,42.76,42.76
26/10/2024,02:45,[02:30-02:45[,S,V,V,V,V,42.76,42.76
26/10/2024,03:00,[02:45-03:00[,S,V,V,V,V,42.76,42.76
26/10/2024,03:15,[03:00-03:15[,S,V,V,V,V,42.90,42.90
26/10/2024,03:30,[03:15-03:30[,S,V,V,V,V,42.90,42.90
26/10/2024,03:45,[03:30-03:45[,S,V,V,V,V,42.90,42.90
26/10/2024,04:00,[03:45-04:00[,S,V,V,V,V,42.90,42.90
26/10/2024,04:15,[04:00-04:15[,S,V,V,V,V,41.94,41.94
26/10/2024,04:30,[04:15-04:30[,S,V,V,V,V,41.94,41.94
26/10/2024,04:45,[04:30-04:45[,S,V,V,V,V,41.94,41.94
26/10/2024,05:00,[04:45-05:00[,S,V,V,V,V,41.94,41.94
26/10/2024,05:15,[05:00-05:15[,S,V,V,V,V,50.10,50.10
26/10/2024,05:30,[05:15-05:30[,S,V,V,V,V,50.10,50.10
26/10/2024,05:45,[05:30-05:45[,S,V,V,V,V,50.10,50.10
26/10/2024,06:00,[05:45-06:00[,S,V,V,V,V,50.10,50.10
26/10/2024,06:15,[06:00-06:15[,S,V,V,V,V,56.50,56.50
26/10/2024,06:30,[06:15-06:30[,S,V,V,V,V,56.50,56.50
26/10/2024,06:45,[06:30-06:45[,S,V,V,V,V,56.50,56.50
26/10/2024,07:00,[06:45-07:00[,S,V,V,V,V,56.50,56.50
26/10/2024,07:15,[07:00-07:15[,S,V,V,V,V,57.82,57.82
26/10/2024,07:30,[07:15-07:30[,S,V,V,V,V,57.82,57.82
26/10/2024,07:45,[07:30-07:45[,S,V,V,V,V,57.82,57.82
26/10/2024,08:00,[07:45-08:00[,S,V,V,V,V,57.82,57.82
26/10/2024,08:15,[08:00-08:15[,S,F,V,C,V,65.56,65.56
26/10/2024,08:30,[08:15-08:30[,S,F,V,C,V,65.56,65.56
26/10/2024,08:45,[08:30-08:45[,S,F,V,C,V,65.56,65.56
26/10/2024,09:00,[08:45-09:00[,S,F,V,C,V,65.56,65.56
26/10/2024,09:15,[09:00-09:15[,S,F,F,C,C,56.08,56.08
26/10/2024,09:30,[09:15-09:30[,S,F,F,C,C,56.08,56.08
26/10/2024,09:45,[09:30-09:45[,S,F,F,C,C,56.08,56.08
26/10/2024,10:00,[09:45-10:00[,S,F,F,C,C,56.08,56.08
26/10/2024,10:15,[10:00-10:15[,S,F,F,C,C,48.43,44.99
26/10/2024,10:30,[10:15-10:30[,S,F,F,C,C,48.43,44.99
26/10/2024,10:45,[10:30-10:45[,S,F,F,P,C,48.43,44.99
26/10/2024,11:00,[10:45-11:00[,S,F,F,P,C,48.43,44.99
26/10/2024,11:15,[11:00-11:15[,S,F,F,P,C,44.15,25.10
26/10/2024,11:30,[11:15-11:30[,S,F,F,P,C,44.15,25.10
26/10/2024,11:45,[11:30-11:45[,S,F,F,P,C,44.15,25.10
26/10/2024,12:00,[11:45-12:00[,S,F,F,P,C,44.15,25.10
26/10/2024,12:15,[12:00-12:15[,S,F,F,P,C,25.10,25.10
26/10/2024,12:30,[12:15-12:30[,S,F,F,P,C,25.10,25.10
26/10/2024,12:45,[12:30-12:45[,S,F,F,P,C,25.10,25.10
26/10/2024,13:00,[12:45-13:00[,S,F,F,P,C,25.10,25.10
26/10/2024,13:15,[13:00-13:15[,S,F,F,C,C,16.41,16.41
26/10/2024,13:30,[13:15-13:30[,S,F,F,C,C,16.41,16.41
26/10/2024,13:45,[13:30-13:45[,S,F,F,C,C,16.41,16.41
26/10/2024,14:00,[13:45-14:00[,S,F,F,C,C,16.41,16.41
26/10/2024,14:15,[14:00-14:15[,S,F,V,C,V,5.01,5.01
26/10/2024,14:30,[14:15-14:30[,S,F,V,C,V,5.01,5.01
26/10/2024,14:45,[14:30-14:45[,S,F,V,C,V,5.01,5.01
26/10/2024,15:00,[14:45-15:00[,S,F,V,C,V,5.01,5.01
26/10/2024,15:15,[15:00-15:15[,S,F,V,C,V,5.01,5.01
26/10/2024,15:30,[15:15-15:30[,S,F,V,C,V,5.01,5.01
26/10/2024,15:45,[15:30-15:45[,S,F,V,C,V,5.01,5.01
26/10/2024,16:00,[15:45-16:00[,S,F,V,C,V,5.01,5.01
26/10/2024,16:15,[16:00-16:15[,S,F,V,C,V,40.00,40.00
26/10/2024,16:30,[16:15-16:30[,S,F,V,C,V,40.00,40.00
26/10/2024,16:45,[16:30-16:45[,S,F,V,C,V,40.00,40.00
26/10/2024,17:00,[16:45-17:00[,S,F,V,C,V,40.00,40.00
26/10/2024,17:15,[17:00-17:15[,S,F,V,C,V,57.40,57.40
26/10/2024,17:30,[17:15-17:30[,S,F,V,C,V,57.40,57.40
26/10/2024,17:45,[17:30-17:45[,S,F,V,C,V,57.40,57.40
26/10/2024,18:00,[17:45-18:00[,S,F,V,C,V,57.40,57.40
26/10/2024,18:15,[18:00-18:15[,S,F,V,C,V,90.98,90.98
26/10/2024,18:30,[18:15-18:30[,S,F,V,C,V,90.98,90.98
26/10/2024,18:45,[18:30-18:45[,S,F,V,C,V,90.98,90.98
26/10/2024,19:00,[18:45-19:00[,S,F,V,C,V,90.98,90.98
26/10/2024,19:15,[19:00-19:15[,S,F,V,C,V,83.30,83.30
26/10/2024,19:30,[19:15-19:30[,S,F,V,C,V,83.30,83.30
26/10/2024,19:45,[19:30-19:45[,S,F,V,P,V,83.30,83.30
26/10/2024,20:00,[19:45-20:00[,S,F,V,P,V,83.30,83.30
26/10/2024,20:15,[20:00-20:15[,S,F,F,P,C,66.25,66.25
26/10/2024,20:30,[20:15-20:30[,S,F,F,P,C,66.25,66.25
26/10/2024,20:45,[20:30-20:45[,S,F,F,P,C,66.25,66.25
26/10/2024,21:00,[20:45-21:00[,S,F,F,P,C,66.25,66.25
26/10/2024,21:15,[21:00-21:15[,S,F,F,C,C,68.22,68.22
26/10/2024,21:30,[21:15-21:30[,S,F,F,C,C,68.22,68.22
26/10/2024,21:45,[21:30-21:45[,S,F,F,C,C,68.22,68.22
26/10/2024,22:00,[21:45-22:00[,S,F,F,C,C,68.22,68.22
26/10/2024,22:15,[22:00-22:15[,S,V,V,V,V,75.00,75.00
26/10/2024,22:30,[22:15-22:30[,S,V,V,V,V,75.00,75.00
26/10/2024,22:45,[22:30-22:45[,S,V,V,V,V,75.00,75.00
26/10/2024,23:00,[22:45-23:00[,S,V,V,V,V,75.00,75.00
26/10/2024,23:15,[23:00-23:15[,S,V,V,V,V,87.71,87.71
26/10/2024,23:30,[23:15-23:30[,S,V,V,V,V,87.71,87.71
26/10/2024,23:45,[23:30-23:45[,S,V,V,V,V,87.71,87.71
26/10/2024,23:59,[23:45-00:00[,S,V,V,V,V,87.71,87.71
27/10/2024,00:15,[00:00-00:15[,S,V,V,V,V,83.31,83.31
27/10/2024,00:30,[00:15-00:30[,S,V,V,V,V,83.31,83.31
27/10/2024,00:45,[00:30-00:45[,S,V,V,V,V,83.31,83.31
27/10/2024,01:00,[00:45-01:00[,S,V,V,V,V,83.31,83.31
27/10/2024,01:15,[01:00-01:15[,S,V,V,V,V,82.23,82.23
27/10/2024,01:30,[01:15-01:30[,S,V,V,V,V,82.23,82.23
27/10/2024,01:45,[01:30-01:45[,S,V,V,V,V,82.23,82.23
27/10/2024,01:00,[01:45-01:00[,S,V,V,V,V,82.23,82.23
27/10/2024,01:15,[01:00-01:15[,S,V,V,V,V,80.68,80.68
27/10/2024,01:30,[01:15-01:30[,S,V,V,V,V,80.68,80.68
27/10/2024,01:45,[01:30-01:45[,S,V,V,V,V,80.68,80.68
27/10/2024,02:00,[01:45-02:00[,S,V,V,V,V,80.68,80.68
27/10/2024,02:15,[02:00-02:15[,S,V,V,V,V,81.30,81.30
27/10/2024,02:30,[02:15-02:30[,S,V,V,V,V,81.30,81.30
27/10/2024,02:45,[02:30-02:45[,S,V,V,V,V,81.30,81.30
27/10/2024,03:00,[02:45-03:00[,S,V,V,V,V,81.30,81.30
27/10/2024,03:15,[03:00-03:15[,S,V,V,V,V,80.68,80.68
27/10/2024,03:30,[03:15-03:30[,S,V,V,V,V,80.68,80.68
27/10/2024,03:45,[03:30-03:45[,S,V,V,V,V,80.68,80.68
27/10/2024,04:00,[03:45-04:00[,S,V,V,V,V,80.68,80.68
27/10/2024,04:15,[04:00-04:15[,S,V,V,V,V,70.00,70.00
27/10/2024,04:30,[04:15-04:30[,S,V,V,V,V,70.00,70.00
27/10/2024,04:45,[04:30-04:45[,S,V,V,V,V,70.00,70.00
27/10/2024,05:00,[04:45-05:00[,S,V,V,V,V,70.00,70.00
27/10/2024,05:15,[05:00-05:15[,S,V,V,V,V,80.00,80.00
27/10/2024,05:30,[05:15-05:30[,S,V,V,V,V,80.00,80.00
27/10/2024,05:45,[05:30-05:45[,S,V,V,V,V,80.00,80.00
27/10/2024,06:00,[05:45-06:00[,S,V,V,V,V,80.00,80.00
27/10/2024,06:15,[06:00-06:15[,S,V,V,V,V,86.24,86.24
27/10/2024,06:30,[06:15-06:30[,S,V,V,V,V,86.24,86.24
27/10/2024,06:45,[06:30-06:45[,S,V,V,V,V,86.24,86.24
27/10/2024,07:00,[06:45-07:00[,S,V,V,V,V,86.24,86.24
27/10/2024,07:15,[07:00-07:15[,S,V,V,V,V,81.30,81.30
27/10/2024,07:30,[07:15-07:30[,S,V,V,V,V,81.30,81.30
27/10/2024,07:45,[07:30-07:45[,S,V,V,V,V,81.30,81.30
27/10/2024,08:00,[07:45-08:00[,S,V,V,V,V,81.30,81.30
27/10/2024,08:15,[08:00-08:15[,S,F,V,C,V,64.36,64.36
27/10/2024,08:30,[08:15-08:30[,S,F,V,C,V,64.36,64.36
27/10/2024,08:45,[08:30-08:45[,S,F,V,C,V,64.36,64.36
27/10/2024,09:00,[08:45-09:00[,S,F,V,C,V,64.36,64.36
27/10/2024,09:15,[09:00-09:15[,S,F,V,P,V,54.72,54.72
27/10/2024,09:30,[09:15-09:30[,S,F,V,P,V,54.72,54.72
27/10/2024,09:45,[09:30-09:45[,S,F,V,P,V,54.72,54.72
27/10/2024,10:00,[09:45-10:00[,S,F,V,P,V,54.72,54.72
27/10/2024,10:15,[10:00-10:15[,S,F,V,P,V,42.50,42.50
27/10/2024,10:30,[10:15-10:30[,S,F,V,P,V,42.50,42.50
27/10/2024,10:45,[10:30-10:45[,S,F,V,C,V,42.50,42.50
27/10/2024,11:00,[10:45-11:00[,S,F,V,C,V,42.50,42.50
27/10/2024,11:15,[11:00-11:15[,S,F,V,C,V,39.99,39.99
27/10/2024,11:30,[11:15-11:30[,S,F,V,C,V,39.99,39.99
27/10/2024,11:45,[11:30-11:45[,S,F,V,C,V,39.99,39.99
27/10/2024,12:00,[11:45-12:00[,S,F,V,C,V,39.99,39.99
27/10/2024,12:15,[12:00-12:15[,S,F,V,C,V,40.00,40.00
27/10/2024,12:30,[12:15-12:30[,S,F,V,C,V,40.00,40.00
27/10/2024,12:45,[12:30-12:45[,S,F,V,C,V,40.00,40.00
27/10/2024,13:00,[12:45-13:00[,S,F,V,C,V,40.00,40.00
27/10/2024,13:15,[13:00-13:15[,S,F,V,C,V,55.19,55.19
27/10/2024,13:30,[13:15-13:30[,S,F,V,C,V,55.19,55.19
27/10/2024,13:45,[13:30-13:45[,S,F,V,C,V,55.19,55.19
27/10/2024,14:00,[13:45-14:00[,S,F,V,C,V,55.19,55.19
27/10/2024,14:15,[14:00-14:15[,S,F,V,C,V,44.99,44.99
27/10/2024,14:30,[14:15-14:30[,S,F,V,C,V,44.99,44.99
27/10/2024,14:45,[14:30-14:45[,S,F,V,C,V,44.99,44.99
27/10/2024,15:00,[14:45-15:00[,S,F,V,C,V,44.99,44.99
27/10/2024,15:15,[15:00-15:15[,S,F,V,C,V,63.97,63.97
27/10/2024,15:30,[15:15-15:30[,S,F,V,C,V,63.97,63.97
27/10/2024,15:45,[15:30-15:45[,S,F,V,C,V,63.97,63.97
27/10/2024,16:00,[15:45-16:00[,S,F,V,C,V,63.97,63.97
27/10/2024,16:15,[16:00-16:15[,S,F,V,C,V,81.25,81.25
27/10/2024,16:30,[16:15-16:30[,S,F,V,C,V,81.25,81.25
27/10/2024,16:45,[16:30-16:45[,S,F,V,C,V,81.25,81.25
27/10/2024,17:00,[16:45-17:00[,S,F,V,C,V,81.25,81.25
27/10/2024,17:15,[17:00-17:15[,S,F,V,C,V,96.27,96.27
27/10/2024,17:30,[17:15-17:30[,S,F,V,C,V,96.27,96.27
27/10/2024,17:45,[17:30-17:45[,S,F,V,C,V,96.27,96.27
27/10/2024,18:00,[17:45-18:00[,S,F,V,C,V,96.27,96.27
27/10/2024,18:15,[18:00-18:15[,S,F,V,P,V,128.70,128.70
27/10/2024,18:30,[18:15-18:30[,S,F,V,P,V,128.70,128.70
27/10/2024,18:45,[18:30-18:45[,S,F,V,P,V,128.70,128.70
27/10/2024,19:00,[18:45-19:00[,S,F,V,P,V,128.70,128.70
27/10/2024,19:15,[19:00-19:15[,S,F,V,P,V,115.51,115.51
27/10/2024,19:30,[19:15-19:30[,S,F,V,P,V,115.51,115.51
27/10/2024,19:45,[19:30-19:45[,S,F,V,P,V,115.51,115.51
27/10/2024,20:00,[19:45-20:00[,S,F,V,P,V,115.51,115.51
27/10/2024,20:15,[20:00-20:15[,S,F,V,P,V,107.36,107.36
27/10/2024,20:30,[20:15-20:30[,S,F,V,P,V,107.36,107.36
27/10/2024,20:45,[20:30-20:45[,S,F,V,C,V,107.36,107.36
27/10/2024,21:00,[20:45-21:00[,S,F,V,C,V,107.36,107.36
27/10/2024,21:15,[21:00-21:15[,S,F,V,C,V,90.58,90.58
27/10/2024,21:30,[21:15-21:30[,S,F,V,C,V,90.58,90.58
27/10/2024,21:45,[21:30-21:45[,S,F,V,C,V,90.58,90.58
27/10/2024,22:00,[21:45-22:00[,S,F,V,C,V,90.58,90.58
27/10/2024,22:15,[22:00-22:15[,S,V,V,V,V,102.99,102.99
27/10/2024,22:30,[22:15-22:30[,S,V,V,V,V,102.99,102.99
27/10/2024,22:45,[22:30-22:45[,S,V,V,V,V,102.99,102.99
27/10/2024,23:00,[22:45-23:00[,S,V,V,V,V,102.99,102.99
27/10/2024,23:15,[23:00-23:15[,S,V,V,V,V,60.61,60.61
27/10/2024,23:30,[23:15-23:30[,S,V,V,V,V,60.61,60.61
27/10/2024,23:45,[23:30-23:45[,S,V,V,V,V,60.61,60.61
27/10/2024,23:59,[23:45-00:00[,S,V,V,V,V,60.61,60.61
28/10/2024,00:15,[00:00-00:15[,S,V,V,V,V,50.31,50.31
28/10/2024,00:30,[00:15-00:30[,S,V,V,V,V,50.31,50.31
28/10/2024,00:45,[00:30-00:45[,S,V,V,V,V,50.31,50.31
28/10/2024,01:00,[00:45-01:00[,S,V,V,V,V,50.31,50.31
28/10/2024,01:15,[01:00-01:15[,S,V,V,V,V,49.00,49.00
28/10/2024,01:30,[01:15-01:30[,S,V,V,V,V,49.00,49.00
28/10/2024,01:45,[01:30-01:45[,S,V,V,V,V,49.00,49.00
28/10/2024,02:00,[01:45-02:00[,S,V,V,V,V,49.00,49.00
28/10/2024,02:15,[02:00-02:15[,S,V,V,V,V,43.10,43.10
28/10/2024,02:30,[02:15-02:30[,S,V,V,V,V,43.10,43.10
28/10/2024,02:45,[02:30-02:45[,S,V,V,V,V,43.10,43.10
28/10/2024,03:00,[02:45-03:00[,S,V,V,V,V,43.10,43.10
28/10/2024,03:15,[03:00-03:15[,S,V,V,V,V,43.92,43.92
28/10/2024,03:30,[03:15-03:30[,S,V,V,V,V,43.92,43.92
28/10/2024,03:45,[03:30-03:45[,S,V,V,V,V,43.92,43.92
28/10/2024,04:00,[03:45-04:00[,S,V,V,V,V,43.92,43.92
28/10/2024,04:15,[04:00-04:15[,S,V,V,V,V,49.20,49.20
28/10/2024,04:30,[04:15-04:30[,S,V,V,V,V,49.20,49.20
28/10/2024,04:45,[04:30-04:45[,S,V,V,V,V,49.20,49.20
28/10/2024,05:00,[04:45-05:00[,S,V,V,V,V,49.20,49.20
28/10/2024,05:15,[05:00-05:15[,S,V,V,V,V,65.78,65.78
28/10/2024,05:30,[05:15-05:30[,S,V,V,V,V,65.78,65.78
28/10/2024,05:45,[05:30-05:45[,S,V,V,V,V,65.78,65.78
28/10/2024,06:00,[05:45-06:00[,S,V,V,V,V,65.78,65.78
28/10/2024,06:15,[06:00-06:15[,S,V,V,V,V,86.74,86.74
28/10/2024,06:30,[06:15-06:30[,S,V,V,V,V,86.74,86.74
28/10/2024,06:45,[06:30-06:45[,S,V,V,V,V,86.74,86.74
28/10/2024,07:00,[06:45-07:00[,S,V,V,V,V,86.74,86.74
28/10/2024,07:15,[07:00-07:15[,S,V,F,V,C,92.60,98.94
28/10/2024,07:30,[07:15-07:30[,S,V,F,V,C,92.60,98.94
28/10/2024,07:45,[07:30-07:45[,S,V,F,V,C,92.60,98.94
28/10/2024,08:00,[07:45-08:00[,S,V,F,V,C,92.60,98.94
28/10/2024,08:15,[08:00-08:15[,S,F,F,C,C,68.39,68.39
28/10/2024,08:30,[08:15-08:30[,S,F,F,C,C,68.39,68.39
28/10/2024,08:45,[08:30-08:45[,S,F,F,C,C,68.39,68.39
28/10/2024,09:00,[08:45-09:00[,S,F,F,C,C,68.39,68.39
28/10/2024,09:15,[09:00-09:15[,S,F,F,P,C,60.61,60.61
28/10/2024,09:30,[09:15-09:30[,S,F,F,P,C,60.61,60.61
28/10/2024,09:45,[09:30-09:45[,S,F,F,P,P,60.61,60.61
28/10/2024,10:00,[09:45-10:00[,S,F,F,P,P,60.61,60.61
28/10/2024,10:15,[10:00-10:15[,S,F,F,P,P,51.99,51.99
28/10/2024,10:30,[10:15-10:30[,S,F,F,P,P,51.99,51.99
28/10/2024,10:45,[10:30-10:45[,S,F,F,C,P,51.99,51.99
28/10/2024,11:00,[10:45-11:00[,S,F,F,C,P,51.99,51.99
28/10/2024,11:15,[11:00-11:15[,S,F,F,C,P,50.24,50.24
28/10/2024,11:30,[11:15-11:30[,S,F,F,C,P,50.24,50.24
28/10/2024,11:45,[11:30-11:45[,S,F,F,C,P,50.24,50.24
28/10/2024,12:00,[11:45-12:00[,S,F,F,C,P,50.24,50.24
28/10/2024,12:15,[12:00-12:15[,S,F,F,C,C,51.97,51.97
28/10/2024,12:30,[12:15-12:30[,S,F,F,C,C,51.97,51.97
28/10/2024,12:45,[12:30-12:45[,S,F,F,C,C,51.97,51.97
28/10/2024,13:00,[12:45-13:00[,S,F,F,C,C,51.97,51.97
28/10/2024,13:15,[13:00-13:15[,S,F,F,C,C,51.97,51.97
28/10/2024,13:30,[13:15-13:30[,S,F,F,C,C,51.97,51.97
28/10/2024,13:45,[13:30-13:45[,S,F,F,C,C,51.97,51.97
28/10/2024,14:00,[13:45-14:00[,S,F,F,C,C,51.97,51.97
28/10/2024,14:15,[14:00-14:15[,S,F,F,C,C,52.51,52.51
28/10/2024,14:30,[14:15-14:30[,S,F,F,C,C,52.51,52.51
28/10/2024,14:45,[14:30-14:45[,S,F,F,C,C,52.51,52.51
28/10/2024,15:00,[14:45-15:00[,S,F,F,C,C,52.51,52.51
28/10/2024,15:15,[15:00-15:15[,S,F,F,C,C,84.89,84.89
28/10/2024,15:30,[15:15-15:30[,S,F,F,C,C,84.89,84.89
28/10/2024,15:45,[15:30-15:45[,S,F,F,C,C,84.89,84.89
28/10/2024,16:00,[15:45-16:00[,S,F,F,C,C,84.89,84.89
28/10/2024,16:15,[16:00-16:15[,S,F,F,C,C,115.57,115.57
28/10/2024,16:30,[16:15-16:30[,S,F,F,C,C,115.57,115.57
28/10/2024,16:45,[16:30-16:45[,S,F,F,C,C,115.57,115.57
28/10/2024,17:00,[16:45-17:00[,S,F,F,C,C,115.57,115.57
28/10/2024,17:15,[17:00-17:15[,S,F,F,C,C,149.48,149.48
28/10/2024,17:30,[17:15-17:30[,S,F,F,C,C,149.48,149.48
28/10/2024,17:45,[17:30-17:45[,S,F,F,C,C,149.48,149.48
28/10/2024,18:00,[17:45-18:00[,S,F,F,C,C,149.48,149.48
28/10/2024,18:15,[18:00-18:15[,S,F,F,P,C,133.66,133.66
28/10/2024,18:30,[18:15-18:30[,S,F,F,P,C,133.66,133.66
28/10/2024,18:45,[18:30-18:45[,S,F,F,P,P,133.66,133.66
28/10/2024,19:00,[18:45-19:00[,S,F,F,P,P,133.66,133.66
28/10/2024,19:15,[19:00-19:15[,S,F,F,P,P,115.73,115.73
28/10/2024,19:30,[19:15-19:30[,S,F,F,P,P,115.73,115.73
28/10/2024,19:45,[19:30-19:45[,S,F,F,P,P,115.73,115.73
28/10/2024,20:00,[19:45-20:00[,S,F,F,P,P,115.73,115.73
28/10/2024,20:15,[20:00-20:15[,S,F,F,P,P,110.49,110.49
28/10/2024,20:30,[20:15-20:30[,S,F,F,P,P,110.49,110.49
28/10/2024,20:45,[20:30-20:45[,S,F,F,C,P,110.49,110.49
28/10/2024,21:00,[20:45-21:00[,S,F,F,C,P,110.49,110.49
28/10/2024,21:15,[21:00-21:15[,S,F,F,C,C,98.61,98.61
28/10/2024,21:30,[21:15-21:30[,S,F,F,C,C,98.61,98.61
28/10/2024,21:45,[21:30-21:45[,S,F,F,C,C,98.61,98.61
28/10/2024,22:00,[21:45-22:00[,S,F,F,C,C,98.61,98.61
28/10/2024,22:15,[22:00-22:15[,S,V,F,V,C,81.25,81.25
28/10/2024,22:30,[22:15-22:30[,S,V,F,V,C,81.25,81.25
28/10/2024,22:45,[22:30-22:45[,S,V,F,V,C,81.25,81.25
28/10/2024,23:00,[22:45-23:00[,S,V,F,V,C,81.25,81.25
28/10/2024,23:15,[23:00-23:15[,S,V,F,V,C,70.00,70.00
28/10/2024,23:30,[23:15-23:30[,S,V,F,V,C,70.00,70.00
28/10/2024,23:45,[23:30-23:45[,S,V,F,V,C,70.00,70.00
28/10/2024,23:59,[23:45-00:00[,S,V,F,V,C,70.00,70.00
29/10/2024,00:15,[00:00-00:15[,S,V,V,V,V,65.14,65.14
29/10/2024,00:30,[00:15-00:30[,S,V,V,V,V,65.14,65.14
29/10/2024,00:45,[00:30-00:45[,S,V,V,V,V,65.14,65.14
29/10/2024,01:00,[00:45-01:00[,S,V,V,V,V,65.14,65.14
29/10/2024,01:15,[01:00-01:15[,S,V,V,V,V,56.21,56.21
29/10/2024,01:30,[01:15-01:30[,S,V,V,V,V,56.21,56.21
29/10/2024,01:45,[01:30-01:45[,S,V,V,V,V,56.21,56.21
29/10/2024,02:00,[01:45-02:00[,S,V,V,V,V,56.21,56.21
29/10/2024,02:15,[02:00-02:15[,S,V,V,V,V,49.28,49.28
29/10/2024,02:30,[02:15-02:30[,S,V,V,V,V,49.28,49.28
29/10/2024,02:45,[02:30-02:45[,S,V,V,V,V,49.28,49.28
29/10/2024,03:00,[02:45-03:00[,S,V,V,V,V,49.28,49.28
29/10/2024,03:15,[03:00-03:15[,S,V,V,V,V,49.04,49.04
29/10/2024,03:30,[03:15-03:30[,S,V,V,V,V,49.04,49.04
29/10/2024,03:45,[03:30-03:45[,S,V,V,V,V,49.04,49.04
29/10/2024,04:00,[03:45-04:00[,S,V,V,V,V,49.04,49.04
29/10/2024,04:15,[04:00-04:15[,S,V,V,V,V,58.40,58.40
29/10/2024,04:30,[04:15-04:30[,S,V,V,V,V,58.40,58.40
29/10/2024,04:45,[04:30-04:45[,S,V,V,V,V,58.40,58.40
29/10/2024,05:00,[04:45-05:00[,S,V,V,V,V,58.40,58.40
29/10/2024,05:15,[05:00-05:15[,S,V,V,V,V,70.84,70.84
29/10/2024,05:30,[05:15-05:30[,S,V,V,V,V,70.84,70.84
29/10/2024,05:45,[05:30-05:45[,S,V,V,V,V,70.84,70.84
29/10/2024,06:00,[05:45-06:00[,S,V,V,V,V,70.84,70.84
29/10/2024,06:15,[06:00-06:15[,S,V,V,V,V,83.09,83.09
29/10/2024,06:30,[06:15-06:30[,S,V,V,V,V,83.09,83.09
29/10/2024,06:45,[06:30-06:45[,S,V,V,V,V,83.09,83.09
29/10/2024,07:00,[06:45-07:00[,S,V,V,V,V,83.09,83.09
29/10/2024,07:15,[07:00-07:15[,S,V,F,V,C,91.36,91.36
29/10/2024,07:30,[07:15-07:30[,S,V,F,V,C,91.36,91.36
29/10/2024,07:45,[07:30-07:45[,S,V,F,V,C,91.36,91.36
29/10/2024,08:00,[07:45-08:00[,S,V,F,V,C,91.36,91.36
29/10/2024,08:15,[08:00-08:15[,S,F,F,C,C,72.40,72.40
29/10/2024,08:30,[08:15-08:30[,S,F,F,C,C,72.40,72.40
29/10/2024,08:45,[08:30-08:45[,S,F,F,C,C,72.40,72.40
29/10/2024,09:00,[08:45-09:00[,S,F,F,C,C,72.40,72.40
29/10/2024,09:15,[09:00-09:15[,S,F,F,P,C,73.61,73.61
29/10/2024,09:30,[09:15-09:30[,S,F,F,P,C,73.61,73.61
29/10/2024,09:45,[09:30-09:45[,S,F,F,P,P,73.61,73.61
29/10/2024,10:00,[09:45-10:00[,S,F,F,P,P,73.61,73.61
29/10/2024,10:15,[10:00-10:15[,S,F,F,P,P,71.10,71.10
29/10/2024,10:30,[10:15-10:30[,S,F,F,P,P,71.10,71.10
29/10/2024,10:45,[10:30-10:45[,S,F,F,C,P,71.10,71.10
29/10/2024,11:00,[10:45-11:00[,S,F,F,C,P,71.10,71.10
29/10/2024,11:15,[11:00-11:15[,S,F,F,C,P,71.10,71.10
29/10/2024,11:30,[11:15-11:30[,S,F,F,C,P,71.10,71.10
29/10/2024,11:45,[11:30-11:45[,S,F,F,C,P,71.10,71.10
29/10/2024,12:00,[11:45-12:00[,S,F,F,C,P,71.10,71.10
29/10/2024,12:15,[12:00-12:15[,S,F,F,C,C,71.00,71.00
29/10/2024,12:30,[12:15-12:30[,S,F,F,C,C,71.00,71.00
29/10/2024,12:45,[12:30-12:45[,S,F,F,C,C,71.00,71.00
29/10/2024,13:00,[12:45-13:00[,S,F,F,C,C,71.00,71.00
29/10/2024,13:15,[13:00-13:15[,S,F,F,C,C,70.84,70.84
29/10/2024,13:30,[13:15-13:30[,S,F,F,C,C,70.84,70.84
29/10/2024,13:45,[13:30-13:45[,S,F,F,C,C,70.84,70.84
29/10/2024,14:00,[13:45-14:00[,S,F,F,C,C,70.84,70.84
29/10/2024,14:15,[14:00-14:15[,S,F,F,C,C,71.10,71.10
29/10/2024,14:30,[14:15-14:30[,S,F,F,C,C,71.10,71.10
29/10/2024,14:45,[14:30-14:45[,S,F,F,C,C,71.10,71.10
29/10/2024,15:00,[14:45-15:00[,S,F,F,C,C,71.10,71.10
29/10/2024,15:15,[15:00-15:15[,S,F,F,C,C,73.61,73.61
29/10/2024,15:30,[15:15-15:30[,S,F,F,C,C,73.61,73.61
29/10/2024,15:45,[15:30-15:45[,S,F,F,C,C,73.61,73.61
29/10/2024,16:00,[15:45-16:00[,S,F,F,C,C,73.61,73.61
29/10/2024,16:15,[16:00-16:15[,S,F,F,C,C,74.70,74.70
29/10/2024,16:30,[16:15-16:30[,S,F,F,C,C,74.70,74.70
29/10/2024,16:45,[16:30-16:45[,S,F,F,C,C,74.70,74.70
29/10/2024,17:00,[16:45-17:00[,S,F,F,C,C,74.70,74.70
29/10/2024,17:15,[17:00-17:15[,S,F,F,C,C,85.00,85.00
29/10/2024,17:30,[17:15-17:30[,S,F,F,C,C,85.00,85.00
29/10/2024,17:45,[17:30-17:45[,S,F,F,C,C,85.00,85.00
29/10/2024,18:00,[17:45-18:00[,S,F,F,C,C,85.00,85.00
29/10/2024,18:15,[18:00-18:15[,S,F,F,P,C,93.34,93.34
29/10/2024,18:30,[18:15-18:30[,S,F,F,P,C,93.34,93.34
29/10/2024,18:45,[18:30-18:45[,S,F,F,P,P,93.34,93.34
29/10/2024,19:00,[18:45-19:00[,S,F,F,P,P,93.34,93.34
29/10/2024,19:15,[19:00-19:15[,S,F,F,P,P,98.61,98.61
29/10/2024,19:30,[19:15-19:30[,S,F,F,P,P,98.61,98.61
29/10/2024,19:45,[19:30-19:45[,S,F,F,P,P,98.61,98.61
29/10/2024,20:00,[19:45-20:00[,S,F,F,P,P,98.61,98.61
29/10/2024,20:15,[20:00-20:15[,S,F,F,P,P,90.00,90.00
29/10/2024,20:30,[20:15-20:30[,S,F,F,P,P,90.00,90.00
29/10/2024,20:45,[20:30-20:45[,S,F,F,C,P,90.00,90.00
29/10/2024,21:00,[20:45-21:00[,S,F,F,C,P,90.00,90.00
29/10/2024,21:15,[21:00-21:15[,S,F,F,C,C,83.22,83.22
29/10/2024,21:30,[21:15-21:30[,S,F,F,C,C,83.22,83.22
29/10/2024,21:45,[21:30-21:45[,S,F,F,C,C,83.22,83.22
29/10/2024,22:00,[21:45-22:00[,S,F,F,C,C,83.22,83.22
29/10/2024,22:15,[22:00-22:15[,S,V,F,V,C,68.70,68.70
29/10/2024,22:30,[22:15-22:30[,S,V,F,V,C,68.70,68.70
29/10/2024,22:45,[22:30-22:45[,S,V,F,V,C,68.70,68.70
29/10/2024,23:00,[22:45-23:00[,S,V,F,V,C,68.70,68.70
29/10/2024,23:15,[23:00-23:15[,S,V,F,V,C,66.00,66.00
29/10/2024,23:30,[23:15-23:30[,S,V,F,V,C,66.00,66.00
29/10/2024,23:45,[23:30-23:45[,S,V,F,V,C,66.00,66.00
29/10/2024,23:59,[23:45-00:00[,S,V,F,V,C,66.00,66.00
30/10/2024,00:15,[00:00-00:15[,S,V,V,V,V,55.00,55.00
30/10/2024,00:30,[00:15-00:30[,S,V,V,V,V,55.00,55.00
30/10/2024,00:45,[00:30-00:45[,S,V,V,V,V,55.00,55.00
30/10/2024,01:00,[00:45-01:00[,S,V,V,V,V,55.00,55.00
30/10/2024,01:15,[01:00-01:15[,S,V,V,V,V,52.99,52.99
30/10/2024,01:30,[01:15-01:30[,S,V,V,V,V,52.99,52.99
30/10/2024,01:45,[01:30-01:45[,S,V,V,V,V,52.99,52.99
30/10/2024,02:00,[01:45-02:00[,S,V,V,V,V,52.99,52.99
30/10/2024,02:15,[02:00-02:15[,S,V,V,V,V,44.60,44.60
30/10/2024,02:30,[02:15-02:30[,S,V,V,V,V,44.60,44.60
30/10/2024,02:45,[02:30-02:45[,S,V,V,V,V,44.60,44.60
30/10/2024,03:00,[02:45-03:00[,S,V,V,V,V,44.60,44.60
30/10/2024,03:15,[03:00-03:15[,S,V,V,V,V,47.95,40.00
30/10/2024,03:30,[03:15-03:30[,S,V,V,V,V,47.95,40.00
30/10/2024,03:45,[03:30-03:45[,S,V,V,V,V,47.95,40.00
30/10/2024,04:00,[03:45-04:00[,S,V,V,V,V,47.95,40.00
30/10/2024,04:15,[04:00-04:15[,S,V,V,V,V,52.50,52.50
30/10/2024,04:30,[04:15-04:30[,S,V,V,V,V,52.50,52.50
30/10/2024,04:45,[04:30-04:45[,S,V,V,V,V,52.50,52.50
30/10/2024,05:00,[04:45-05:00[,S,V,V,V,V,52.50,52.50
30/10/2024,05:15,[05:00-05:15[,S,V,V,V,V,68.68,68.68
30/10/2024,05:30,[05:15-05:30[,S,V,V,V,V,68.68,68.68
30/10/2024,05:45,[05:30-05:45[,S,V,V,V,V,68.68,68.68
30/10/2024,06:00,[05:45-06:00[,S,V,V,V,V,68.68,68.68
30/10/2024,06:15,[06:00-06:15[,S,V,V,V,V,76.04,76.04
30/10/2024,06:30,[06:15-06:30[,S,V,V,V,V,76.04,76.04
30/10/2024,06:45,[06:30-06:45[,S,V,V,V,V,76.04,76.04
30/10/2024,07:00,[06:45-07:00[,S,V,V,V,V,76.04,76.04
30/10/2024,07:15,[07:00-07:15[,S,V,F,V,C,90.25,90.25
30/10/2024,07:30,[07:15-07:30[,S,V,F,V,C,90.25,90.25
30/10/2024,07:45,[07:30-07:45[,S,V,F,V,C,90.25,90.25
30/10/2024,08:00,[07:45-08:00[,S,V,F,V,C,90.25,90.25
30/10/2024,08:15,[08:00-08:15[,S,F,F,C,C,85.00,85.00
30/10/2024,08:30,[08:15-08:30[,S,F,F,C,C,85.00,85.00
30/10/2024,08:45,[08:30-08:45[,S,F,F,C,C,85.00,85.00
30/10/2024,09:00,[08:45-09:00[,S,F,F,C,C,85.00,85.00
30/10/2024,09:15,[09:00-09:15[,S,F,F,P,C,69.70,69.70
30/10/2024,09:30,[09:15-09:30[,S,F,F,P,C,69.70,69.70
30/10/2024,09:45,[09:30-09:45[,S,F,F,P,P,69.70,69.70
30/10/2024,10:00,[09:45-10:00[,S,F,F,P,P,69.70,69.70
30/10/2024,10:15,[10:00-10:15[,S,F,F,P,P,69.57,69.57
30/10/2024,10:30,[10:15-10:30[,S,F,F,P,P,69.57,69.57
30/10/2024,10:45,[10:30-10:45[,S,F,F,C,P,69.57,69.57
30/10/2024,11:00,[10:45-11:00[,S,F,F,C,P,69.57,69.57
30/10/2024,11:15,[11:00-11:15[,S,F,F,C,P,73.05,73.05
30/10/2024,11:30,[11:15-11:30[,S,F,F,C,P,73.05,73.05
30/10/2024,11:45,[11:30-11:45[,S,F,F,C,P,73.05,73.05
30/10/2024,12:00,[11:45-12:00[,S,F,F,C,P,73.05,73.05
30/10/2024,12:15,[12:00-12:15[,S,F,F,C,C,73.52,73.52
30/10/2024,12:30,[12:15-12:30[,S,F,F,C,C,73.52,73.52
30/10/2024,12:45,[12:30-12:45[,S,F,F,C,C,73.52,73.52
30/10/2024,13:00,[12:45-13:00[,S,F,F,C,C,73.52,73.52
30/10/2024,13:15,[13:00-13:15[,S,F,F,C,C,69.57,69.57
30/10/2024,13:30,[13:15-13:30[,S,F,F,C,C,69.57,69.57
30/10/2024,13:45,[13:30-13:45[,S,F,F,C,C,69.57,69.57
30/10/2024,14:00,[13:45-14:00[,S,F,F,C,C,69.57,69.57
30/10/2024,14:15,[14:00-14:15[,S,F,F,C,C,72.65,72.65
30/10/2024,14:30,[14:15-14:30[,S,F,F,C,C,72.65,72.65
30/10/2024,14:45,[14:30-14:45[,S,F,F,C,C,72.65,72.65
30/10/2024,15:00,[14:45-15:00[,S,F,F,C,C,72.65,72.65
30/10/2024,15:15,[15:00-15:15[,S,F,F,C,C,86.81,86.81
30/10/2024,15:30,[15:15-15:30[,S,F,F,C,C,86.81,86.81
30/10/2024,15:45,[15:30-15:45[,S,F,F,C,C,86.81,86.81
30/10/2024,16:00,[15:45-16:00[,S,F,F,C,C,86.81,86.81
30/10/2024,16:15,[16:00-16:15[,S,F,F,C,C,102.30,102.30
30/10/2024,16:30,[16:15-16:30[,S,F,F,C,C,102.30,102.30
30/10/2024,16:45,[16:30-16:45[,S,F,F,C,C,102.30,102.30
30/10/2024,17:00,[16:45-17:00[,S,F,F,C,C,102.30,102.30
30/10/2024,17:15,[17:00-17:15[,S,F,F,C,C,145.00,145.00
30/10/2024,17:30,[17:15-17:30[,S,F,F,C,C,145.00,145.00
30/10/2024,17:45,[17:30-17:45[,S,F,F,C,C,145.00,145.00
30/10/2024,18:00,[17:45-18:00[,S,F,F,C,C,145.00,145.00
30/10/2024,18:15,[18:00-18:15[,S,F,F,P,C,143.36,143.36
30/10/2024,18:30,[18:15-18:30[,S,F,F,P,C,143.36,143.36
30/10/2024,18:45,[18:30-18:45[,S,F,F,P,P,143.36,143.36
30/10/2024,19:00,[18:45-19:00[,S,F,F,P,P,143.36,143.36
30/10/2024,19:15,[19:00-19:15[,S,F,F,P,P,143.36,143.36
30/10/2024,19:30,[19:15-19:30[,S,F,F,P,P,143.36,143.36
30/10/2024,19:45,[19:30-19:45[,S,F,F,P,P,143.36,143.36
30/10/2024,20:00,[19:45-20:00[,S,F,F,P,P,143.36,143.36
30/10/2024,20:15,[20:00-20:15[,S,F,F,P,P,132.33,132.33
30/10/2024,20:30,[20:15-20:30[,S,F,F,P,P,132.33,132.33
30/10/2024,20:45,[20:30-20:45[,S,F,F,C,P,132.33,132.33
30/10/2024,21:00,[20:45-21:00[,S,F,F,C,P,132.33,132.33
30/10/2024,21:15,[21:00-21:15[,S,F,F,C,C,99.80,99.80
30/10/2024,21:30,[21:15-21:30[,S,F,F,C,C,99.80,99.80
30/10/2024,21:45,[21:30-21:45[,S,F,F,C,C,99.80,99.80
30/10/2024,22:00,[21:45-22:00[,S,F,F,C,C,99.80,99.80
30/10/2024,22:15,[22:00-22:15[,S,V,F,V,C,91.71,91.71
30/10/2024,22:30,[22:15-22:30[,S,V,F,V,C,91.71,91.71
30/10/2024,22:45,[22:30-22:45[,S,V,F,V,C,91.71,91.71
30/10/2024,23:00,[22:45-23:00[,S,V,F,V,C,91.71,91.71
30/10/2024,23:15,[23:00-23:15[,S,V,F,V,C,80.00,80.00
30/10/2024,23:30,[23:15-23:30[,S,V,F,V,C,80.00,80.00
30/10/2024,23:45,[23:30-23:45[,S,V,F,V,C,80.00,80.00
30/10/2024,23:59,[23:45-00:00[,S,V,F,V,C,80.00,80.00
31/10/2024,00:15,[00:00-00:15[,S,V,V,V,V,76.79,76.79
31/10/2024,00:30,[00:15-00:30[,S,V,V,V,V,76.79,76.79
31/10/2024,00:45,[00:30-00:45[,S,V,V,V,V,76.79,76.79
31/10/2024,01:00,[00:45-01:00[,S,V,V,V,V,76.79,76.79
31/10/2024,01:15,[01:00-01:15[,S,V,V,V,V,75.00,75.00
31/10/2024,01:30,[01:15-01:30[,S,V,V,V,V,75.00,75.00
31/10/2024,01:45,[01:30-01:45[,S,V,V,V,V,75.00,75.00
31/10/2024,02:00,[01:45-02:00[,S,V,V,V,V,75.00,75.00
31/10/2024,02:15,[02:00-02:15[,S,V,V,V,V,72.59,72.59
31/10/2024,02:30,[02:15-02:30[,S,V,V,V,V,72.59,72.59
31/10/2024,02:45,[02:30-02:45[,S,V,V,V,V,72.59,72.59
31/10/2024,03:00,[02:45-03:00[,S,V,V,V,V,72.59,72.59
31/10/2024,03:15,[03:00-03:15[,S,V,V,V,V,70.99,70.99
31/10/2024,03:30,[03:15-03:30[,S,V,V,V,V,70.99,70.99
31/10/2024,03:45,[03:30-03:45[,S,V,V,V,V,70.99,70.99
31/10/2024,04:00,[03:45-04:00[,S,V,V,V,V,70.99,70.99
31/10/2024,04:15,[04:00-04:15[,S,V,V,V,V,77.00,77.00
31/10/2024,04:30,[04:15-04:30[,S,V,V,V,V,77.00,77.00
31/10/2024,04:45,[04:30-04:45[,S,V,V,V,V,77.00,77.00
31/10/2024,05:00,[04:45-05:00[,S,V,V,V,V,77.00,77.00
31/10/2024,05:15,[05:00-05:15[,S,V,V,V,V,88.39,88.39
31/10/2024,05:30,[05:15-05:30[,S,V,V,V,V,88.39,88.39
31/10/2024,05:45,[05:30-05:45[,S,V,V,V,V,88.39,88.39
31/10/2024,06:00,[05:45-06:00[,S,V,V,V,V,88.39,88.39
31/10/2024,06:15,[06:00-06:15[,S,V,V,V,V,107.36,117.05
31/10/2024,06:30,[06:15-06:30[,S,V,V,V,V,107.36,117.05
31/10/2024,06:45,[06:30-06:45[,S,V,V,V,V,107.36,117.05
31/10/2024,07:00,[06:45-07:00[,S,V,V,V,V,107.36,117.05
31/10/2024,07:15,[07:00-07:15[,S,V,F,V,C,121.58,121.58
31/10/2024,07:30,[07:15-07:30[,S,V,F,V,C,121.58,121.58
31/10/2024,07:45,[07:30-07:45[,S,V,F,V,C,121.58,121.58
31/10/2024,08:00,[07:45-08:00[,S,V,F,V,C,121.58,121.58
31/10/2024,08:15,[08:00-08:15[,S,F,F,C,C,102.80,102.80
31/10/2024,08:30,[08:15-08:30[,S,F,F,C,C,102.80,102.80
31/10/2024,08:45,[08:30-08:45[,S,F,F,C,C,102.80,102.80
31/10/2024,09:00,[08:45-09:00[,S,F,F,C,C,102.80,102.80
31/10/2024,09:15,[09:00-09:15[,S,F,F,P,C,93.20,93.20
31/10/2024,09:30,[09:15-09:30[,S,F,F,P,C,93.20,93.20
31/10/2024,09:45,[09:30-09:45[,S,F,F,P,P,93.20,93.20
31/10/2024,10:00,[09:45-10:00[,S,F,F,P,P,93.20,93.20
31/10/2024,10:15,[10:00-10:15[,S,F,F,P,P,85.04,85.04
31/10/2024,10:30,[10:15-10:30[,S,F,F,P,P,85.04,85.04
31/10/2024,10:45,[10:30-10:45[,S,F,F,C,P,85.04,85.04
31/10/2024,11:00,[10:45-11:00[,S,F,F,C,P,85.04,85.04
31/10/2024,11:15,[11:00-11:15[,S,F,F,C,P,88.91,88.91
31/10/2024,11:30,[11:15-11:30[,S,F,F,C,P,88.91,88.91
31/10/2024,11:45,[11:30-11:45[,S,F,F,C,P,88.91,88.91
31/10/2024,12:00,[11:45-12:00[,S,F,F,C,P,88.91,88.91
31/10/2024,12:15,[12:00-12:15[,S,F,F,C,C,85.31,85.31
31/10/2024,12:30,[12:15-12:30[,S,F,F,C,C,85.31,85.31
31/10/2024,12:45,[12:30-12:45[,S,F,F,C,C,85.31,85.31
31/10/2024,13:00,[12:45-13:00[,S,F,F,C,C,85.31,85.31
31/10/2024,13:15,[13:00-13:15[,S,F,F,C,C,85.51,85.51
31/10/2024,13:30,[13:15-13:30[,S,F,F,C,C,85.51,85.51
31/10/2024,13:45,[13:30-13:45[,S,F,F,C,C,85.51,85.51
31/10/2024,14:00,[13:45-14:00[,S,F,F,C,C,85.51,85.51
31/10/2024,14:15,[14:00-14:15[,S,F,F,C,C,95.50,95.50
31/10/2024,14:30,[14:15-14:30[,S,F,F,C,C,95.50,95.50
31/10/2024,14:45,[14:30-14:45[,S,F,F,C,C,95.50,95.50
31/10/2024,15:00,[14:45-15:00[,S,F,F,C,C,95.50,95.50
31/10/2024,15:15,[15:00-15:15[,S,F,F,C,C,113.00,113.00
31/10/2024,15:30,[15:15-15:30[,S,F,F,C,C,113.00,113.00
31/10/2024,15:45,[15:30-15:45[,S,F,F,C,C,113.00,113.00
31/10/2024,16:00,[15:45-16:00[,S,F,F,C,C,113.00,113.00
31/10/2024,16:15,[16:00-16:15[,S,F,F,C,C,130.00,130.00
31/10/2024,16:30,[16:15-16:30[,S,F,F,C,C,130.00,130.00
31/10/2024,16:45,[16:30-16:45[,S,F,F,C,C,130.00,130.00
31/10/2024,17:00,[16:45-17:00[,S,F,F,C,C,130.00,130.00
31/10/2024,17:15,[17:00-17:15[,S,F,F,C,C,134.14,134.14
31/10/2024,17:30,[17:15-17:30[,S,F,F,C,C,134.14,134.14
31/10/2024,17:45,[17:30-17:45[,S,F,F,C,C,134.14,134.14
31/10/2024,18:00,[17:45-18:00[,S,F,F,C,C,134.14,134.14
31/10/2024,18:15,[18:00-18:15[,S,F,F,P,C,135.01,135.01
31/10/2024,18:30,[18:15-18:30[,S,F,F,P,C,135.01,135.01
31/10/2024,18:45,[18:30-18:45[,S,F,F,P,P,135.01,135.01
31/10/2024,19:00,[18:45-19:00[,S,F,F,P,P,135.01,135.01
31/10/2024,19:15,[19:00-19:15[,S,F,F,P,P,148.72,148.72
31/10/2024,19:30,[19:15-19:30[,S,F,F,P,P,148.72,148.72
31/10/2024,19:45,[19:30-19:45[,S,F,F,P,P,148.72,148.72
31/10/2024,20:00,[19:45-20:00[,S,F,F,P,P,148.72,148.72
31/10/2024,20:15,[20:00-20:15[,S,F,F,P,P,134.34,134.34
31/10/2024,20:30,[20:15-20:30[,S,F,F,P,P,134.34,134.34
31/10/2024,20:45,[20:30-20:45[,S,F,F,C,P,134.34,134.34
31/10/2024,21:00,[20:45-21:00[,S,F,F,C,P,134.34,134.34
31/10/2024,21:15,[21:00-21:15[,S,F,F,C,C,115.20,115.20
31/10/2024,21:30,[21:15-21:30[,S,F,F,C,C,115.20,115.20
31/10/2024,21:45,[21:30-21:45[,S,F,F,C,C,115.20,115.20
31/10/2024,22:00,[21:45-22:00[,S,F,F,C,C,115.20,115.20
31/10/2024,22:15,[22:00-22:15[,S,V,F,V,C,102.00,102.00
31/10/2024,22:30,[22:15-22:30[,S,V,F,V,C,102.00,102.00
31/10/2024,22:45,[22:30-22:45[,S,V,F,V,C,102.00,102.00
31/10/2024,23:00,[22:45-23:00[,S,V,F,V,C,102.00,102.00
31/10/2024,23:15,[23:00-23:15[,S,V,F,V,C,86.48,86.48
31/10/2024,23:30,[23:15-23:30[,S,V,F,V,C,86.48,86.48
31/10/2024,23:45,[23:30-23:45[,S,V,F,V,C,86.48,86.48
31/10/2024,23:59,[23:45-00:00[,S,V,F,V,C,86.48,86.48
01/11/2024,00:15,[00:00-00:15[,S,V,V,V,V,81.71,81.71
01/11/2024,00:30,[00:15-00:30[,S,V,V,V,V,81.71,81.71
01/11/2024,00:45,[00:30-00:45[,S,V,V,V,V,81.71,81.71
01/11/2024,01:00,[00:45-01:00[,S,V,V,V,V,81.71,81.71
01/11/2024,01:15,[01:00-01:15[,S,V,V,V,V,75.00,75.00
01/11/2024,01:30,[01:15-01:30[,S,V,V,V,V,75.00,75.00
01/11/2024,01:45,[01:30-01:45[,S,V,V,V,V,75.00,75.00
01/11/2024,02:00,[01:45-02:00[,S,V,V,V,V,75.00,75.00
01/11/2024,02:15,[02:00-02:15[,S,V,V,V,V,70.70,70.70
01/11/2024,02:30,[02:15-02:30[,S,V,V,V,V,70.70,70.70
01/11/2024,02:45,[02:30-02:45[,S,V,V,V,V,70.70,70.70
01/11/2024,03:00,[02:45-03:00[,S,V,V,V,V,70.70,70.70
01/11/2024,03:15,[03:00-03:15[,S,V,V,V,V,70.68,70.68
01/11/2024,03:30,[03:15-03:30[,S,V,V,V,V,70.68,70.68
01/11/2024,03:45,[03:30-03:45[,S,V,V,V,V,70.68,70.68
01/11/2024,04:00,[03:45-04:00[,S,V,V,V,V,70.68,70.68
01/11/2024,04:15,[04:00-04:15[,S,V,V,V,V,71.66,71.66
01/11/2024,04:30,[04:15-04:30[,S,V,V,V,V,71.66,71.66
01/11/2024,04:45,[04:30-04:45[,S,V,V,V,V,71.66,71.66
01/11/2024,05:00,[04:45-05:00[,S,V,V,V,V,71.66,71.66
01/11/2024,05:15,[05:00-05:15[,S,V,V,V,V,73.84,73.84
01/11/2024,05:30,[05:15-05:30[,S,V,V,V,V,73.84,73.84
01/11/2024,05:45,[05:30-05:45[,S,V,V,V,V,73.84,73.84
01/11/2024,06:00,[05:45-06:00[,S,V,V,V,V,73.84,73.84
01/11/2024,06:15,[06:00-06:15[,S,V,V,V,V,78.00,78.00
01/11/2024,06:30,[06:15-06:30[,S,V,V,V,V,78.00,78.00
01/11/2024,06:45,[06:30-06:45[,S,V,V,V,V,78.00,78.00
01/11/2024,07:00,[06:45-07:00[,S,V,V,V,V,78.00,78.00
01/11/2024,07:15,[07:00-07:15[,S,V,F,V,C,73.09,73.09
01/11/2024,07:30,[07:15-07:30[,S,V,F,V,C,73.09,73.09
01/11/2024,07:45,[07:30-07:45[,S,V,F,V,C,73.09,73.09
01/11/2024,08:00,[07:45-08:00[,S,V,F,V,C,73.09,73.09
01/11/2024,08:15,[08:00-08:15[,S,F,F,C,C,70.00,70.00
01/11/2024,08:30,[08:15-08:30[,S,F,F,C,C,70.00,70.00
01/11/2024,08:45,[08:30-08:45[,S,F,F,C,C,70.00,70.00
01/11/2024,09:00,[08:45-09:00[,S,F,F,C,C,70.00,70.00
01/11/2024,09:15,[09:00-09:15[,S,F,F,P,C,66.71,66.71
01/11/2024,09:30,[09:15-09:30[,S,F,F,P,C,66.71,66.71
01/11/2024,09:45,[09:30-09:45[,S,F,F,P,P,66.71,66.71
01/11/2024,10:00,[09:45-10:00[,S,F,F,P,P,66.71,66.71
01/11/2024,10:15,[10:00-10:15[,S,F,F,P,P,47.80,47.80
01/11/2024,10:30,[10:15-10:30[,S,F,F,P,P,47.80,47.80
01/11/2024,10:45,[10:30-10:45[,S,F,F,C,P,47.80,47.80
01/11/2024,11:00,[10:45-11:00[,S,F,F,C,P,47.80,47.80
01/11/2024,11:15,[11:00-11:15[,S,F,F,C,P,49.99,49.99
01/11/2024,11:30,[11:15-11:30[,S,F,F,C,P,49.99,49.99
01/11/2024,11:45,[11:30-11:45[,S,F,F,C,P,49.99,49.99
01/11/2024,12:00,[11:45-12:00[,S,F,F,C,P,49.99,49.99
01/11/2024,12:15,[12:00-12:15[,S,F,F,C,C,50.24,50.24
01/11/2024,12:30,[12:15-12:30[,S,F,F,C,C,50.24,50.24
01/11/2024,12:45,[12:30-12:45[,S,F,F,C,C,50.24,50.24
01/11/2024,13:00,[12:45-13:00[,S,F,F,C,C,50.24,50.24
01/11/2024,13:15,[13:00-13:15[,S,F,F,C,C,60.00,60.00
01/11/2024,13:30,[13:15-13:30[,S,F,F,C,C,60.00,60.00
01/11/2024,13:45,[13:30-13:45[,S,F,F,C,C,60.00,60.00
01/11/2024,14:00,[13:45-14:00[,S,F,F,C,C,60.00,60.00
01/11/2024,14:15,[14:00-14:15[,S,F,F,C,C,70.43,70.43
01/11/2024,14:30,[14:15-14:30[,S,F,F,C,C,70.43,70.43
01/11/2024,14:45,[14:30-14:45[,S,F,F,C,C,70.43,70.43
01/11/2024,15:00,[14:45-15:00[,S,F,F,C,C,70.43,70.43
01/11/2024,15:15,[15:00-15:15[,S,F,F,C,C,83.76,83.76
01/11/2024,15:30,[15:15-15:30[,S,F,F,C,C,83.76,83.76
01/11/2024,15:45,[15:30-15:45[,S,F,F,C,C,83.76,83.76
01/11/2024,16:00,[15:45-16:00[,S,F,F,C,C,83.76,83.76
01/11/2024,16:15,[16:00-16:15[,S,F,F,C,C,105.48,105.48
01/11/2024,16:30,[16:15-16:30[,S,F,F,C,C,105.48,105.48
01/11/2024,16:45,[16:30-16:45[,S,F,F,C,C,105.48,105.48
01/11/2024,17:00,[16:45-17:00[,S,F,F,C,C,105.48,105.48
01/11/2024,17:15,[17:00-17:15[,S,F,F,C,C,125.88,125.88
01/11/2024,17:30,[17:15-17:30[,S,F,F,C,C,125.88,125.88
01/11/2024,17:45,[17:30-17:45[,S,F,F,C,C,125.88,125.88
01/11/2024,18:00,[17:45-18:00[,S,F,F,C,C,125.88,125.88
01/11/2024,18:15,[18:00-18:15[,S,F,F,P,C,120.01,120.01
01/11/2024,18:30,[18:15-18:30[,S,F,F,P,C,120.01,120.01
01/11/2024,18:45,[18:30-18:45[,S,F,F,P,P,120.01,120.01
01/11/2024,19:00,[18:45-19:00[,S,F,F,P,P,120.01,120.01
01/11/2024,19:15,[19:00-19:15[,S,F,F,P,P,119.70,119.70
01/11/2024,19:30,[19:15-19:30[,S,F,F,P,P,119.70,119.70
01/11/2024,19:45,[19:30-19:45[,S,F,F,P,P,119.70,119.70
01/11/2024,20:00,[19:45-20:00[,S,F,F,P,P,119.70,119.70
01/11/2024,20:15,[20:00-20:15[,S,F,F,P,P,110.75,110.75
01/11/2024,20:30,[20:15-20:30[,S,F,F,P,P,110.75,110.75
01/11/2024,20:45,[20:30-20:45[,S,F,F,C,P,110.75,110.75
01/11/2024,21:00,[20:45-21:00[,S,F,F,C,P,110.75,110.75
01/11/2024,21:15,[21:00-21:15[,S,F,F,C,C,101.09,101.09
01/11/2024,21:30,[21:15-21:30[,S,F,F,C,C,101.09,101.09
01/11/2024,21:45,[21:30-21:45[,S,F,F,C,C,101.09,101.09
01/11/2024,22:00,[21:45-22:00[,S,F,F,C,C,101.09,101.09
01/11/2024,22:15,[22:00-22:15[,S,V,F,V,C,95.65,95.65
01/11/2024,22:30,[22:15-22:30[,S,V,F,V,C,95.65,95.65
01/11/2024,22:45,[22:30-22:45[,S,V,F,V,C,95.65,95.65
01/11/2024,23:00,[22:45-23:00[,S,V,F,V,C,95.65,95.65
01/11/2024,23:15,[23:00-23:15[,S,V,F,V,C,96.28,96.28
01/11/2024,23:30,[23:15-23:30[,S,V,F,V,C,96.28,96.28
01/11/2024,23:45,[23:30-23:45[,S,V,F,V,C,96.28,96.28
01/11/2024,23:59,[23:45-00:00[,S,V,F,V,C,96.28,96.28
02/11/2024,00:15,[00:00-00:15[,S,V,V,V,V,91.56,91.56
02/11/2024,00:30,[00:15-00:30[,S,V,V,V,V,91.56,91.56
02/11/2024,00:45,[00:30-00:45[,S,V,V,V,V,91.56,91.56
02/11/2024,01:00,[00:45-01:00[,S,V,V,V,V,91.56,91.56
02/11/2024,01:15,[01:00-01:15[,S,V,V,V,V,88.93,88.93
02/11/2024,01:30,[01:15-01:30[,S,V,V,V,V,88.93,88.93
02/11/2024,01:45,[01:30-01:45[,S,V,V,V,V,88.93,88.93
02/11/2024,02:00,[01:45-02:00[,S,V,V,V,V,88.93,88.93
02/11/2024,02:15,[02:00-02:15[,S,V,V,V,V,86.00,86.00
02/11/2024,02:30,[02:15-02:30[,S,V,V,V,V,86.00,86.00
02/11/2024,02:45,[02:30-02:45[,S,V,V,V,V,86.00,86.00
02/11/2024,03:00,[02:45-03:00[,S,V,V,V,V,86.00,86.00
02/11/2024,03:15,[03:00-03:15[,S,V,V,V,V,86.85,86.85
02/11/2024,03:30,[03:15-03:30[,S,V,V,V,V,86.85,86.85
02/11/2024,03:45,[03:30-03:45[,S,V,V,V,V,86.85,86.85
02/11/2024,04:00,[03:45-04:00[,S,V,V,V,V,86.85,86.85
02/11/2024,04:15,[04:00-04:15[,S,V,V,V,V,85.62,85.62
02/11/2024,04:30,[04:15-04:30[,S,V,V,V,V,85.62,85.62
02/11/2024,04:45,[04:30-04:45[,S,V,V,V,V,85.62,85.62
02/11/2024,05:00,[04:45-05:00[,S,V,V,V,V,85.62,85.62
02/11/2024,05:15,[05:00-05:15[,S,V,V,V,V,93.14,93.14
02/11/2024,05:30,[05:15-05:30[,S,V,V,V,V,93.14,93.14
02/11/2024,05:45,[05:30-05:45[,S,V,V,V,V,93.14,93.14
02/11/2024,06:00,[05:45-06:00[,S,V,V,V,V,93.14,93.14
02/11/2024,06:15,[06:00-06:15[,S,V,V,V,V,100.11,100.11
02/11/2024,06:30,[06:15-06:30[,S,V,V,V,V,100.11,100.11
02/11/2024,06:45,[06:30-06:45[,S,V,V,V,V,100.11,100.11
02/11/2024,07:00,[06:45-07:00[,S,V,V,V,V,100.11,100.11
02/11/2024,07:15,[07:00-07:15[,S,V,V,V,V,101.16,101.16
02/11/2024,07:30,[07:15-07:30[,S,V,V,V,V,101.16,101.16
02/11/2024,07:45,[07:30-07:45[,S,V,V,V,V,101.16,101.16
02/11/2024,08:00,[07:45-08:00[,S,V,V,V,V,101.16,101.16
02/11/2024,08:15,[08:00-08:15[,S,F,V,C,V,88.93,88.93
02/11/2024,08:30,[08:15-08:30[,S,F,V,C,V,88.93,88.93
02/11/2024,08:45,[08:30-08:45[,S,F,V,C,V,88.93,88.93
02/11/2024,09:00,[08:45-09:00[,S,F,V,C,V,88.93,88.93
02/11/2024,09:15,[09:00-09:15[,S,F,V,P,V,77.89,77.89
02/11/2024,09:30,[09:15-09:30[,S,F,V,P,V,77.89,77.89
02/11/2024,09:45,[09:30-09:45[,S,F,F,P,C,77.89,77.89
02/11/2024,10:00,[09:45-10:00[,S,F,F,P,C,77.89,77.89
02/11/2024,10:15,[10:00-10:15[,S,F,F,P,C,71.77,71.77
02/11/2024,10:30,[10:15-10:30[,S,F,F,P,C,71.77,71.77
02/11/2024,10:45,[10:30-10:45[,S,F,F,C,C,71.77,71.77
02/11/2024,11:00,[10:45-11:00[,S,F,F,C,C,71.77,71.77
02/11/2024,11:15,[11:00-11:15[,S,F,F,C,C,74.63,74.63
02/11/2024,11:30,[11:15-11:30[,S,F,F,C,C,74.63,74.63
02/11/2024,11:45,[11:30-11:45[,S,F,F,C,C,74.63,74.63
02/11/2024,12:00,[11:45-12:00[,S,F,F,C,C,74.63,74.63
02/11/2024,12:15,[12:00-12:15[,S,F,F,C,C,69.84,69.84
02/11/2024,12:30,[12:15-12:30[,S,F,F,C,C,69.84,69.84
02/11/2024,12:45,[12:30-12:45[,S,F,F,C,C,69.84,69.84
02/11/2024,13:00,[12:45-13:00[,S,F,F,C,C,69.84,69.84
02/11/2024,13:15,[13:00-13:15[,S,F,V,C,V,72.34,72.34
02/11/2024,13:30,[13:15-13:30[,S,F,V,C,V,72.34,72.34
02/11/2024,13:45,[13:30-13:45[,S,F,V,C,V,72.34,72.34
02/11/2024,14:00,[13:45-14:00[,S,F,V,C,V,72.34,72.34
02/11/2024,14:15,[14:00-14:15[,S,F,V,C,V,70.63,70.63
02/11/2024,14:30,[14:15-14:30[,S,F,V,C,V,70.63,70.63
02/11/2024,14:45,[14:30-14:45[,S,F,V,C,V,70.63,70.63
02/11/2024,15:00,[14:45-15:00[,S,F,V,C,V,70.63,70.63
02/11/2024,15:15,[15:00-15:15[,S,F,V,C,V,85.00,85.00
02/11/2024,15:30,[15:15-15:30[,S,F,V,C,V,85.00,85.00
02/11/2024,15:45,[15:30-15:45[,S,F,V,C,V,85.00,85.00
02/11/2024,16:00,[15:45-16:00[,S,F,V,C,V,85.00,85.00
02/11/2024,16:15,[16:00-16:15[,S,F,V,C,V,105.82,105.82
02/11/2024,16:30,[16:15-16:30[,S,F,V,C,V,105.82,105.82
02/11/2024,16:45,[16:30-16:45[,S,F,V,C,V,105.82,105.82
02/11/2024,17:00,[16:45-17:00[,S,F,V,C,V,105.82,105.82
02/11/2024,17:15,[17:00-17:15[,S,F,V,C,V,114.64,114.64
02/11/2024,17:30,[17:15-17:30[,S,F,V,C,V,114.64,114.64
02/11/2024,17:45,[17:30-17:45[,S,F,V,C,V,114.64,114.64
02/11/2024,18:00,[17:45-18:00[,S,F,V,C,V,114.64,114.64
02/11/2024,18:15,[18:00-18:15[,S,F,V,P,V,114.64,114.64
02/11/2024,18:30,[18:15-18:30[,S,F,V,P,V,114.64,114.64
02/11/2024,18:45,[18:30-18:45[,S,F,F,P,C,114.64,114.64
02/11/2024,19:00,[18:45-19:00[,S,F,F,P,C,114.64,114.64
02/11/2024,19:15,[19:00-19:15[,S,F,F,P,C,112.46,112.46
02/11/2024,19:30,[19:15-19:30[,S,F,F,P,C,112.46,112.46
02/11/2024,19:45,[19:30-19:45[,S,F,F,P,C,112.46,112.46
02/11/2024,20:00,[19:45-20:00[,S,F,F,P,C,112.46,112.46
02/11/2024,20:15,[20:00-20:15[,S,F,F,P,C,111.54,111.54
02/11/2024,20:30,[20:15-20:30[,S,F,F,P,C,111.54,111.54
02/11/2024,20:45,[20:30-20:45[,S,F,F,C,C,111.54,111.54
02/11/2024,21:00,[20:45-21:00[,S,F,F,C,C,111.54,111.54
02/11/2024,21:15,[21:00-21:15[,S,F,F,C,C,106.28,106.28
02/11/2024,21:30,[21:15-21:30[,S,F,F,C,C,106.28,106.28
02/11/2024,21:45,[21:30-21:45[,S,F,F,C,C,106.28,106.28
02/11/2024,22:00,[21:45-22:00[,S,F,F,C,C,106.28,106.28
02/11/2024,22:15,[22:00-22:15[,S,V,V,V,V,100.61,100.61
02/11/2024,22:30,[22:15-22:30[,S,V,V,V,V,100.61,100.61
02/11/2024,22:45,[22:30-22:45[,S,V,V,V,V,100.61,100.61
02/11/2024,23:00,[22:45-23:00[,S,V,V,V,V,100.61,100.61
02/11/2024,23:15,[23:00-23:15[,S,V,V,V,V,101.19,101.19
02/11/2024,23:30,[23:15-23:30[,S,V,V,V,V,101.19,101.19
02/11/2024,23:45,[23:30-23:45[,S,V,V,V,V,101.19,101.19
02/11/2024,23:59,[23:45-00:00[,S,V,V,V,V,101.19,101.19
03/11/2024,00:15,[00:00-00:15[,S,V,V,V,V,91.36,91.36
03/11/2024,00:30,[00:15-00:30[,S,V,V,V,V,91.36,91.36
03/11/2024,00:45,[00:30-00:45[,S,V,V,V,V,91.36,91.36
03/11/2024,01:00,[00:45-01:00[,S,V,V,V,V,91.36,91.36
03/11/2024,01:15,[01:00-01:15[,S,V,V,V,V,85.51,85.51
03/11/2024,01:30,[01:15-01:30[,S,V,V,V,V,85.51,85.51
03/11/2024,01:45,[01:30-01:45[,S,V,V,V,V,85.51,85.51
03/11/2024,02:00,[01:45-02:00[,S,V,V,V,V,85.51,85.51
03/11/2024,02:15,[02:00-02:15[,S,V,V,V,V,85.00,85.00
03/11/2024,02:30,[02:15-02:30[,S,V,V,V,V,85.00,85.00
03/11/2024,02:45,[02:30-02:45[,S,V,V,V,V,85.00,85.00
03/11/2024,03:00,[02:45-03:00[,S,V,V,V,V,85.00,85.00
03/11/2024,03:15,[03:00-03:15[,S,V,V,V,V,76.25,76.25
03/11/2024,03:30,[03:15-03:30[,S,V,V,V,V,76.25,76.25
03/11/2024,03:45,[03:30-03:45[,S,V,V,V,V,76.25,76.25
03/11/2024,04:00,[03:45-04:00[,S,V,V,V,V,76.25,76.25
03/11/2024,04:15,[04:00-04:15[,S,V,V,V,V,75.12,75.12
03/11/2024,04:30,[04:15-04:30[,S,V,V,V,V,75.12,75.12
03/11/2024,04:45,[04:30-04:45[,S,V,V,V,V,75.12,75.12
03/11/2024,05:00,[04:45-05:00[,S,V,V,V,V,75.12,75.12
03/11/2024,05:15,[05:00-05:15[,S,V,V,V,V,84.18,84.18
03/11/2024,05:30,[05:15-05:30[,S,V,V,V,V,84.18,84.18
03/11/2024,05:45,[05:30-05:45[,S,V,V,V,V,84.18,84.18
03/11/2024,06:00,[05:45-06:00[,S,V,V,V,V,84.18,84.18
03/11/2024,06:15,[06:00-06:15[,S,V,V,V,V,87.14,87.14
03/11/2024,06:30,[06:15-06:30[,S,V,V,V,V,87.14,87.14
03/11/2024,06:45,[06:30-06:45[,S,V,V,V,V,87.14,87.14
03/11/2024,07:00,[06:45-07:00[,S,V,V,V,V,87.14,87.14
03/11/2024,07:15,[07:00-07:15[,S,V,V,V,V,77.89,77.89
03/11/2024,07:30,[07:15-07:30[,S,V,V,V,V,77.89,77.89
03/11/2024,07:45,[07:30-07:45[,S,V,V,V,V,77.89,77.89
03/11/2024,08:00,[07:45-08:00[,S,V,V,V,V,77.89,77.89
03/11/2024,08:15,[08:00-08:15[,S,F,V,C,V,40.10,40.10
03/11/2024,08:30,[08:15-08:30[,S,F,V,C,V,40.10,40.10
03/11/2024,08:45,[08:30-08:45[,S,F,V,C,V,40.10,40.10
03/11/2024,09:00,[08:45-09:00[,S,F,V,C,V,40.10,40.10
03/11/2024,09:15,[09:00-09:15[,S,F,V,P,V,30.00,30.00
03/11/2024,09:30,[09:15-09:30[,S,F,V,P,V,30.00,30.00
03/11/2024,09:45,[09:30-09:45[,S,F,V,P,V,30.00,30.00
03/11/2024,10:00,[09:45-10:00[,S,F,V,P,V,30.00,30.00
03/11/2024,10:15,[10:00-10:15[,S,F,V,P,V,19.99,19.99
03/11/2024,10:30,[10:15-10:30[,S,F,V,P,V,19.99,19.99
03/11/2024,10:45,[10:30-10:45[,S,F,V,C,V,19.99,19.99
03/11/2024,11:00,[10:45-11:00[,S,F,V,C,V,19.99,19.99
03/11/2024,11:15,[11:00-11:15[,S,F,V,C,V,7.40,7.40
03/11/2024,11:30,[11:15-11:30[,S,F,V,C,V,7.40,7.40
03/11/2024,11:45,[11:30-11:45[,S,F,V,C,V,7.40,7.40
03/11/2024,12:00,[11:45-12:00[,S,F,V,C,V,7.40,7.40
03/11/2024,12:15,[12:00-12:15[,S,F,V,C,V,24.77,24.77
03/11/2024,12:30,[12:15-12:30[,S,F,V,C,V,24.77,24.77
03/11/2024,12:45,[12:30-12:45[,S,F,V,C,V,24.77,24.77
03/11/2024,13:00,[12:45-13:00[,S,F,V,C,V,24.77,24.77
03/11/2024,13:15,[13:00-13:15[,S,F,V,C,V,25.10,25.10
03/11/2024,13:30,[13:15-13:30[,S,F,V,C,V,25.10,25.10
03/11/2024,13:45,[13:30-13:45[,S,F,V,C,V,25.10,25.10
03/11/2024,14:00,[13:45-14:00[,S,F,V,C,V,25.10,25.10
03/11/2024,14:15,[14:00-14:15[,S,F,V,C,V,30.30,30.30
03/11/2024,14:30,[14:15-14:30[,S,F,V,C,V,30.30,30.30
03/11/2024,14:45,[14:30-14:45[,S,F,V,C,V,30.30,30.30
03/11/2024,15:00,[14:45-15:00[,S,F,V,C,V,30.30,30.30
03/11/2024,15:15,[15:00-15:15[,S,F,V,C,V,65.97,65.97
03/11/2024,15:30,[15:15-15:30[,S,F,V,C,V,65.97,65.97
03/11/2024,15:45,[15:30-15:45[,S,F,V,C,V,65.97,65.97
03/11/2024,16:00,[15:45-16:00[,S,F,V,C,V,65.97,65.97
03/11/2024,16:15,[16:00-16:15[,S,F,V,C,V,94.73,94.73
03/11/2024,16:30,[16:15-16:30[,S,F,V,C,V,94.73,94.73
03/11/2024,16:45,[16:30-16:45[,S,F,V,C,V,94.73,94.73
03/11/2024,17:00,[16:45-17:00[,S,F,V,C,V,94.73,94.73
03/11/2024,17:15,[17:00-17:15[,S,F,V,C,V,116.67,116.67
03/11/2024,17:30,[17:15-17:30[,S,F,V,C,V,116.67,116.67
03/11/2024,17:45,[17:30-17:45[,S,F,V,C,V,116.67,116.67
03/11/2024,18:00,[17:45-18:00[,S,F,V,C,V,116.67,116.67
03/11/2024,18:15,[18:00-18:15[,S,F,V,P,V,114.01,114.01
03/11/2024,18:30,[18:15-18:30[,S,F,V,P,V,114.01,114.01
03/11/2024,18:45,[18:30-18:45[,S,F,V,P,V,114.01,114.01
03/11/2024,19:00,[18:45-19:00[,S,F,V,P,V,114.01,114.01
03/11/2024,19:15,[19:00-19:15[,S,F,V,P,V,111.04,111.04
03/11/2024,19:30,[19:15-19:30[,S,F,V,P,V,111.04,111.04
03/11/2024,19:45,[19:30-19:45[,S,F,V,P,V,111.04,111.04
03/11/2024,20:00,[19:45-20:00[,S,F,V,P,V,111.04,111.04
03/11/2024,20:15,[20:00-20:15[,S,F,V,P,V,102.54,102.54
03/11/2024,20:30,[20:15-20:30[,S,F,V,P,V,102.54,102.54
03/11/2024,20:45,[20:30-20:45[,S,F,V,C,V,102.54,102.54
03/11/2024,21:00,[20:45-21:00[,S,F,V,C,V,102.54,102.54
03/11/2024,21:15,[21:00-21:15[,S,F,V,C,V,100.20,100.20
03/11/2024,21:30,[21:15-21:30[,S,F,V,C,V,100.20,100.20
03/11/2024,21:45,[21:30-21:45[,S,F,V,C,V,100.20,100.20
03/11/2024,22:00,[21:45-22:00[,S,F,V,C,V,100.20,100.20
03/11/2024,22:15,[22:00-22:15[,S,V,V,V,V,95.24,95.24
03/11/2024,22:30,[22:15-22:30[,S,V,V,V,V,95.24,95.24
03/11/2024,22:45,[22:30-22:45[,S,V,V,V,V,95.24,95.24
03/11/2024,23:00,[22:45-23:00[,S,V,V,V,V,95.24,95.24
03/11/2024,23:15,[23:00-23:15[,S,V,V,V,V,92.04,92.04
03/11/2024,23:30,[23:15-23:30[,S,V,V,V,V,92.04,92.04
03/11/2024,23:45,[23:30-23:45[,S,V,V,V,V,92.04,92.04
03/11/2024,23:59,[23:45-00:00[,S,V,V,V,V,92.04,92.04
04/11/2024,00:15,[00:00-00:15[,S,V,V,V,V,89.96,89.96
04/11/2024,00:30,[00:15-00:30[,S,V,V,V,V,89.96,89.96
04/11/2024,00:45,[00:30-00:45[,S,V,V,V,V,89.96,89.96
04/11/2024,01:00,[00:45-01:00[,S,V,V,V,V,89.96,89.96
04/11/2024,01:15,[01:00-01:15[,S,V,V,V,V,90.07,90.07
04/11/2024,01:30,[01:15-01:30[,S,V,V,V,V,90.07,90.07
04/11/2024,01:45,[01:30-01:45[,S,V,V,V,V,90.07,90.07
04/11/2024,02:00,[01:45-02:00[,S,V,V,V,V,90.07,90.07
04/11/2024,02:15,[02:00-02:15[,S,V,V,V,V,83.82,83.82
04/11/2024,02:30,[02:15-02:30[,S,V,V,V,V,83.82,83.82
04/11/2024,02:45,[02:30-02:45[,S,V,V,V,V,83.82,83.82
04/11/2024,03:00,[02:45-03:00[,S,V,V,V,V,83.82,83.82
04/11/2024,03:15,[03:00-03:15[,S,V,V,V,V,85.36,85.36
04/11/2024,03:30,[03:15-03:30[,S,V,V,V,V,85.36,85.36
04/11/2024,03:45,[03:30-03:45[,S,V,V,V,V,85.36,85.36
04/11/2024,04:00,[03:45-04:00[,S,V,V,V,V,85.36,85.36
04/11/2024,04:15,[04:00-04:15[,S,V,V,V,V,89.89,89.89
04/11/2024,04:30,[04:15-04:30[,S,V,V,V,V,89.89,89.89
04/11/2024,04:45,[04:30-04:45[,S,V,V,V,V,89.89,89.89
04/11/2024,05:00,[04:45-05:00[,S,V,V,V,V,89.89,89.89
04/11/2024,05:15,[05:00-05:15[,S,V,V,V,V,104.14,104.14
04/11/2024,05:30,[05:15-05:30[,S,V,V,V,V,104.14,104.14
04/11/2024,05:45,[05:30-05:45[,S,V,V,V,V,104.14,104.14
04/11/2024,06:00,[05:45-06:00[,S,V,V,V,V,104.14,104.14
04/11/2024,06:15,[06:00-06:15[,S,V,V,V,V,121.15,121.54
04/11/2024,06:30,[06:15-06:30[,S,V,V,V,V,121.15,121.54
04/11/2024,06:45,[06:30-06:45[,S,V,V,V,V,121.15,121.54
04/11/2024,07:00,[06:45-07:00[,S,V,V,V,V,121.15,121.54
04/11/2024,07:15,[07:00-07:15[,S,V,F,V,C,120.75,124.08
04/11/2024,07:30,[07:15-07:30[,S,V,F,V,C,120.75,124.08
04/11/2024,07:45,[07:30-07:45[,S,V,F,V,C,120.75,124.08
04/11/2024,08:00,[07:45-08:00[,S,V,F,V,C,120.75,124.08
04/11/2024,08:15,[08:00-08:15[,S,F,F,C,C,118.04,118.04
04/11/2024,08:30,[08:15-08:30[,S,F,F,C,C,118.04,118.04
04/11/2024,08:45,[08:30-08:45[,S,F,F,C,C,118.04,118.04
04/11/2024,09:00,[08:45-09:00[,S,F,F,C,C,118.04,118.04
04/11/2024,09:15,[09:00-09:15[,S,F,F,P,C,99.88,99.88
04/11/2024,09:30,[09:15-09:30[,S,F,F,P,C,99.88,99.88
04/11/2024,09:45,[09:30-09:45[,S,F,F,P,P,99.88,99.88
04/11/2024,10:00,[09:45-10:00[,S,F,F,P,P,99.88,99.88
04/11/2024,10:15,[10:00-10:15[,S,F,F,P,P,93.32,93.32
04/11/2024,10:30,[10:15-10:30[,S,F,F,P,P,93.32,93.32
04/11/2024,10:45,[10:30-10:45[,S,F,F,C,P,93.32,93.32
04/11/2024,11:00,[10:45-11:00[,S,F,F,C,P,93.32,93.32
04/11/2024,11:15,[11:00-11:15[,S,F,F,C,P,91.39,91.39
04/11/2024,11:30,[11:15-11:30[,S,F,F,C,P,91.39,91.39
04/11/2024,11:45,[11:30-11:45[,S,F,F,C,P,91.39,91.39
04/11/2024,12:00,[11:45-12:00[,S,F,F,C,P,91.39,91.39
04/11/2024,12:15,[12:00-12:15[,S,F,F,C,C,90.10,90.10
04/11/2024,12:30,[12:15-12:30[,S,F,F,C,C,90.10,90.10
04/11/2024,12:45,[12:30-12:45[,S,F,F,C,C,90.10,90.10
04/11/2024,13:00,[12:45-13:00[,S,F,F,C,C,90.10,90.10
04/11/2024,13:15,[13:00-13:15[,S,F,F,C,C,92.40,92.40
04/11/2024,13:30,[13:15-13:30[,S,F,F,C,C,92.40,92.40
04/11/2024,13:45,[13:30-13:45[,S,F,F,C,C,92.40,92.40
04/11/2024,14:00,[13:45-14:00[,S,F,F,C,C,92.40,92.40
04/11/2024,14:15,[14:00-14:15[,S,F,F,C,C,109.64,109.64
04/11/2024,14:30,[14:15-14:30[,S,F,F,C,C,109.64,109.64
04/11/2024,14:45,[14:30-14:45[,S,F,F,C,C,109.64,109.64
04/11/2024,15:00,[14:45-15:00[,S,F,F,C,C,109.64,109.64
04/11/2024,15:15,[15:00-15:15[,S,F,F,C,C,120.94,120.94
04/11/2024,15:30,[15:15-15:30[,S,F,F,C,C,120.94,120.94
04/11/2024,15:45,[15:30-15:45[,S,F,F,C,C,120.94,120.94
04/11/2024,16:00,[15:45-16:00[,S,F,F,C,C,120.94,120.94
04/11/2024,16:15,[16:00-16:15[,S,F,F,C,C,135.24,135.24
04/11/2024,16:30,[16:15-16:30[,S,F,F,C,C,135.24,135.24
04/11/2024,16:45,[16:30-16:45[,S,F,F,C,C,135.24,135.24
04/11/2024,17:00,[16:45-17:00[,S,F,F,C,C,135.24,135.24
04/11/2024,17:15,[17:00-17:15[,S,F,F,C,C,160.54,160.54
04/11/2024,17:30,[17:15-17:30[,S,F,F,C,C,160.54,160.54
04/11/2024,17:45,[17:30-17:45[,S,F,F,C,C,160.54,160.54
04/11/2024,18:00,[17:45-18:00[,S,F,F,C,C,160.54,160.54
04/11/2024,18:15,[18:00-18:15[,S,F,F,P,C,151.52,151.52
04/11/2024,18:30,[18:15-18:30[,S,F,F,P,C,151.52,151.52
04/11/2024,18:45,[18:30-18:45[,S,F,F,P,P,151.52,151.52
04/11/2024,19:00,[18:45-19:00[,S,F,F,P,P,151.52,151.52
04/11/2024,19:15,[19:00-19:15[,S,F,F,P,P,123.00,123.00
04/11/2024,19:30,[19:15-19:30[,S,F,F,P,P,123.00,123.00
04/11/2024,19:45,[19:30-19:45[,S,F,F,P,P,123.00,123.00
04/11/2024,20:00,[19:45-20:00[,S,F,F,P,P,123.00,123.00
04/11/2024,20:15,[20:00-20:15[,S,F,F,P,P,118.28,118.28
04/11/2024,20:30,[20:15-20:30[,S,F,F,P,P,118.28,118.28
04/11/2024,20:45,[20:30-20:45[,S,F,F,C,P,118.28,118.28
04/11/2024,21:00,[20:45-21:00[,S,F,F,C,P,118.28,118.28
04/11/2024,21:15,[21:00-21:15[,S,F,F,C,C,118.28,118.28
04/11/2024,21:30,[21:15-21:30[,S,F,F,C,C,118.28,118.28
04/11/2024,21:45,[21:30-21:45[,S,F,F,C,C,118.28,118.28
04/11/2024,22:00,[21:45-22:00[,S,F,F,C,C,118.28,118.28
04/11/2024,22:15,[22:00-22:15[,S,V,F,V,C,109.64,109.64
04/11/2024,22:30,[22:15-22:30[,S,V,F,V,C,109.64,109.64
04/11/2024,22:45,[22:30-22:45[,S,V,F,V,C,109.64,109.64
04/11/2024,23:00,[22:45-23:00[,S,V,F,V,C,109.64,109.64
04/11/2024,23:15,[23:00-23:15[,S,V,F,V,C,101.47,101.47
04/11/2024,23:30,[23:15-23:30[,S,V,F,V,C,101.47,101.47
04/11/2024,23:45,[23:30-23:45[,S,V,F,V,C,101.47,101.47
04/11/2024,23:59,[23:45-00:00[,S,V,F,V,C,101.47,101.47
05/11/2024,00:15,[00:00-00:15[,S,V,V,V,V,94.00,94.00
05/11/2024,00:30,[00:15-00:30[,S,V,V,V,V,94.00,94.00
05/11/2024,00:45,[00:30-00:45[,S,V,V,V,V,94.00,94.00
05/11/2024,01:00,[00:45-01:00[,S,V,V,V,V,94.00,94.00
05/11/2024,01:15,[01:00-01:15[,S,V,V,V,V,90.43,90.43
05/11/2024,01:30,[01:15-01:30[,S,V,V,V,V,90.43,90.43
05/11/2024,01:45,[01:30-01:45[,S,V,V,V,V,90.43,90.43
05/11/2024,02:00,[01:45-02:00[,S,V,V,V,V,90.43,90.43
05/11/2024,02:15,[02:00-02:15[,S,V,V,V,V,90.89,90.89
05/11/2024,02:30,[02:15-02:30[,S,V,V,V,V,90.89,90.89
05/11/2024,02:45,[02:30-02:45[,S,V,V,V,V,90.89,90.89
05/11/2024,03:00,[02:45-03:00[,S,V,V,V,V,90.89,90.89
05/11/2024,03:15,[03:00-03:15[,S,V,V,V,V,91.10,91.10
05/11/2024,03:30,[03:15-03:30[,S,V,V,V,V,91.10,91.10
05/11/2024,03:45,[03:30-03:45[,S,V,V,V,V,91.10,91.10
05/11/2024,04:00,[03:45-04:00[,S,V,V,V,V,91.10,91.10
05/11/2024,04:15,[04:00-04:15[,S,V,V,V,V,101.47,101.47
05/11/2024,04:30,[04:15-04:30[,S,V,V,V,V,101.47,101.47
05/11/2024,04:45,[04:30-04:45[,S,V,V,V,V,101.47,101.47
05/11/2024,05:00,[04:45-05:00[,S,V,V,V,V,101.47,101.47
05/11/2024,05:15,[05:00-05:15[,S,V,V,V,V,115.17,115.17
05/11/2024,05:30,[05:15-05:30[,S,V,V,V,V,115.17,115.17
05/11/2024,05:45,[05:30-05:45[,S,V,V,V,V,115.17,115.17
05/11/2024,06:00,[05:45-06:00[,S,V,V,V,V,115.17,115.17
05/11/2024,06:15,[06:00-06:15[,S,V,V,V,V,124.09,124.09
05/11/2024,06:30,[06:15-06:30[,S,V,V,V,V,124.09,124.09
05/11/2024,06:45,[06:30-06:45[,S,V,V,V,V,124.09,124.09
05/11/2024,07:00,[06:45-07:00[,S,V,V,V,V,124.09,124.09
05/11/2024,07:15,[07:00-07:15[,S,V,F,V,C,133.14,133.14
05/11/2024,07:30,[07:15-07:30[,S,V,F,V,C,133.14,133.14
05/11/2024,07:45,[07:30-07:45[,S,V,F,V,C,133.14,133.14
05/11/2024,08:00,[07:45-08:00[,S,V,F,V,C,133.14,133.14
05/11/2024,08:15,[08:00-08:15[,S,F,F,C,C,118.23,118.23
05/11/2024,08:30,[08:15-08:30[,S,F,F,C,C,118.23,118.23
05/11/2024,08:45,[08:30-08:45[,S,F,F,C,C,118.23,118.23
05/11/2024,09:00,[08:45-09:00[,S,F,F,C,C,118.23,118.23
05/11/2024,09:15,[09:00-09:15[,S,F,F,P,C,105.87,105.87
05/11/2024,09:30,[09:15-09:30[,S,F,F,P,C,105.87,105.87
05/11/2024,09:45,[09:30-09:45[,S,F,F,P,P,105.87,105.87
05/11/2024,10:00,[09:45-10:00[,S,F,F,P,P,105.87,105.87
05/11/2024,10:15,[10:00-10:15[,S,F,F,P,P,95.28,95.28
05/11/2024,10:30,[10:15-10:30[,S,F,F,P,P,95.28,95.28
05/11/2024,10:45,[10:30-10:45[,S,F,F,C,P,95.28,95.28
05/11/2024,11:00,[10:45-11:00[,S,F,F,C,P,95.28,95.28
05/11/2024,11:15,[11:00-11:15[,S,F,F,C,P,94.92,94.92
05/11/2024,11:30,[11:15-11:30[,S,F,F,C,P,94.92,94.92
05/11/2024,11:45,[11:30-11:45[,S,F,F,C,P,94.92,94.92
05/11/2024,12:00,[11:45-12:00[,S,F,F,C,P,94.92,94.92
05/11/2024,12:15,[12:00-12:15[,S,F,F,C,C,99.25,99.25
05/11/2024,12:30,[12:15-12:30[,S,F,F,C,C,99.25,99.25
05/11/2024,12:45,[12:30-12:45[,S,F,F,C,C,99.25,99.25
05/11/2024,13:00,[12:45-13:00[,S,F,F,C,C,99.25,99.25
05/11/2024,13:15,[13:00-13:15[,S,F,F,C,C,109.50,109.50
05/11/2024,13:30,[13:15-13:30[,S,F,F,C,C,109.50,109.50
05/11/2024,13:45,[13:30-13:45[,S,F,F,C,C,109.50,109.50
05/11/2024,14:00,[13:45-14:00[,S,F,F,C,C,109.50,109.50
05/11/2024,14:15,[14:00-14:15[,S,F,F,C,C,111.33,111.33
05/11/2024,14:30,[14:15-14:30[,S,F,F,C,C,111.33,111.33
05/11/2024,14:45,[14:30-14:45[,S,F,F,C,C,111.33,111.33
05/11/2024,15:00,[14:45-15:00[,S,F,F,C,C,111.33,111.33
05/11/2024,15:15,[15:00-15:15[,S,F,F,C,C,115.54,115.54
05/11/2024,15:30,[15:15-15:30[,S,F,F,C,C,115.54,115.54
05/11/2024,15:45,[15:30-15:45[,S,F,F,C,C,115.54,115.54
05/11/2024,16:00,[15:45-16:00[,S,F,F,C,C,115.54,115.54
05/11/2024,16:15,[16:00-16:15[,S,F,F,C,C,123.62,123.62
05/11/2024,16:30,[16:15-16:30[,S,F,F,C,C,123.62,123.62
05/11/2024,16:45,[16:30-16:45[,S,F,F,C,C,123.62,123.62
05/11/2024,17:00,[16:45-17:00[,S,F,F,C,C,123.62,123.62
05/11/2024,17:15,[17:00-17:15[,S,F,F,C,C,193.00,193.00
05/11/2024,17:30,[17:15-17:30[,S,F,F,C,C,193.00,193.00
05/11/2024,17:45,[17:30-17:45[,S,F,F,C,C,193.00,193.00
05/11/2024,18:00,[17:45-18:00[,S,F,F,C,C,193.00,193.00
05/11/2024,18:15,[18:00-18:15[,S,F,F,P,C,186.20,186.20
05/11/2024,18:30,[18:15-18:30[,S,F,F,P,C,186.20,186.20
05/11/2024,18:45,[18:30-18:45[,S,F,F,P,P,186.20,186.20
05/11/2024,19:00,[18:45-19:00[,S,F,F,P,P,186.20,186.20
05/11/2024,19:15,[19:00-19:15[,S,F,F,P,P,154.45,154.45
05/11/2024,19:30,[19:15-19:30[,S,F,F,P,P,154.45,154.45
05/11/2024,19:45,[19:30-19:45[,S,F,F,P,P,154.45,154.45
05/11/2024,20:00,[19:45-20:00[,S,F,F,P,P,154.45,154.45
05/11/2024,20:15,[20:00-20:15[,S,F,F,P,P,126.63,126.63
05/11/2024,20:30,[20:15-20:30[,S,F,F,P,P,126.63,126.63
05/11/2024,20:45,[20:30-20:45[,S,F,F,C,P,126.63,126.63
05/11/2024,21:00,[20:45-21:00[,S,F,F,C,P,126.63,126.63
05/11/2024,21:15,[21:00-21:15[,S,F,F,C,C,121.28,121.28
05/11/2024,21:30,[21:15-21:30[,S,F,F,C,C,121.28,121.28
05/11/2024,21:45,[21:30-21:45[,S,F,F,C,C,121.28,121.28
05/11/2024,22:00,[21:45-22:00[,S,F,F,C,C,121.28,121.28
05/11/2024,22:15,[22:00-22:15[,S,V,F,V,C,112.23,112.23
05/11/2024,22:30,[22:15-22:30[,S,V,F,V,C,112.23,112.23
05/11/2024,22:45,[22:30-22:45[,S,V,F,V,C,112.23,112.23
05/11/2024,23:00,[22:45-23:00[,S,V,F,V,C,112.23,112.23
05/11/2024,23:15,[23:00-23:15[,S,V,F,V,C,123.04,123.04
05/11/2024,23:30,[23:15-23:30[,S,V,F,V,C,123.04,123.04
05/11/2024,23:45,[23:30-23:45[,S,V,F,V,C,123.04,123.04
05/11/2024,23:59,[23:45-00:00[,S,V,F,V,C,123.04,123.04
06/11/2024,00:15,[00:00-00:15[,S,V,V,V,V,119.23,119.23
06/11/2024,00:30,[00:15-00:30[,S,V,V,V,V,119.23,119.23
06/11/2024,00:45,[00:30-00:45[,S,V,V,V,V,119.23,119.23
06/11/2024,01:00,[00:45-01:00[,S,V,V,V,V,119.23,119.23
06/11/2024,01:15,[01:00-01:15[,S,V,V,V,V,117.98,117.98
06/11/2024,01:30,[01:15-01:30[,S,V,V,V,V,117.98,117.98
06/11/2024,01:45,[01:30-01:45[,S,V,V,V,V,117.98,117.98
06/11/2024,02:00,[01:45-02:00[,S,V,V,V,V,117.98,117.98
06/11/2024,02:15,[02:00-02:15[,S,V,V,V,V,116.03,116.03
06/11/2024,02:30,[02:15-02:30[,S,V,V,V,V,116.03,116.03
06/11/2024,02:45,[02:30-02:45[,S,V,V,V,V,116.03,116.03
06/11/2024,03:00,[02:45-03:00[,S,V,V,V,V,116.03,116.03
06/11/2024,03:15,[03:00-03:15[,S,V,V,V,V,110.43,110.43
06/11/2024,03:30,[03:15-03:30[,S,V,V,V,V,110.43,110.43
06/11/2024,03:45,[03:30-03:45[,S,V,V,V,V,110.43,110.43
06/11/2024,04:00,[03:45-04:00[,S,V,V,V,V,110.43,110.43
06/11/2024,04:15,[04:00-04:15[,S,V,V,V,V,112.53,112.53
06/11/2024,04:30,[04:15-04:30[,S,V,V,V,V,112.53,112.53
06/11/2024,04:45,[04:30-04:45[,S,V,V,V,V,112.53,112.53
06/11/2024,05:00,[04:45-05:00[,S,V,V,V,V,112.53,112.53
06/11/2024,05:15,[05:00-05:15[,S,V,V,V,V,119.23,119.23
06/11/2024,05:30,[05:15-05:30[,S,V,V,V,V,119.23,119.23
06/11/2024,05:45,[05:30-05:45[,S,V,V,V,V,119.23,119.23
06/11/2024,06:00,[05:45-06:00[,S,V,V,V,V,119.23,119.23
06/11/2024,06:15,[06:00-06:15[,S,V,V,V,V,125.01,125.01
06/11/2024,06:30,[06:15-06:30[,S,V,V,V,V,125.01,125.01
06/11/2024,06:45,[06:30-06:45[,S,V,V,V,V,125.01,125.01
06/11/2024,07:00,[06:45-07:00[,S,V,V,V,V,125.01,125.01
06/11/2024,07:15,[07:00-07:15[,S,V,F,V,C,128.89,128.89
06/11/2024,07:30,[07:15-07:30[,S,V,F,V,C,128.89,128.89
06/11/2024,07:45,[07:30-07:45[,S,V,F,V,C,128.89,128.89
06/11/2024,08:00,[07:45-08:00[,S,V,F,V,C,128.89,128.89
06/11/2024,08:15,[08:00-08:15[,S,F,F,C,C,119.23,119.23
06/11/2024,08:30,[08:15-08:30[,S,F,F,C,C,119.23,119.23
06/11/2024,08:45,[08:30-08:45[,S,F,F,C,C,119.23,119.23
06/11/2024,09:00,[08:45-09:00[,S,F,F,C,C,119.23,119.23
06/11/2024,09:15,[09:00-09:15[,S,F,F,P,C,100.34,100.34
06/11/2024,09:30,[09:15-09:30[,S,F,F,P,C,100.34,100.34
06/11/2024,09:45,[09:30-09:45[,S,F,F,P,P,100.34,100.34
06/11/2024,10:00,[09:45-10:00[,S,F,F,P,P,100.34,100.34
06/11/2024,10:15,[10:00-10:15[,S,F,F,P,P,92.33,92.33
06/11/2024,10:30,[10:15-10:30[,S,F,F,P,P,92.33,92.33
06/11/2024,10:45,[10:30-10:45[,S,F,F,C,P,92.33,92.33
06/11/2024,11:00,[10:45-11:00[,S,F,F,C,P,92.33,92.33
06/11/2024,11:15,[11:00-11:15[,S,F,F,C,P,88.00,88.00
06/11/2024,11:30,[11:15-11:30[,S,F,F,C,P,88.00,88.00
06/11/2024,11:45,[11:30-11:45[,S,F,F,C,P,88.00,88.00
06/11/2024,12:00,[11:45-12:00[,S,F,F,C,P,88.00,88.00
06/11/2024,12:15,[12:00-12:15[,S,F,F,C,C,90.00,90.00
06/11/2024,12:30,[12:15-12:30[,S,F,F,C,C,90.00,90.00
06/11/2024,12:45,[12:30-12:45[,S,F,F,C,C,90.00,90.00
06/11/2024,13:00,[12:45-13:00[,S,F,F,C,C,90.00,90.00
06/11/2024,13:15,[13:00-13:15[,S,F,F,C,C,86.00,86.00
06/11/2024,13:30,[13:15-13:30[,S,F,F,C,C,86.00,86.00
06/11/2024,13:45,[13:30-13:45[,S,F,F,C,C,86.00,86.00
06/11/2024,14:00,[13:45-14:00[,S,F,F,C,C,86.00,86.00
06/11/2024,14:15,[14:00-14:15[,S,F,F,C,C,92.58,92.58
06/11/2024,14:30,[14:15-14:30[,S,F,F,C,C,92.58,92.58
06/11/2024,14:45,[14:30-14:45[,S,F,F,C,C,92.58,92.58
06/11/2024,15:00,[14:45-15:00[,S,F,F,C,C,92.58,92.58
06/11/2024,15:15,[15:00-15:15[,S,F,F,C,C,105.80,105.80
06/11/2024,15:30,[15:15-15:30[,S,F,F,C,C,105.80,105.80
06/11/2024,15:45,[15:30-15:45[,S,F,F,C,C,105.80,105.80
06/11/2024,16:00,[15:45-16:00[,S,F,F,C,C,105.80,105.80
06/11/2024,16:15,[16:00-16:15[,S,F,F,C,C,125.00,125.00
06/11/2024,16:30,[16:15-16:30[,S,F,F,C,C,125.00,125.00
06/11/2024,16:45,[16:30-16:45[,S,F,F,C,C,125.00,125.00
06/11/2024,17:00,[16:45-17:00[,S,F,F,C,C,125.00,125.00
06/11/2024,17:15,[17:00-17:15[,S,F,F,C,C,171.89,171.89
06/11/2024,17:30,[17:15-17:30[,S,F,F,C,C,171.89,171.89
06/11/2024,17:45,[17:30-17:45[,S,F,F,C,C,171.89,171.89
06/11/2024,18:00,[17:45-18:00[,S,F,F,C,C,171.89,171.89
06/11/2024,18:15,[18:00-18:15[,S,F,F,P,C,167.02,167.02
06/11/2024,18:30,[18:15-18:30[,S,F,F,P,C,167.02,167.02
06/11/2024,18:45,[18:30-18:45[,S,F,F,P,P,167.02,167.02
06/11/2024,19:00,[18:45-19:00[,S,F,F,P,P,167.02,167.02
06/11/2024,19:15,[19:00-19:15[,S,F,F,P,P,135.18,135.18
06/11/2024,19:30,[19:15-19:30[,S,F,F,P,P,135.18,135.18
06/11/2024,19:45,[19:30-19:45[,S,F,F,P,P,135.18,135.18
06/11/2024,20:00,[19:45-20:00[,S,F,F,P,P,135.18,135.18
06/11/2024,20:15,[20:00-20:15[,S,F,F,P,P,124.65,124.65
06/11/2024,20:30,[20:15-20:30[,S,F,F,P,P,124.65,124.65
06/11/2024,20:45,[20:30-20:45[,S,F,F,C,P,124.65,124.65
06/11/2024,21:00,[20:45-21:00[,S,F,F,C,P,124.65,124.65
06/11/2024,21:15,[21:00-21:15[,S,F,F,C,C,117.39,117.39
06/11/2024,21:30,[21:15-21:30[,S,F,F,C,C,117.39,117.39
06/11/2024,21:45,[21:30-21:45[,S,F,F,C,C,117.39,117.39
06/11/2024,22:00,[21:45-22:00[,S,F,F,C,C,117.39,117.39
06/11/2024,22:15,[22:00-22:15[,S,V,F,V,C,116.16,116.16
06/11/2024,22:30,[22:15-22:30[,S,V,F,V,C,116.16,116.16
06/11/2024,22:45,[22:30-22:45[,S,V,F,V,C,116.16,116.16
06/11/2024,23:00,[22:45-23:00[,S,V,F,V,C,116.16,116.16
06/11/2024,23:15,[23:00-23:15[,S,V,F,V,C,106.54,106.54
06/11/2024,23:30,[23:15-23:30[,S,V,F,V,C,106.54,106.54
06/11/2024,23:45,[23:30-23:45[,S,V,F,V,C,106.54,106.54
06/11/2024,23:59,[23:45-00:00[,S,V,F,V,C,106.54,106.54
07/11/2024,00:15,[00:00-00:15[,S,V,V,V,V,95.72,95.72
07/11/2024,00:30,[00:15-00:30[,S,V,V,V,V,95.72,95.72
07/11/2024,00:45,[00:30-00:45[,S,V,V,V,V,95.72,95.72
07/11/2024,01:00,[00:45-01:00[,S,V,V,V,V,95.72,95.72
07/11/2024,01:15,[01:00-01:15[,S,V,V,V,V,94.01,94.01
07/11/2024,01:30,[01:15-01:30[,S,V,V,V,V,94.01,94.01
07/11/2024,01:45,[01:30-01:45[,S,V,V,V,V,94.01,94.01
07/11/2024,02:00,[01:45-02:00[,S,V,V,V,V,94.01,94.01
07/11/2024,02:15,[02:00-02:15[,S,V,V,V,V,99.32,99.32
07/11/2024,02:30,[02:15-02:30[,S,V,V,V,V,99.32,99.32
07/11/2024,02:45,[02:30-02:45[,S,V,V,V,V,99.32,99.32
07/11/2024,03:00,[02:45-03:00[,S,V,V,V,V,99.32,99.32
07/11/2024,03:15,[03:00-03:15[,S,V,V,V,V,100.20,100.20
07/11/2024,03:30,[03:15-03:30[,S,V,V,V,V,100.20,100.20
07/11/2024,03:45,[03:30-03:45[,S,V,V,V,V,100.20,100.20
07/11/2024,04:00,[03:45-04:00[,S,V,V,V,V,100.20,100.20
07/11/2024,04:15,[04:00-04:15[,S,V,V,V,V,107.61,107.61
07/11/2024,04:30,[04:15-04:30[,S,V,V,V,V,107.61,107.61
07/11/2024,04:45,[04:30-04:45[,S,V,V,V,V,107.61,107.61
07/11/2024,05:00,[04:45-05:00[,S,V,V,V,V,107.61,107.61
07/11/2024,05:15,[05:00-05:15[,S,V,V,V,V,109.90,109.90
07/11/2024,05:30,[05:15-05:30[,S,V,V,V,V,109.90,109.90
07/11/2024,05:45,[05:30-05:45[,S,V,V,V,V,109.90,109.90
07/11/2024,06:00,[05:45-06:00[,S,V,V,V,V,109.90,109.90
07/11/2024,06:15,[06:00-06:15[,S,V,V,V,V,122.76,122.76
07/11/2024,06:30,[06:15-06:30[,S,V,V,V,V,122.76,122.76
07/11/2024,06:45,[06:30-06:45[,S,V,V,V,V,122.76,122.76
07/11/2024,07:00,[06:45-07:00[,S,V,V,V,V,122.76,122.76
07/11/2024,07:15,[07:00-07:15[,S,V,F,V,C,127.51,127.51
07/11/2024,07:30,[07:15-07:30[,S,V,F,V,C,127.51,127.51
07/11/2024,07:45,[07:30-07:45[,S,V,F,V,C,127.51,127.51
07/11/2024,08:00,[07:45-08:00[,S,V,F,V,C,127.51,127.51
07/11/2024,08:15,[08:00-08:15[,S,F,F,C,C,120.04,120.04
07/11/2024,08:30,[08:15-08:30[,S,F,F,C,C,120.04,120.04
07/11/2024,08:45,[08:30-08:45[,S,F,F,C,C,120.04,120.04
07/11/2024,09:00,[08:45-09:00[,S,F,F,C,C,120.04,120.04
07/11/2024,09:15,[09:00-09:15[,S,F,F,P,C,105.60,105.60
07/11/2024,09:30,[09:15-09:30[,S,F,F,P,C,105.60,105.60
07/11/2024,09:45,[09:30-09:45[,S,F,F,P,P,105.60,105.60
07/11/2024,10:00,[09:45-10:00[,S,F,F,P,P,105.60,105.60
07/11/2024,10:15,[10:00-10:15[,S,F,F,P,P,95.00,95.00
07/11/2024,10:30,[10:15-10:30[,S,F,F,P,P,95.00,95.00
07/11/2024,10:45,[10:30-10:45[,S,F,F,C,P,95.00,95.00
07/11/2024,11:00,[10:45-11:00[,S,F,F,C,P,95.00,95.00
07/11/2024,11:15,[11:00-11:15[,S,F,F,C,P,90.00,90.00
07/11/2024,11:30,[11:15-11:30[,S,F,F,C,P,90.00,90.00
07/11/2024,11:45,[11:30-11:45[,S,F,F,C,P,90.00,90.00
07/11/2024,12:00,[11:45-12:00[,S,F,F,C,P,90.00,90.00
07/11/2024,12:15,[12:00-12:15[,S,F,F,C,C,90.00,90.00
07/11/2024,12:30,[12:15-12:30[,S,F,F,C,C,90.00,90.00
07/11/2024,12:45,[12:30-12:45[,S,F,F,C,C,90.00,90.00
07/11/2024,13:00,[12:45-13:00[,S,F,F,C,C,90.00,90.00
07/11/2024,13:15,[13:00-13:15[,S,F,F,C,C,92.00,92.00
07/11/2024,13:30,[13:15-13:30[,S,F,F,C,C,92.00,92.00
07/11/2024,13:45,[13:30-13:45[,S,F,F,C,C,92.00,92.00
07/11/2024,14:00,[13:45-14:00[,S,F,F,C,C,92.00,92.00
07/11/2024,14:15,[14:00-14:15[,S,F,F,C,C,106.87,106.87
07/11/2024,14:30,[14:15-14:30[,S,F,F,C,C,106.87,106.87
07/11/2024,14:45,[14:30-14:45[,S,F,F,C,C,106.87,106.87
07/11/2024,15:00,[14:45-15:00[,S,F,F,C,C,106.87,106.87
07/11/2024,15:15,[15:00-15:15[,S,F,F,C,C,119.16,119.16
07/11/2024,15:30,[15:15-15:30[,S,F,F,C,C,119.16,119.16
07/11/2024,15:45,[15:30-15:45[,S,F,F,C,C,119.16,119.16
07/11/2024,16:00,[15:45-16:00[,S,F,F,C,C,119.16,119.16
07/11/2024,16:15,[16:00-16:15[,S,F,F,C,C,122.98,122.98
07/11/2024,16:30,[16:15-16:30[,S,F,F,C,C,122.98,122.98
07/11/2024,16:45,[16:30-16:45[,S,F,F,C,C,122.98,122.98
07/11/2024,17:00,[16:45-17:00[,S,F,F,C,C,122.98,122.98
07/11/2024,17:15,[17:00-17:15[,S,F,F,C,C,151.49,151.49
07/11/2024,17:30,[17:15-17:30[,S,F,F,C,C,151.49,151.49
07/11/2024,17:45,[17:30-17:45[,S,F,F,C,C,151.49,151.49
07/11/2024,18:00,[17:45-18:00[,S,F,F,C,C,151.49,151.49
07/11/2024,18:15,[18:00-18:15[,S,F,F,P,C,144.66,144.66
07/11/2024,18:30,[18:15-18:30[,S,F,F,P,C,144.66,144.66
07/11/2024,18:45,[18:30-18:45[,S,F,F,P,P,144.66,144.66
07/11/2024,19:00,[18:45-19:00[,S,F,F,P,P,144.66,144.66
07/11/2024,19:15,[19:00-19:15[,S,F,F,P,P,130.99,130.99
07/11/2024,19:30,[19:15-19:30[,S,F,F,P,P,130.99,130.99
07/11/2024,19:45,[19:30-19:45[,S,F,F,P,P,130.99,130.99
07/11/2024,20:00,[19:45-20:00[,S,F,F,P,P,130.99,130.99
07/11/2024,20:15,[20:00-20:15[,S,F,F,P,P,124.48,124.48
07/11/2024,20:30,[20:15-20:30[,S,F,F,P,P,124.48,124.48
07/11/2024,20:45,[20:30-20:45[,S,F,F,C,P,124.48,124.48
07/11/2024,21:00,[20:45-21:00[,S,F,F,C,P,124.48,124.48
07/11/2024,21:15,[21:00-21:15[,S,F,F,C,C,115.31,115.31
07/11/2024,21:30,[21:15-21:30[,S,F,F,C,C,115.31,115.31
07/11/2024,21:45,[21:30-21:45[,S,F,F,C,C,115.31,115.31
07/11/2024,22:00,[21:45-22:00[,S,F,F,C,C,115.31,115.31
07/11/2024,22:15,[22:00-22:15[,S,V,F,V,C,111.73,111.73
07/11/2024,22:30,[22:15-22:30[,S,V,F,V,C,111.73,111.73
07/11/2024,22:45,[22:30-22:45[,S,V,F,V,C,111.73,111.73
07/11/2024,23:00,[22:45-23:00[,S,V,F,V,C,111.73,111.73
07/11/2024,23:15,[23:00-23:15[,S,V,F,V,C,103.48,103.48
07/11/2024,23:30,[23:15-23:30[,S,V,F,V,C,103.48,103.48
07/11/2024,23:45,[23:30-23:45[,S,V,F,V,C,103.48,103.48
07/11/2024,23:59,[23:45-00:00[,S,V,F,V,C,103.48,103.48
08/11/2024,00:15,[00:00-00:15[,S,V,V,V,V,104.00,104.00
08/11/2024,00:30,[00:15-00:30[,S,V,V,V,V,104.00,104.00
08/11/2024,00:45,[00:30-00:45[,S,V,V,V,V,104.00,104.00
08/11/2024,01:00,[00:45-01:00[,S,V,V,V,V,104.00,104.00
08/11/2024,01:15,[01:00-01:15[,S,V,V,V,V,98.78,98.78
08/11/2024,01:30,[01:15-01:30[,S,V,V,V,V,98.78,98.78
08/11/2024,01:45,[01:30-01:45[,S,V,V,V,V,98.78,98.78
08/11/2024,02:00,[01:45-02:00[,S,V,V,V,V,98.78,98.78
08/11/2024,02:15,[02:00-02:15[,S,V,V,V,V,98.78,98.78
08/11/2024,02:30,[02:15-02:30[,S,V,V,V,V,98.78,98.78
08/11/2024,02:45,[02:30-02:45[,S,V,V,V,V,98.78,98.78
08/11/2024,03:00,[02:45-03:00[,S,V,V,V,V,98.78,98.78
08/11/2024,03:15,[03:00-03:15[,S,V,V,V,V,98.80,98.80
08/11/2024,03:30,[03:15-03:30[,S,V,V,V,V,98.80,98.80
08/11/2024,03:45,[03:30-03:45[,S,V,V,V,V,98.80,98.80
08/11/2024,04:00,[03:45-04:00[,S,V,V,V,V,98.80,98.80
08/11/2024,04:15,[04:00-04:15[,S,V,V,V,V,103.23,103.23
08/11/2024,04:30,[04:15-04:30[,S,V,V,V,V,103.23,103.23
08/11/2024,04:45,[04:30-04:45[,S,V,V,V,V,103.23,103.23
08/11/2024,05:00,[04:45-05:00[,S,V,V,V,V,103.23,103.23
08/11/2024,05:15,[05:00-05:15[,S,V,V,V,V,112.09,112.09
08/11/2024,05:30,[05:15-05:30[,S,V,V,V,V,112.09,112.09
08/11/2024,05:45,[05:30-05:45[,S,V,V,V,V,112.09,112.09
08/11/2024,06:00,[05:45-06:00[,S,V,V,V,V,112.09,112.09
08/11/2024,06:15,[06:00-06:15[,S,V,V,V,V,126.56,126.56
08/11/2024,06:30,[06:15-06:30[,S,V,V,V,V,126.56,126.56
08/11/2024,06:45,[06:30-06:45[,S,V,V,V,V,126.56,126.56
08/11/2024,07:00,[06:45-07:00[,S,V,V,V,V,126.56,126.56
08/11/2024,07:15,[07:00-07:15[,S,V,F,V,C,130.37,130.37
08/11/2024,07:30,[07:15-07:30[,S,V,F,V,C,130.37,130.37
08/11/2024,07:45,[07:30-07:45[,S,V,F,V,C,130.37,130.37
08/11/2024,08:00,[07:45-08:00[,S,V,F,V,C,130.37,130.37
08/11/2024,08:15,[08:00-08:15[,S,F,F,C,C,124.10,124.10
08/11/2024,08:30,[08:15-08:30[,S,F,F,C,C,124.10,124.10
08/11/2024,08:45,[08:30-08:45[,S,F,F,C,C,124.10,124.10
08/11/2024,09:00,[08:45-09:00[,S,F,F,C,C,124.10,124.10
08/11/2024,09:15,[09:00-09:15[,S,F,F,P,C,117.34,117.34
08/11/2024,09:30,[09:15-09:30[,S,F,F,P,C,117.34,117.34
08/11/2024,09:45,[09:30-09:45[,S,F,F,P,P,117.34,117.34
08/11/2024,10:00,[09:45-10:00[,S,F,F,P,P,117.34,117.34
08/11/2024,10:15,[10:00-10:15[,S,F,F,P,P,110.94,110.94
08/11/2024,10:30,[10:15-10:30[,S,F,F,P,P,110.94,110.94
08/11/2024,10:45,[10:30-10:45[,S,F,F,C,P,110.94,110.94
08/11/2024,11:00,[10:45-11:00[,S,F,F,C,P,110.94,110.94
08/11/2024,11:15,[11:00-11:15[,S,F,F,C,P,105.59,105.59
08/11/2024,11:30,[11:15-11:30[,S,F,F,C,P,105.59,105.59
08/11/2024,11:45,[11:30-11:45[,S,F,F,C,P,105.59,105.59
08/11/2024,12:00,[11:45-12:00[,S,F,F,C,P,105.59,105.59
08/11/2024,12:15,[12:00-12:15[,S,F,F,C,C,106.81,106.81
08/11/2024,12:30,[12:15-12:30[,S,F,F,C,C,106.81,106.81
08/11/2024,12:45,[12:30-12:45[,S,F,F,C,C,106.81,106.81
08/11/2024,13:00,[12:45-13:00[,S,F,F,C,C,106.81,106.81
08/11/2024,13:15,[13:00-13:15[,S,F,F,C,C,112.53,112.53
08/11/2024,13:30,[13:15-13:30[,S,F,F,C,C,112.53,112.53
08/11/2024,13:45,[13:30-13:45[,S,F,F,C,C,112.53,112.53
08/11/2024,14:00,[13:45-14:00[,S,F,F,C,C,112.53,112.53
08/11/2024,14:15,[14:00-14:15[,S,F,F,C,C,122.80,122.80
08/11/2024,14:30,[14:15-14:30[,S,F,F,C,C,122.80,122.80
08/11/2024,14:45,[14:30-14:45[,S,F,F,C,C,122.80,122.80
08/11/2024,15:00,[14:45-15:00[,S,F,F,C,C,122.80,122.80
08/11/2024,15:15,[15:00-15:15[,S,F,F,C,C,127.74,127.74
08/11/2024,15:30,[15:15-15:30[,S,F,F,C,C,127.74,127.74
08/11/2024,15:45,[15:30-15:45[,S,F,F,C,C,127.74,127.74
08/11/2024,16:00,[15:45-16:00[,S,F,F,C,C,127.74,127.74
08/11/2024,16:15,[16:00-16:15[,S,F,F,C,C,129.88,129.88
08/11/2024,16:30,[16:15-16:30[,S,F,F,C,C,129.88,129.88
08/11/2024,16:45,[16:30-16:45[,S,F,F,C,C,129.88,129.88
08/11/2024,17:00,[16:45-17:00[,S,F,F,C,C,129.88,129.88
08/11/2024,17:15,[17:00-17:15[,S,F,F,C,C,133.58,133.58
08/11/2024,17:30,[17:15-17:30[,S,F,F,C,C,133.58,133.58
08/11/2024,17:45,[17:30-17:45[,S,F,F,C,C,133.58,133.58
08/11/2024,18:00,[17:45-18:00[,S,F,F,C,C,133.58,133.58
08/11/2024,18:15,[18:00-18:15[,S,F,F,P,C,134.28,134.28
08/11/2024,18:30,[18:15-18:30[,S,F,F,P,C,134.28,134.28
08/11/2024,18:45,[18:30-18:45[,S,F,F,P,P,134.28,134.28
08/11/2024,19:00,[18:45-19:00[,S,F,F,P,P,134.28,134.28
08/11/2024,19:15,[19:00-19:15[,S,F,F,P,P,134.28,134.28
08/11/2024,19:30,[19:15-19:30[,S,F,F,P,P,134.28,134.28
08/11/2024,19:45,[19:30-19:45[,S,F,F,P,P,134.28,134.28
08/11/2024,20:00,[19:45-20:00[,S,F,F,P,P,134.28,134.28
08/11/2024,20:15,[20:00-20:15[,S,F,F,P,P,132.28,132.28
08/11/2024,20:30,[20:15-20:30[,S,F,F,P,P,132.28,132.28
08/11/2024,20:45,[20:30-20:45[,S,F,F,C,P,132.28,132.28
08/11/2024,21:00,[20:45-21:00[,S,F,F,C,P,132.28,132.28
08/11/2024,21:15,[21:00-21:15[,S,F,F,C,C,127.74,127.74
08/11/2024,21:30,[21:15-21:30[,S,F,F,C,C,127.74,127.74
08/11/2024,21:45,[21:30-21:45[,S,F,F,C,C,127.74,127.74
08/11/2024,22:00,[21:45-22:00[,S,F,F,C,C,127.74,127.74
08/11/2024,22:15,[22:00-22:15[,S,V,F,V,C,123.76,123.76
08/11/2024,22:30,[22:15-22:30[,S,V,F,V,C,123.76,123.76
08/11/2024,22:45,[22:30-22:45[,S,V,F,V,C,123.76,123.76
08/11/2024,23:00,[22:45-23:00[,S,V,F,V,C,123.76,123.76
08/11/2024,23:15,[23:00-23:15[,S,V,F,V,C,115.70,115.70
08/11/2024,23:30,[23:15-23:30[,S,V,F,V,C,115.70,115.70
08/11/2024,23:45,[23:30-23:45[,S,V,F,V,C,115.70,115.70
08/11/2024,23:59,[23:45-00:00[,S,V,F,V,C,115.70,115.70
09/11/2024,00:15,[00:00-00:15[,S,V,V,V,V,115.70,115.70
09/11/2024,00:30,[00:15-00:30[,S,V,V,V,V,115.70,115.70
09/11/2024,00:45,[00:30-00:45[,S,V,V,V,V,115.70,115.70
09/11/2024,01:00,[00:45-01:00[,S,V,V,V,V,115.70,115.70
09/11/2024,01:15,[01:00-01:15[,S,V,V,V,V,98.96,98.96
09/11/2024,01:30,[01:15-01:30[,S,V,V,V,V,98.96,98.96
09/11/2024,01:45,[01:30-01:45[,S,V,V,V,V,98.96,98.96
09/11/2024,02:00,[01:45-02:00[,S,V,V,V,V,98.96,98.96
09/11/2024,02:15,[02:00-02:15[,S,V,V,V,V,98.96,98.96
09/11/2024,02:30,[02:15-02:30[,S,V,V,V,V,98.96,98.96
09/11/2024,02:45,[02:30-02:45[,S,V,V,V,V,98.96,98.96
09/11/2024,03:00,[02:45-03:00[,S,V,V,V,V,98.96,98.96
09/11/2024,03:15,[03:00-03:15[,S,V,V,V,V,98.41,98.41
09/11/2024,03:30,[03:15-03:30[,S,V,V,V,V,98.41,98.41
09/11/2024,03:45,[03:30-03:45[,S,V,V,V,V,98.41,98.41
09/11/2024,04:00,[03:45-04:00[,S,V,V,V,V,98.41,98.41
09/11/2024,04:15,[04:00-04:15[,S,V,V,V,V,100.17,100.17
09/11/2024,04:30,[04:15-04:30[,S,V,V,V,V,100.17,100.17
09/11/2024,04:45,[04:30-04:45[,S,V,V,V,V,100.17,100.17
09/11/2024,05:00,[04:45-05:00[,S,V,V,V,V,100.17,100.17
09/11/2024,05:15,[05:00-05:15[,S,V,V,V,V,104.31,104.31
09/11/2024,05:30,[05:15-05:30[,S,V,V,V,V,104.31,104.31
09/11/2024,05:45,[05:30-05:45[,S,V,V,V,V,104.31,104.31
09/11/2024,06:00,[05:45-06:00[,S,V,V,V,V,104.31,104.31
09/11/2024,06:15,[06:00-06:15[,S,V,V,V,V,109.87,109.87
09/11/2024,06:30,[06:15-06:30[,S,V,V,V,V,109.87,109.87
09/11/2024,06:45,[06:30-06:45[,S,V,V,V,V,109.87,109.87
09/11/2024,07:00,[06:45-07:00[,S,V,V,V,V,109.87,109.87
09/11/2024,07:15,[07:00-07:15[,S,V,V,V,V,114.10,114.10
09/11/2024,07:30,[07:15-07:30[,S,V,V,V,V,114.10,114.10
09/11/2024,07:45,[07:30-07:45[,S,V,V,V,V,114.10,114.10
09/11/2024,08:00,[07:45-08:00[,S,V,V,V,V,114.10,114.10
09/11/2024,08:15,[08:00-08:15[,S,F,V,C,V,114.60,114.60
09/11/2024,08:30,[08:15-08:30[,S,F,V,C,V,114.60,114.60
09/11/2024,08:45,[08:30-08:45[,S,F,V,C,V,114.60,114.60
09/11/2024,09:00,[08:45-09:00[,S,F,V,C,V,114.60,114.60
09/11/2024,09:15,[09:00-09:15[,S,F,V,P,V,109.97,109.97
09/11/2024,09:30,[09:15-09:30[,S,F,V,P,V,109.97,109.97
09/11/2024,09:45,[09:30-09:45[,S,F,F,P,C,109.97,109.97
09/11/2024,10:00,[09:45-10:00[,S,F,F,P,C,109.97,109.97
09/11/2024,10:15,[10:00-10:15[,S,F,F,P,C,106.40,106.40
09/11/2024,10:30,[10:15-10:30[,S,F,F,P,C,106.40,106.40
09/11/2024,10:45,[10:30-10:45[,S,F,F,C,C,106.40,106.40
09/11/2024,11:00,[10:45-11:00[,S,F,F,C,C,106.40,106.40
09/11/2024,11:15,[11:00-11:15[,S,F,F,C,C,100.37,100.37
09/11/2024,11:30,[11:15-11:30[,S,F,F,C,C,100.37,100.37
09/11/2024,11:45,[11:30-11:45[,S,F,F,C,C,100.37,100.37
09/11/2024,12:00,[11:45-12:00[,S,F,F,C,C,100.37,100.37
09/11/2024,12:15,[12:00-12:15[,S,F,F,C,C,96.80,96.80
09/11/2024,12:30,[12:15-12:30[,S,F,F,C,C,96.80,96.80
09/11/2024,12:45,[12:30-12:45[,S,F,F,C,C,96.80,96.80
09/11/2024,13:00,[12:45-13:00[,S,F,F,C,C,96.80,96.80
09/11/2024,13:15,[13:00-13:15[,S,F,V,C,V,93.23,93.23
09/11/2024,13:30,[13:15-13:30[,S,F,V,C,V,93.23,93.23
09/11/2024,13:45,[13:30-13:45[,S,F,V,C,V,93.23,93.23
09/11/2024,14:00,[13:45-14:00[,S,F,V,C,V,93.23,93.23
09/11/2024,14:15,[14:00-14:15[,S,F,V,C,V,90.20,90.20
09/11/2024,14:30,[14:15-14:30[,S,F,V,C,V,90.20,90.20
09/11/2024,14:45,[14:30-14:45[,S,F,V,C,V,90.20,90.20
09/11/2024,15:00,[14:45-15:00[,S,F,V,C,V,90.20,90.20
09/11/2024,15:15,[15:00-15:15[,S,F,V,C,V,114.08,114.08
09/11/2024,15:30,[15:15-15:30[,S,F,V,C,V,114.08,114.08
09/11/2024,15:45,[15:30-15:45[,S,F,V,C,V,114.08,114.08
09/11/2024,16:00,[15:45-16:00[,S,F,V,C,V,114.08,114.08
09/11/2024,16:15,[16:00-16:15[,S,F,V,C,V,130.04,130.04
09/11/2024,16:30,[16:15-16:30[,S,F,V,C,V,130.04,130.04
09/11/2024,16:45,[16:30-16:45[,S,F,V,C,V,130.04,130.04
09/11/2024,17:00,[16:45-17:00[,S,F,V,C,V,130.04,130.04
09/11/2024,17:15,[17:00-17:15[,S,F,V,C,V,133.34,133.34
09/11/2024,17:30,[17:15-17:30[,S,F,V,C,V,133.34,133.34
09/11/2024,17:45,[17:30-17:45[,S,F,V,C,V,133.34,133.34
09/11/2024,18:00,[17:45-18:00[,S,F,V,C,V,133.34,133.34
09/11/2024,18:15,[18:00-18:15[,S,F,V,P,V,134.86,134.86
09/11/2024,18:30,[18:15-18:30[,S,F,V,P,V,134.86,134.86
09/11/2024,18:45,[18:30-18:45[,S,F,F,P,C,134.86,134.86
09/11/2024,19:00,[18:45-19:00[,S,F,F,P,C,134.86,134.86
09/11/2024,19:15,[19:00-19:15[,S,F,F,P,C,128.32,128.32
09/11/2024,19:30,[19:15-19:30[,S,F,F,P,C,128.32,128.32
09/11/2024,19:45,[19:30-19:45[,S,F,F,P,C,128.32,128.32
09/11/2024,20:00,[19:45-20:00[,S,F,F,P,C,128.32,128.32
09/11/2024,20:15,[20:00-20:15[,S,F,F,P,C,117.96,117.96
09/11/2024,20:30,[20:15-20:30[,S,F,F,P,C,117.96,117.96
09/11/2024,20:45,[20:30-20:45[,S,F,F,C,C,117.96,117.96
09/11/2024,21:00,[20:45-21:00[,S,F,F,C,C,117.96,117.96
09/11/2024,21:15,[21:00-21:15[,S,F,F,C,C,114.53,114.53
09/11/2024,21:30,[21:15-21:30[,S,F,F,C,C,114.53,114.53
09/11/2024,21:45,[21:30-21:45[,S,F,F,C,C,114.53,114.53
09/11/2024,22:00,[21:45-22:00[,S,F,F,C,C,114.53,114.53
09/11/2024,22:15,[22:00-22:15[,S,V,V,V,V,110.10,110.10
09/11/2024,22:30,[22:15-22:30[,S,V,V,V,V,110.10,110.10
09/11/2024,22:45,[22:30-22:45[,S,V,V,V,V,110.10,110.10
09/11/2024,23:00,[22:45-23:00[,S,V,V,V,V,110.10,110.10
09/11/2024,23:15,[23:00-23:15[,S,V,V,V,V,104.99,104.99
09/11/2024,23:30,[23:15-23:30[,S,V,V,V,V,104.99,104.99
09/11/2024,23:45,[23:30-23:45[,S,V,V,V,V,104.99,104.99
09/11/2024,23:59,[23:45-00:00[,S,V,V,V,V,104.99,104.99
10/11/2024,00:15,[00:00-00:15[,S,V,V,V,V,102.28,102.28
10/11/2024,00:30,[00:15-00:30[,S,V,V,V,V,102.28,102.28
10/11/2024,00:45,[00:30-00:45[,S,V,V,V,V,102.28,102.28
10/11/2024,01:00,[00:45-01:00[,S,V,V,V,V,102.28,102.28
10/11/2024,01:15,[01:00-01:15[,S,V,V,V,V,97.69,97.69
10/11/2024,01:30,[01:15-01:30[,S,V,V,V,V,97.69,97.69
10/11/2024,01:45,[01:30-01:45[,S,V,V,V,V,97.69,97.69
10/11/2024,02:00,[01:45-02:00[,S,V,V,V,V,97.69,97.69
10/11/2024,02:15,[02:00-02:15[,S,V,V,V,V,92.52,92.52
10/11/2024,02:30,[02:15-02:30[,S,V,V,V,V,92.52,92.52
10/11/2024,02:45,[02:30-02:45[,S,V,V,V,V,92.52,92.52
10/11/2024,03:00,[02:45-03:00[,S,V,V,V,V,92.52,92.52
10/11/2024,03:15,[03:00-03:15[,S,V,V,V,V,90.00,90.00
10/11/2024,03:30,[03:15-03:30[,S,V,V,V,V,90.00,90.00
10/11/2024,03:45,[03:30-03:45[,S,V,V,V,V,90.00,90.00
10/11/2024,04:00,[03:45-04:00[,S,V,V,V,V,90.00,90.00
10/11/2024,04:15,[04:00-04:15[,S,V,V,V,V,89.18,89.18
10/11/2024,04:30,[04:15-04:30[,S,V,V,V,V,89.18,89.18
10/11/2024,04:45,[04:30-04:45[,S,V,V,V,V,89.18,89.18
10/11/2024,05:00,[04:45-05:00[,S,V,V,V,V,89.18,89.18
10/11/2024,05:15,[05:00-05:15[,S,V,V,V,V,95.09,95.09
10/11/2024,05:30,[05:15-05:30[,S,V,V,V,V,95.09,95.09
10/11/2024,05:45,[05:30-05:45[,S,V,V,V,V,95.09,95.09
10/11/2024,06:00,[05:45-06:00[,S,V,V,V,V,95.09,95.09
10/11/2024,06:15,[06:00-06:15[,S,V,V,V,V,102.45,102.45
10/11/2024,06:30,[06:15-06:30[,S,V,V,V,V,102.45,102.45
10/11/2024,06:45,[06:30-06:45[,S,V,V,V,V,102.45,102.45
10/11/2024,07:00,[06:45-07:00[,S,V,V,V,V,102.45,102.45
10/11/2024,07:15,[07:00-07:15[,S,V,V,V,V,97.95,97.95
10/11/2024,07:30,[07:15-07:30[,S,V,V,V,V,97.95,97.95
10/11/2024,07:45,[07:30-07:45[,S,V,V,V,V,97.95,97.95
10/11/2024,08:00,[07:45-08:00[,S,V,V,V,V,97.95,97.95
10/11/2024,08:15,[08:00-08:15[,S,F,V,C,V,82.78,82.78
10/11/2024,08:30,[08:15-08:30[,S,F,V,C,V,82.78,82.78
10/11/2024,08:45,[08:30-08:45[,S,F,V,C,V,82.78,82.78
10/11/2024,09:00,[08:45-09:00[,S,F,V,C,V,82.78,82.78
10/11/2024,09:15,[09:00-09:15[,S,F,V,P,V,65.20,65.20
10/11/2024,09:30,[09:15-09:30[,S,F,V,P,V,65.20,65.20
10/11/2024,09:45,[09:30-09:45[,S,F,V,P,V,65.20,65.20
10/11/2024,10:00,[09:45-10:00[,S,F,V,P,V,65.20,65.20
10/11/2024,10:15,[10:00-10:15[,S,F,V,P,V,50.00,50.00
10/11/2024,10:30,[10:15-10:30[,S,F,V,P,V,50.00,50.00
10/11/2024,10:45,[10:30-10:45[,S,F,V,C,V,50.00,50.00
10/11/2024,11:00,[10:45-11:00[,S,F,V,C,V,50.00,50.00
10/11/2024,11:15,[11:00-11:15[,S,F,V,C,V,48.40,48.40
10/11/2024,11:30,[11:15-11:30[,S,F,V,C,V,48.40,48.40
10/11/2024,11:45,[11:30-11:45[,S,F,V,C,V,48.40,48.40
10/11/2024,12:00,[11:45-12:00[,S,F,V,C,V,48.40,48.40
10/11/2024,12:15,[12:00-12:15[,S,F,V,C,V,49.01,49.01
10/11/2024,12:30,[12:15-12:30[,S,F,V,C,V,49.01,49.01
10/11/2024,12:45,[12:30-12:45[,S,F,V,C,V,49.01,49.01
10/11/2024,13:00,[12:45-13:00[,S,F,V,C,V,49.01,49.01
10/11/2024,13:15,[13:00-13:15[,S,F,V,C,V,49.01,49.01
10/11/2024,13:30,[13:15-13:30[,S,F,V,C,V,49.01,49.01
10/11/2024,13:45,[13:30-13:45[,S,F,V,C,V,49.01,49.01
10/11/2024,14:00,[13:45-14:00[,S,F,V,C,V,49.01,49.01
10/11/2024,14:15,[14:00-14:15[,S,F,V,C,V,50.24,50.24
10/11/2024,14:30,[14:15-14:30[,S,F,V,C,V,50.24,50.24
10/11/2024,14:45,[14:30-14:45[,S,F,V,C,V,50.24,50.24
10/11/2024,15:00,[14:45-15:00[,S,F,V,C,V,50.24,50.24
10/11/2024,15:15,[15:00-15:15[,S,F,V,C,V,83.20,83.20
10/11/2024,15:30,[15:15-15:30[,S,F,V,C,V,83.20,83.20
10/11/2024,15:45,[15:30-15:45[,S,F,V,C,V,83.20,83.20
10/11/2024,16:00,[15:45-16:00[,S,F,V,C,V,83.20,83.20
10/11/2024,16:15,[16:00-16:15[,S,F,V,C,V,116.00,116.00
10/11/2024,16:30,[16:15-16:30[,S,F,V,C,V,116.00,116.00
10/11/2024,16:45,[16:30-16:45[,S,F,V,C,V,116.00,116.00
10/11/2024,17:00,[16:45-17:00[,S,F,V,C,V,116.00,116.00
10/11/2024,17:15,[17:00-17:15[,S,F,V,C,V,127.99,127.99
10/11/2024,17:30,[17:15-17:30[,S,F,V,C,V,127.99,127.99
10/11/2024,17:45,[17:30-17:45[,S,F,V,C,V,127.99,127.99
10/11/2024,18:00,[17:45-18:00[,S,F,V,C,V,127.99,127.99
10/11/2024,18:15,[18:00-18:15[,S,F,V,P,V,128.02,128.02
10/11/2024,18:30,[18:15-18:30[,S,F,V,P,V,128.02,128.02
10/11/2024,18:45,[18:30-18:45[,S,F,V,P,V,128.02,128.02
10/11/2024,19:00,[18:45-19:00[,S,F,V,P,V,128.02,128.02
10/11/2024,19:15,[19:00-19:15[,S,F,V,P,V,125.31,125.31
10/11/2024,19:30,[19:15-19:30[,S,F,V,P,V,125.31,125.31
10/11/2024,19:45,[19:30-19:45[,S,F,V,P,V,125.31,125.31
10/11/2024,20:00,[19:45-20:00[,S,F,V,P,V,125.31,125.31
10/11/2024,20:15,[20:00-20:15[,S,F,V,P,V,115.28,115.28
10/11/2024,20:30,[20:15-20:30[,S,F,V,P,V,115.28,115.28
10/11/2024,20:45,[20:30-20:45[,S,F,V,C,V,115.28,115.28
10/11/2024,21:00,[20:45-21:00[,S,F,V,C,V,115.28,115.28
10/11/2024,21:15,[21:00-21:15[,S,F,V,C,V,111.10,111.10
10/11/2024,21:30,[21:15-21:30[,S,F,V,C,V,111.10,111.10
10/11/2024,21:45,[21:30-21:45[,S,F,V,C,V,111.10,111.10
10/11/2024,22:00,[21:45-22:00[,S,F,V,C,V,111.10,111.10
10/11/2024,22:15,[22:00-22:15[,S,V,V,V,V,108.02,108.02
10/11/2024,22:30,[22:15-22:30[,S,V,V,V,V,108.02,108.02
10/11/2024,22:45,[22:30-22:45[,S,V,V,V,V,108.02,108.02
10/11/2024,23:00,[22:45-23:00[,S,V,V,V,V,108.02,108.02
10/11/2024,23:15,[23:00-23:15[,S,V,V,V,V,109.00,109.00
10/11/2024,23:30,[23:15-23:30[,S,V,V,V,V,109.00,109.00
10/11/2024,23:45,[23:30-23:45[,S,V,V,V,V,109.00,109.00
10/11/2024,23:59,[23:45-00:00[,S,V,V,V,V,109.00,109.00
11/11/2024,00:15,[00:00-00:15[,S,V,V,V,V,101.71,101.71
11/11/2024,00:30,[00:15-00:30[,S,V,V,V,V,101.71,101.71
11/11/2024,00:45,[00:30-00:45[,S,V,V,V,V,101.71,101.71
11/11/2024,01:00,[00:45-01:00[,S,V,V,V,V,101.71,101.71
11/11/2024,01:15,[01:00-01:15[,S,V,V,V,V,99.39,99.39
11/11/2024,01:30,[01:15-01:30[,S,V,V,V,V,99.39,99.39
11/11/2024,01:45,[01:30-01:45[,S,V,V,V,V,99.39,99.39
11/11/2024,02:00,[01:45-02:00[,S,V,V,V,V,99.39,99.39
11/11/2024,02:15,[02:00-02:15[,S,V,V,V,V,85.38,85.38
11/11/2024,02:30,[02:15-02:30[,S,V,V,V,V,85.38,85.38
11/11/2024,02:45,[02:30-02:45[,S,V,V,V,V,85.38,85.38
11/11/2024,03:00,[02:45-03:00[,S,V,V,V,V,85.38,85.38
11/11/2024,03:15,[03:00-03:15[,S,V,V,V,V,80.66,80.66
11/11/2024,03:30,[03:15-03:30[,S,V,V,V,V,80.66,80.66
11/11/2024,03:45,[03:30-03:45[,S,V,V,V,V,80.66,80.66
11/11/2024,04:00,[03:45-04:00[,S,V,V,V,V,80.66,80.66
11/11/2024,04:15,[04:00-04:15[,S,V,V,V,V,80.20,80.20
11/11/2024,04:30,[04:15-04:30[,S,V,V,V,V,80.20,80.20
11/11/2024,04:45,[04:30-04:45[,S,V,V,V,V,80.20,80.20
11/11/2024,05:00,[04:45-05:00[,S,V,V,V,V,80.20,80.20
11/11/2024,05:15,[05:00-05:15[,S,V,V,V,V,84.10,84.10
11/11/2024,05:30,[05:15-05:30[,S,V,V,V,V,84.10,84.10
11/11/2024,05:45,[05:30-05:45[,S,V,V,V,V,84.10,84.10
11/11/2024,06:00,[05:45-06:00[,S,V,V,V,V,84.10,84.10
11/11/2024,06:15,[06:00-06:15[,S,V,V,V,V,105.72,105.72
11/11/2024,06:30,[06:15-06:30[,S,V,V,V,V,105.72,105.72
11/11/2024,06:45,[06:30-06:45[,S,V,V,V,V,105.72,105.72
11/11/2024,07:00,[06:45-07:00[,S,V,V,V,V,105.72,105.72
11/11/2024,07:15,[07:00-07:15[,S,V,F,V,C,109.00,109.00
11/11/2024,07:30,[07:15-07:30[,S,V,F,V,C,109.00,109.00
11/11/2024,07:45,[07:30-07:45[,S,V,F,V,C,109.00,109.00
11/11/2024,08:00,[07:45-08:00[,S,V,F,V,C,109.00,109.00
11/11/2024,08:15,[08:00-08:15[,S,F,F,C,C,79.90,79.90
11/11/2024,08:30,[08:15-08:30[,S,F,F,C,C,79.90,79.90
11/11/2024,08:45,[08:30-08:45[,S,F,F,C,C,79.90,79.90
11/11/2024,09:00,[08:45-09:00[,S,F,F,C,C,79.90,79.90
11/11/2024,09:15,[09:00-09:15[,S,F,F,P,C,50.24,50.24
11/11/2024,09:30,[09:15-09:30[,S,F,F,P,C,50.24,50.24
11/11/2024,09:45,[09:30-09:45[,S,F,F,P,P,50.24,50.24
11/11/2024,10:00,[09:45-10:00[,S,F,F,P,P,50.24,50.24
11/11/2024,10:15,[10:00-10:15[,S,F,F,P,P,45.20,45.20
11/11/2024,10:30,[10:15-10:30[,S,F,F,P,P,45.20,45.20
11/11/2024,10:45,[10:30-10:45[,S,F,F,C,P,45.20,45.20
11/11/2024,11:00,[10:45-11:00[,S,F,F,C,P,45.20,45.20
11/11/2024,11:15,[11:00-11:15[,S,F,F,C,P,33.49,33.49
11/11/2024,11:30,[11:15-11:30[,S,F,F,C,P,33.49,33.49
11/11/2024,11:45,[11:30-11:45[,S,F,F,C,P,33.49,33.49
11/11/2024,12:00,[11:45-12:00[,S,F,F,C,P,33.49,33.49
11/11/2024,12:15,[12:00-12:15[,S,F,F,C,C,15.20,15.20
11/11/2024,12:30,[12:15-12:30[,S,F,F,C,C,15.20,15.20
11/11/2024,12:45,[12:30-12:45[,S,F,F,C,C,15.20,15.20
11/11/2024,13:00,[12:45-13:00[,S,F,F,C,C,15.20,15.20
11/11/2024,13:15,[13:00-13:15[,S,F,F,C,C,33.27,7.00
11/11/2024,13:30,[13:15-13:30[,S,F,F,C,C,33.27,7.00
11/11/2024,13:45,[13:30-13:45[,S,F,F,C,C,33.27,7.00
11/11/2024,14:00,[13:45-14:00[,S,F,F,C,C,33.27,7.00
11/11/2024,14:15,[14:00-14:15[,S,F,F,C,C,48.04,5.00
11/11/2024,14:30,[14:15-14:30[,S,F,F,C,C,48.04,5.00
11/11/2024,14:45,[14:30-14:45[,S,F,F,C,C,48.04,5.00
11/11/2024,15:00,[14:45-15:00[,S,F,F,C,C,48.04,5.00
11/11/2024,15:15,[15:00-15:15[,S,F,F,C,C,65.63,65.63
11/11/2024,15:30,[15:15-15:30[,S,F,F,C,C,65.63,65.63
11/11/2024,15:45,[15:30-15:45[,S,F,F,C,C,65.63,65.63
11/11/2024,16:00,[15:45-16:00[,S,F,F,C,C,65.63,65.63
11/11/2024,16:15,[16:00-16:15[,S,F,F,C,C,106.70,106.70
11/11/2024,16:30,[16:15-16:30[,S,F,F,C,C,106.70,106.70
11/11/2024,16:45,[16:30-16:45[,S,F,F,C,C,106.70,106.70
11/11/2024,17:00,[16:45-17:00[,S,F,F,C,C,106.70,106.70
11/11/2024,17:15,[17:00-17:15[,S,F,F,C,C,115.89,115.89
11/11/2024,17:30,[17:15-17:30[,S,F,F,C,C,115.89,115.89
11/11/2024,17:45,[17:30-17:45[,S,F,F,C,C,115.89,115.89
11/11/2024,18:00,[17:45-18:00[,S,F,F,C,C,115.89,115.89
11/11/2024,18:15,[18:00-18:15[,S,F,F,P,C,116.86,116.86
11/11/2024,18:30,[18:15-18:30[,S,F,F,P,C,116.86,116.86
11/11/2024,18:45,[18:30-18:45[,S,F,F,P,P,116.86,116.86
11/11/2024,19:00,[18:45-19:00[,S,F,F,P,P,116.86,116.86
11/11/2024,19:15,[19:00-19:15[,S,F,F,P,P,109.69,109.69
11/11/2024,19:30,[19:15-19:30[,S,F,F,P,P,109.69,109.69
11/11/2024,19:45,[19:30-19:45[,S,F,F,P,P,109.69,109.69
11/11/2024,20:00,[19:45-20:00[,S,F,F,P,P,109.69,109.69
11/11/2024,20:15,[20:00-20:15[,S,F,F,P,P,96.73,96.73
11/11/2024,20:30,[20:15-20:30[,S,F,F,P,P,96.73,96.73
11/11/2024,20:45,[20:30-20:45[,S,F,F,C,P,96.73,96.73
11/11/2024,21:00,[20:45-21:00[,S,F,F,C,P,96.73,96.73
11/11/2024,21:15,[21:00-21:15[,S,F,F,C,C,88.92,88.92
11/11/2024,21:30,[21:15-21:30[,S,F,F,C,C,88.92,88.92
11/11/2024,21:45,[21:30-21:45[,S,F,F,C,C,88.92,88.92
11/11/2024,22:00,[21:45-22:00[,S,F,F,C,C,88.92,88.92
11/11/2024,22:15,[22:00-22:15[,S,V,F,V,C,78.20,78.20
11/11/2024,22:30,[22:15-22:30[,S,V,F,V,C,78.20,78.20
11/11/2024,22:45,[22:30-22:45[,S,V,F,V,C,78.20,78.20
11/11/2024,23:00,[22:45-23:00[,S,V,F,V,C,78.20,78.20
11/11/2024,23:15,[23:00-23:15[,S,V,F,V,C,65.00,65.00
11/11/2024,23:30,[23:15-23:30[,S,V,F,V,C,65.00,65.00
11/11/2024,23:45,[23:30-23:45[,S,V,F,V,C,65.00,65.00
11/11/2024,23:59,[23:45-00:00[,S,V,F,V,C,65.00,65.00
12/11/2024,00:15,[00:00-00:15[,S,V,V,V,V,49.97,49.97
12/11/2024,00:30,[00:15-00:30[,S,V,V,V,V,49.97,49.97
12/11/2024,00:45,[00:30-00:45[,S,V,V,V,V,49.97,49.97
12/11/2024,01:00,[00:45-01:00[,S,V,V,V,V,49.97,49.97
12/11/2024,01:15,[01:00-01:15[,S,V,V,V,V,49.78,49.78
12/11/2024,01:30,[01:15-01:30[,S,V,V,V,V,49.78,49.78
12/11/2024,01:45,[01:30-01:45[,S,V,V,V,V,49.78,49.78
12/11/2024,02:00,[01:45-02:00[,S,V,V,V,V,49.78,49.78
12/11/2024,02:15,[02:00-02:15[,S,V,V,V,V,45.38,45.38
12/11/2024,02:30,[02:15-02:30[,S,V,V,V,V,45.38,45.38
12/11/2024,02:45,[02:30-02:45[,S,V,V,V,V,45.38,45.38
12/11/2024,03:00,[02:45-03:00[,S,V,V,V,V,45.38,45.38
12/11/2024,03:15,[03:00-03:15[,S,V,V,V,V,31.24,31.24
12/11/2024,03:30,[03:15-03:30[,S,V,V,V,V,31.24,31.24
12/11/2024,03:45,[03:30-03:45[,S,V,V,V,V,31.24,31.24
12/11/2024,04:00,[03:45-04:00[,S,V,V,V,V,31.24,31.24
12/11/2024,04:15,[04:00-04:15[,S,V,V,V,V,49.84,49.84
12/11/2024,04:30,[04:15-04:30[,S,V,V,V,V,49.84,49.84
12/11/2024,04:45,[04:30-04:45[,S,V,V,V,V,49.84,49.84
12/11/2024,05:00,[04:45-05:00[,S,V,V,V,V,49.84,49.84
12/11/2024,05:15,[05:00-05:15[,S,V,V,V,V,70.20,70.20
12/11/2024,05:30,[05:15-05:30[,S,V,V,V,V,70.20,70.20
12/11/2024,05:45,[05:30-05:45[,S,V,V,V,V,70.20,70.20
12/11/2024,06:00,[05:45-06:00[,S,V,V,V,V,70.20,70.20
12/11/2024,06:15,[06:00-06:15[,S,V,V,V,V,102.66,102.66
12/11/2024,06:30,[06:15-06:30[,S,V,V,V,V,102.66,102.66
12/11/2024,06:45,[06:30-06:45[,S,V,V,V,V,102.66,102.66
12/11/2024,07:00,[06:45-07:00[,S,V,V,V,V,102.66,102.66
12/11/2024,07:15,[07:00-07:15[,S,V,F,V,C,102.67,102.67
12/11/2024,07:30,[07:15-07:30[,S,V,F,V,C,102.67,102.67
12/11/2024,07:45,[07:30-07:45[,S,V,F,V,C,102.67,102.67
12/11/2024,08:00,[07:45-08:00[,S,V,F,V,C,102.67,102.67
12/11/2024,08:15,[08:00-08:15[,S,F,F,C,C,69.98,69.98
12/11/2024,08:30,[08:15-08:30[,S,F,F,C,C,69.98,69.98
12/11/2024,08:45,[08:30-08:45[,S,F,F,C,C,69.98,69.98
12/11/2024,09:00,[08:45-09:00[,S,F,F,C,C,69.98,69.98
12/11/2024,09:15,[09:00-09:15[,S,F,F,P,C,4.31,4.31
12/11/2024,09:30,[09:15-09:30[,S,F,F,P,C,4.31,4.31
12/11/2024,09:45,[09:30-09:45[,S,F,F,P,P,4.31,4.31
12/11/2024,10:00,[09:45-10:00[,S,F,F,P,P,4.31,4.31
12/11/2024,10:15,[10:00-10:15[,S,F,F,P,P,3.32,3.32
12/11/2024,10:30,[10:15-10:30[,S,F,F,P,P,3.32,3.32
12/11/2024,10:45,[10:30-10:45[,S,F,F,C,P,3.32,3.32
12/11/2024,11:00,[10:45-11:00[,S,F,F,C,P,3.32,3.32
12/11/2024,11:15,[11:00-11:15[,S,F,F,C,P,3.32,3.32
12/11/2024,11:30,[11:15-11:30[,S,F,F,C,P,3.32,3.32
12/11/2024,11:45,[11:30-11:45[,S,F,F,C,P,3.32,3.32
12/11/2024,12:00,[11:45-12:00[,S,F,F,C,P,3.32,3.32
12/11/2024,12:15,[12:00-12:15[,S,F,F,C,C,3.32,3.32
12/11/2024,12:30,[12:15-12:30[,S,F,F,C,C,3.32,3.32
12/11/2024,12:45,[12:30-12:45[,S,F,F,C,C,3.32,3.32
12/11/2024,13:00,[12:45-13:00[,S,F,F,C,C,3.32,3.32
12/11/2024,13:15,[13:00-13:15[,S,F,F,C,C,4.31,3.32
12/11/2024,13:30,[13:15-13:30[,S,F,F,C,C,4.31,3.32
12/11/2024,13:45,[13:30-13:45[,S,F,F,C,C,4.31,3.32
12/11/2024,14:00,[13:45-14:00[,S,F,F,C,C,4.31,3.32
12/11/2024,14:15,[14:00-14:15[,S,F,F,C,C,11.01,3.32
12/11/2024,14:30,[14:15-14:30[,S,F,F,C,C,11.01,3.32
12/11/2024,14:45,[14:30-14:45[,S,F,F,C,C,11.01,3.32
12/11/2024,15:00,[14:45-15:00[,S,F,F,C,C,11.01,3.32
12/11/2024,15:15,[15:00-15:15[,S,F,F,C,C,66.02,49.84
12/11/2024,15:30,[15:15-15:30[,S,F,F,C,C,66.02,49.84
12/11/2024,15:45,[15:30-15:45[,S,F,F,C,C,66.02,49.84
12/11/2024,16:00,[15:45-16:00[,S,F,F,C,C,66.02,49.84
12/11/2024,16:15,[16:00-16:15[,S,F,F,C,C,102.67,102.67
12/11/2024,16:30,[16:15-16:30[,S,F,F,C,C,102.67,102.67
12/11/2024,16:45,[16:30-16:45[,S,F,F,C,C,102.67,102.67
12/11/2024,17:00,[16:45-17:00[,S,F,F,C,C,102.67,102.67
12/11/2024,17:15,[17:00-17:15[,S,F,F,C,C,115.06,115.06
12/11/2024,17:30,[17:15-17:30[,S,F,F,C,C,115.06,115.06
12/11/2024,17:45,[17:30-17:45[,S,F,F,C,C,115.06,115.06
12/11/2024,18:00,[17:45-18:00[,S,F,F,C,C,115.06,115.06
12/11/2024,18:15,[18:00-18:15[,S,F,F,P,C,120.76,120.76
12/11/2024,18:30,[18:15-18:30[,S,F,F,P,C,120.76,120.76
12/11/2024,18:45,[18:30-18:45[,S,F,F,P,P,120.76,120.76
12/11/2024,19:00,[18:45-19:00[,S,F,F,P,P,120.76,120.76
12/11/2024,19:15,[19:00-19:15[,S,F,F,P,P,128.86,128.86
12/11/2024,19:30,[19:15-19:30[,S,F,F,P,P,128.86,128.86
12/11/2024,19:45,[19:30-19:45[,S,F,F,P,P,128.86,128.86
12/11/2024,20:00,[19:45-20:00[,S,F,F,P,P,128.86,128.86
12/11/2024,20:15,[20:00-20:15[,S,F,F,P,P,120.28,120.28
12/11/2024,20:30,[20:15-20:30[,S,F,F,P,P,120.28,120.28
12/11/2024,20:45,[20:30-20:45[,S,F,F,C,P,120.28,120.28
12/11/2024,21:00,[20:45-21:00[,S,F,F,C,P,120.28,120.28
12/11/2024,21:15,[21:00-21:15[,S,F,F,C,C,119.92,119.92
12/11/2024,21:30,[21:15-21:30[,S,F,F,C,C,119.92,119.92
12/11/2024,21:45,[21:30-21:45[,S,F,F,C,C,119.92,119.92
12/11/2024,22:00,[21:45-22:00[,S,F,F,C,C,119.92,119.92
12/11/2024,22:15,[22:00-22:15[,S,V,F,V,C,113.87,113.87
12/11/2024,22:30,[22:15-22:30[,S,V,F,V,C,113.87,113.87
12/11/2024,22:45,[22:30-22:45[,S,V,F,V,C,113.87,113.87
12/11/2024,23:00,[22:45-23:00[,S,V,F,V,C,113.87,113.87
12/11/2024,23:15,[23:00-23:15[,S,V,F,V,C,100.13,100.13
12/11/2024,23:30,[23:15-23:30[,S,V,F,V,C,100.13,100.13
12/11/2024,23:45,[23:30-23:45[,S,V,F,V,C,100.13,100.13
12/11/2024,23:59,[23:45-00:00[,S,V,F,V,C,100.13,100.13
13/11/2024,00:15,[00:00-00:15[,S,V,V,V,V,99.47,99.47
13/11/2024,00:30,[00:15-00:30[,S,V,V,V,V,99.47,99.47
13/11/2024,00:45,[00:30-00:45[,S,V,V,V,V,99.47,99.47
13/11/2024,01:00,[00:45-01:00[,S,V,V,V,V,99.47,99.47
13/11/2024,01:15,[01:00-01:15[,S,V,V,V,V,99.12,99.12
13/11/2024,01:30,[01:15-01:30[,S,V,V,V,V,99.12,99.12
13/11/2024,01:45,[01:30-01:45[,S,V,V,V,V,99.12,99.12
13/11/2024,02:00,[01:45-02:00[,S,V,V,V,V,99.12,99.12
13/11/2024,02:15,[02:00-02:15[,S,V,V,V,V,95.33,95.33
13/11/2024,02:30,[02:15-02:30[,S,V,V,V,V,95.33,95.33
13/11/2024,02:45,[02:30-02:45[,S,V,V,V,V,95.33,95.33
13/11/2024,03:00,[02:45-03:00[,S,V,V,V,V,95.33,95.33
13/11/2024,03:15,[03:00-03:15[,S,V,V,V,V,91.82,91.82
13/11/2024,03:30,[03:15-03:30[,S,V,V,V,V,91.82,91.82
13/11/2024,03:45,[03:30-03:45[,S,V,V,V,V,91.82,91.82
13/11/2024,04:00,[03:45-04:00[,S,V,V,V,V,91.82,91.82
13/11/2024,04:15,[04:00-04:15[,S,V,V,V,V,94.90,94.90
13/11/2024,04:30,[04:15-04:30[,S,V,V,V,V,94.90,94.90
13/11/2024,04:45,[04:30-04:45[,S,V,V,V,V,94.90,94.90
13/11/2024,05:00,[04:45-05:00[,S,V,V,V,V,94.90,94.90
13/11/2024,05:15,[05:00-05:15[,S,V,V,V,V,104.09,104.09
13/11/2024,05:30,[05:15-05:30[,S,V,V,V,V,104.09,104.09
13/11/2024,05:45,[05:30-05:45[,S,V,V,V,V,104.09,104.09
13/11/2024,06:00,[05:45-06:00[,S,V,V,V,V,104.09,104.09
13/11/2024,06:15,[06:00-06:15[,S,V,V,V,V,120.00,120.00
13/11/2024,06:30,[06:15-06:30[,S,V,V,V,V,120.00,120.00
13/11/2024,06:45,[06:30-06:45[,S,V,V,V,V,120.00,120.00
13/11/2024,07:00,[06:45-07:00[,S,V,V,V,V,120.00,120.00
13/11/2024,07:15,[07:00-07:15[,S,V,F,V,C,121.76,121.76
13/11/2024,07:30,[07:15-07:30[,S,V,F,V,C,121.76,121.76
13/11/2024,07:45,[07:30-07:45[,S,V,F,V,C,121.76,121.76
13/11/2024,08:00,[07:45-08:00[,S,V,F,V,C,121.76,121.76
13/11/2024,08:15,[08:00-08:15[,S,F,F,C,C,120.86,120.86
13/11/2024,08:30,[08:15-08:30[,S,F,F,C,C,120.86,120.86
13/11/2024,08:45,[08:30-08:45[,S,F,F,C,C,120.86,120.86
13/11/2024,09:00,[08:45-09:00[,S,F,F,C,C,120.86,120.86
13/11/2024,09:15,[09:00-09:15[,S,F,F,P,C,104.09,104.09
13/11/2024,09:30,[09:15-09:30[,S,F,F,P,C,104.09,104.09
13/11/2024,09:45,[09:30-09:45[,S,F,F,P,P,104.09,104.09
13/11/2024,10:00,[09:45-10:00[,S,F,F,P,P,104.09,104.09
13/11/2024,10:15,[10:00-10:15[,S,F,F,P,P,84.90,84.90
13/11/2024,10:30,[10:15-10:30[,S,F,F,P,P,84.90,84.90
13/11/2024,10:45,[10:30-10:45[,S,F,F,C,P,84.90,84.90
13/11/2024,11:00,[10:45-11:00[,S,F,F,C,P,84.90,84.90
13/11/2024,11:15,[11:00-11:15[,S,F,F,C,P,82.99,82.99
13/11/2024,11:30,[11:15-11:30[,S,F,F,C,P,82.99,82.99
13/11/2024,11:45,[11:30-11:45[,S,F,F,C,P,82.99,82.99
13/11/2024,12:00,[11:45-12:00[,S,F,F,C,P,82.99,82.99
13/11/2024,12:15,[12:00-12:15[,S,F,F,C,C,83.20,83.20
13/11/2024,12:30,[12:15-12:30[,S,F,F,C,C,83.20,83.20
13/11/2024,12:45,[12:30-12:45[,S,F,F,C,C,83.20,83.20
13/11/2024,13:00,[12:45-13:00[,S,F,F,C,C,83.20,83.20
13/11/2024,13:15,[13:00-13:15[,S,F,F,C,C,84.90,84.90
13/11/2024,13:30,[13:15-13:30[,S,F,F,C,C,84.90,84.90
13/11/2024,13:45,[13:30-13:45[,S,F,F,C,C,84.90,84.90
13/11/2024,14:00,[13:45-14:00[,S,F,F,C,C,84.90,84.90
13/11/2024,14:15,[14:00-14:15[,S,F,F,C,C,95.97,95.97
13/11/2024,14:30,[14:15-14:30[,S,F,F,C,C,95.97,95.97
13/11/2024,14:45,[14:30-14:45[,S,F,F,C,C,95.97,95.97
13/11/2024,15:00,[14:45-15:00[,S,F,F,C,C,95.97,95.97
13/11/2024,15:15,[15:00-15:15[,S,F,F,C,C,112.35,112.35
13/11/2024,15:30,[15:15-15:30[,S,F,F,C,C,112.35,112.35
13/11/2024,15:45,[15:30-15:45[,S,F,F,C,C,112.35,112.35
13/11/2024,16:00,[15:45-16:00[,S,F,F,C,C,112.35,112.35
13/11/2024,16:15,[16:00-16:15[,S,F,F,C,C,116.28,116.28
13/11/2024,16:30,[16:15-16:30[,S,F,F,C,C,116.28,116.28
13/11/2024,16:45,[16:30-16:45[,S,F,F,C,C,116.28,116.28
13/11/2024,17:00,[16:45-17:00[,S,F,F,C,C,116.28,116.28
13/11/2024,17:15,[17:00-17:15[,S,F,F,C,C,121.28,121.28
13/11/2024,17:30,[17:15-17:30[,S,F,F,C,C,121.28,121.28
13/11/2024,17:45,[17:30-17:45[,S,F,F,C,C,121.28,121.28
13/11/2024,18:00,[17:45-18:00[,S,F,F,C,C,121.28,121.28
13/11/2024,18:15,[18:00-18:15[,S,F,F,P,C,132.18,132.18
13/11/2024,18:30,[18:15-18:30[,S,F,F,P,C,132.18,132.18
13/11/2024,18:45,[18:30-18:45[,S,F,F,P,P,132.18,132.18
13/11/2024,19:00,[18:45-19:00[,S,F,F,P,P,132.18,132.18
13/11/2024,19:15,[19:00-19:15[,S,F,F,P,P,133.61,133.61
13/11/2024,19:30,[19:15-19:30[,S,F,F,P,P,133.61,133.61
13/11/2024,19:45,[19:30-19:45[,S,F,F,P,P,133.61,133.61
13/11/2024,20:00,[19:45-20:00[,S,F,F,P,P,133.61,133.61
13/11/2024,20:15,[20:00-20:15[,S,F,F,P,P,119.80,119.80
13/11/2024,20:30,[20:15-20:30[,S,F,F,P,P,119.80,119.80
13/11/2024,20:45,[20:30-20:45[,S,F,F,C,P,119.80,119.80
13/11/2024,21:00,[20:45-21:00[,S,F,F,C,P,119.80,119.80
13/11/2024,21:15,[21:00-21:15[,S,F,F,C,C,115.88,115.88
13/11/2024,21:30,[21:15-21:30[,S,F,F,C,C,115.88,115.88
13/11/2024,21:45,[21:30-21:45[,S,F,F,C,C,115.88,115.88
13/11/2024,22:00,[21:45-22:00[,S,F,F,C,C,115.88,115.88
13/11/2024,22:15,[22:00-22:15[,S,V,F,V,C,100.00,100.00
13/11/2024,22:30,[22:15-22:30[,S,V,F,V,C,100.00,100.00
13/11/2024,22:45,[22:30-22:45[,S,V,F,V,C,100.00,100.00
13/11/2024,23:00,[22:45-23:00[,S,V,F,V,C,100.00,100.00
13/11/2024,23:15,[23:00-23:15[,S,V,F,V,C,90.20,90.20
13/11/2024,23:30,[23:15-23:30[,S,V,F,V,C,90.20,90.20
13/11/2024,23:45,[23:30-23:45[,S,V,F,V,C,90.20,90.20
13/11/2024,23:59,[23:45-00:00[,S,V,F,V,C,90.20,90.20
14/11/2024,00:15,[00:00-00:15[,S,V,V,V,V,90.00,90.00
14/11/2024,00:30,[00:15-00:30[,S,V,V,V,V,90.00,90.00
14/11/2024,00:45,[00:30-00:45[,S,V,V,V,V,90.00,90.00
14/11/2024,01:00,[00:45-01:00[,S,V,V,V,V,90.00,90.00
14/11/2024,01:15,[01:00-01:15[,S,V,V,V,V,89.53,89.53
14/11/2024,01:30,[01:15-01:30[,S,V,V,V,V,89.53,89.53
14/11/2024,01:45,[01:30-01:45[,S,V,V,V,V,89.53,89.53
14/11/2024,02:00,[01:45-02:00[,S,V,V,V,V,89.53,89.53
14/11/2024,02:15,[02:00-02:15[,S,V,V,V,V,89.99,89.99
14/11/2024,02:30,[02:15-02:30[,S,V,V,V,V,89.99,89.99
14/11/2024,02:45,[02:30-02:45[,S,V,V,V,V,89.99,89.99
14/11/2024,03:00,[02:45-03:00[,S,V,V,V,V,89.99,89.99
14/11/2024,03:15,[03:00-03:15[,S,V,V,V,V,90.20,90.20
14/11/2024,03:30,[03:15-03:30[,S,V,V,V,V,90.20,90.20
14/11/2024,03:45,[03:30-03:45[,S,V,V,V,V,90.20,90.20
14/11/2024,04:00,[03:45-04:00[,S,V,V,V,V,90.20,90.20
14/11/2024,04:15,[04:00-04:15[,S,V,V,V,V,95.74,95.74
14/11/2024,04:30,[04:15-04:30[,S,V,V,V,V,95.74,95.74
14/11/2024,04:45,[04:30-04:45[,S,V,V,V,V,95.74,95.74
14/11/2024,05:00,[04:45-05:00[,S,V,V,V,V,95.74,95.74
14/11/2024,05:15,[05:00-05:15[,S,V,V,V,V,110.99,110.99
14/11/2024,05:30,[05:15-05:30[,S,V,V,V,V,110.99,110.99
14/11/2024,05:45,[05:30-05:45[,S,V,V,V,V,110.99,110.99
14/11/2024,06:00,[05:45-06:00[,S,V,V,V,V,110.99,110.99
14/11/2024,06:15,[06:00-06:15[,S,V,V,V,V,125.28,125.28
14/11/2024,06:30,[06:15-06:30[,S,V,V,V,V,125.28,125.28
14/11/2024,06:45,[06:30-06:45[,S,V,V,V,V,125.28,125.28
14/11/2024,07:00,[06:45-07:00[,S,V,V,V,V,125.28,125.28
14/11/2024,07:15,[07:00-07:15[,S,V,F,V,C,134.11,134.11
14/11/2024,07:30,[07:15-07:30[,S,V,F,V,C,134.11,134.11
14/11/2024,07:45,[07:30-07:45[,S,V,F,V,C,134.11,134.11
14/11/2024,08:00,[07:45-08:00[,S,V,F,V,C,134.11,134.11
14/11/2024,08:15,[08:00-08:15[,S,F,F,C,C,125.80,125.80
14/11/2024,08:30,[08:15-08:30[,S,F,F,C,C,125.80,125.80
14/11/2024,08:45,[08:30-08:45[,S,F,F,C,C,125.80,125.80
14/11/2024,09:00,[08:45-09:00[,S,F,F,C,C,125.80,125.80
14/11/2024,09:15,[09:00-09:15[,S,F,F,P,C,121.71,121.71
14/11/2024,09:30,[09:15-09:30[,S,F,F,P,C,121.71,121.71
14/11/2024,09:45,[09:30-09:45[,S,F,F,P,P,121.71,121.71
14/11/2024,10:00,[09:45-10:00[,S,F,F,P,P,121.71,121.71
14/11/2024,10:15,[10:00-10:15[,S,F,F,P,P,120.76,120.76
14/11/2024,10:30,[10:15-10:30[,S,F,F,P,P,120.76,120.76
14/11/2024,10:45,[10:30-10:45[,S,F,F,C,P,120.76,120.76
14/11/2024,11:00,[10:45-11:00[,S,F,F,C,P,120.76,120.76
14/11/2024,11:15,[11:00-11:15[,S,F,F,C,P,119.80,119.80
14/11/2024,11:30,[11:15-11:30[,S,F,F,C,P,119.80,119.80
14/11/2024,11:45,[11:30-11:45[,S,F,F,C,P,119.80,119.80
14/11/2024,12:00,[11:45-12:00[,S,F,F,C,P,119.80,119.80
14/11/2024,12:15,[12:00-12:15[,S,F,F,C,C,120.76,120.76
14/11/2024,12:30,[12:15-12:30[,S,F,F,C,C,120.76,120.76
14/11/2024,12:45,[12:30-12:45[,S,F,F,C,C,120.76,120.76
14/11/2024,13:00,[12:45-13:00[,S,F,F,C,C,120.76,120.76
14/11/2024,13:15,[13:00-13:15[,S,F,F,C,C,122.54,122.54
14/11/2024,13:30,[13:15-13:30[,S,F,F,C,C,122.54,122.54
14/11/2024,13:45,[13:30-13:45[,S,F,F,C,C,122.54,122.54
14/11/2024,14:00,[13:45-14:00[,S,F,F,C,C,122.54,122.54
14/11/2024,14:15,[14:00-14:15[,S,F,F,C,C,126.04,126.04
14/11/2024,14:30,[14:15-14:30[,S,F,F,C,C,126.04,126.04
14/11/2024,14:45,[14:30-14:45[,S,F,F,C,C,126.04,126.04
14/11/2024,15:00,[14:45-15:00[,S,F,F,C,C,126.04,126.04
14/11/2024,15:15,[15:00-15:15[,S,F,F,C,C,133.12,133.12
14/11/2024,15:30,[15:15-15:30[,S,F,F,C,C,133.12,133.12
14/11/2024,15:45,[15:30-15:45[,S,F,F,C,C,133.12,133.12
14/11/2024,16:00,[15:45-16:00[,S,F,F,C,C,133.12,133.12
14/11/2024,16:15,[16:00-16:15[,S,F,F,C,C,136.23,136.23
14/11/2024,16:30,[16:15-16:30[,S,F,F,C,C,136.23,136.23
14/11/2024,16:45,[16:30-16:45[,S,F,F,C,C,136.23,136.23
14/11/2024,17:00,[16:45-17:00[,S,F,F,C,C,136.23,136.23
14/11/2024,17:15,[17:00-17:15[,S,F,F,C,C,146.26,146.26
14/11/2024,17:30,[17:15-17:30[,S,F,F,C,C,146.26,146.26
14/11/2024,17:45,[17:30-17:45[,S,F,F,C,C,146.26,146.26
14/11/2024,18:00,[17:45-18:00[,S,F,F,C,C,146.26,146.26
14/11/2024,18:15,[18:00-18:15[,S,F,F,P,C,151.63,151.63
14/11/2024,18:30,[18:15-18:30[,S,F,F,P,C,151.63,151.63
14/11/2024,18:45,[18:30-18:45[,S,F,F,P,P,151.63,151.63
14/11/2024,19:00,[18:45-19:00[,S,F,F,P,P,151.63,151.63
14/11/2024,19:15,[19:00-19:15[,S,F,F,P,P,140.10,140.10
14/11/2024,19:30,[19:15-19:30[,S,F,F,P,P,140.10,140.10
14/11/2024,19:45,[19:30-19:45[,S,F,F,P,P,140.10,140.10
14/11/2024,20:00,[19:45-20:00[,S,F,F,P,P,140.10,140.10
14/11/2024,20:15,[20:00-20:15[,S,F,F,P,P,129.81,129.81
14/11/2024,20:30,[20:15-20:30[,S,F,F,P,P,129.81,129.81
14/11/2024,20:45,[20:30-20:45[,S,F,F,C,P,129.81,129.81
14/11/2024,21:00,[20:45-21:00[,S,F,F,C,P,129.81,129.81
14/11/2024,21:15,[21:00-21:15[,S,F,F,C,C,123.28,123.28
14/11/2024,21:30,[21:15-21:30[,S,F,F,C,C,123.28,123.28
14/11/2024,21:45,[21:30-21:45[,S,F,F,C,C,123.28,123.28
14/11/2024,22:00,[21:45-22:00[,S,F,F,C,C,123.28,123.28
14/11/2024,22:15,[22:00-22:15[,S,V,F,V,C,112.91,112.91
14/11/2024,22:30,[22:15-22:30[,S,V,F,V,C,112.91,112.91
14/11/2024,22:45,[22:30-22:45[,S,V,F,V,C,112.91,112.91
14/11/2024,23:00,[22:45-23:00[,S,V,F,V,C,112.91,112.91
14/11/2024,23:15,[23:00-23:15[,S,V,F,V,C,111.60,111.60
14/11/2024,23:30,[23:15-23:30[,S,V,F,V,C,111.60,111.60
14/11/2024,23:45,[23:30-23:45[,S,V,F,V,C,111.60,111.60
14/11/2024,23:59,[23:45-00:00[,S,V,F,V,C,111.60,111.60
15/11/2024,00:15,[00:00-00:15[,S,V,V,V,V,107.31,107.31
15/11/2024,00:30,[00:15-00:30[,S,V,V,V,V,107.31,107.31
15/11/2024,00:45,[00:30-00:45[,S,V,V,V,V,107.31,107.31
15/11/2024,01:00,[00:45-01:00[,S,V,V,V,V,107.31,107.31
15/11/2024,01:15,[01:00-01:15[,S,V,V,V,V,107.43,107.43
15/11/2024,01:30,[01:15-01:30[,S,V,V,V,V,107.43,107.43
15/11/2024,01:45,[01:30-01:45[,S,V,V,V,V,107.43,107.43
15/11/2024,02:00,[01:45-02:00[,S,V,V,V,V,107.43,107.43
15/11/2024,02:15,[02:00-02:15[,S,V,V,V,V,104.05,104.05
15/11/2024,02:30,[02:15-02:30[,S,V,V,V,V,104.05,104.05
15/11/2024,02:45,[02:30-02:45[,S,V,V,V,V,104.05,104.05
15/11/2024,03:00,[02:45-03:00[,S,V,V,V,V,104.05,104.05
15/11/2024,03:15,[03:00-03:15[,S,V,V,V,V,104.81,104.81
15/11/2024,03:30,[03:15-03:30[,S,V,V,V,V,104.81,104.81
15/11/2024,03:45,[03:30-03:45[,S,V,V,V,V,104.81,104.81
15/11/2024,04:00,[03:45-04:00[,S,V,V,V,V,104.81,104.81
15/11/2024,04:15,[04:00-04:15[,S,V,V,V,V,109.55,109.55
15/11/2024,04:30,[04:15-04:30[,S,V,V,V,V,109.55,109.55
15/11/2024,04:45,[04:30-04:45[,S,V,V,V,V,109.55,109.55
15/11/2024,05:00,[04:45-05:00[,S,V,V,V,V,109.55,109.55
15/11/2024,05:15,[05:00-05:15[,S,V,V,V,V,130.98,130.98
15/11/2024,05:30,[05:15-05:30[,S,V,V,V,V,130.98,130.98
15/11/2024,05:45,[05:30-05:45[,S,V,V,V,V,130.98,130.98
15/11/2024,06:00,[05:45-06:00[,S,V,V,V,V,130.98,130.98
15/11/2024,06:15,[06:00-06:15[,S,V,V,V,V,141.66,141.66
15/11/2024,06:30,[06:15-06:30[,S,V,V,V,V,141.66,141.66
15/11/2024,06:45,[06:30-06:45[,S,V,V,V,V,141.66,141.66
15/11/2024,07:00,[06:45-07:00[,S,V,V,V,V,141.66,141.66
15/11/2024,07:15,[07:00-07:15[,S,V,F,V,C,147.22,147.22
15/11/2024,07:30,[07:15-07:30[,S,V,F,V,C,147.22,147.22
15/11/2024,07:45,[07:30-07:45[,S,V,F,V,C,147.22,147.22
15/11/2024,08:00,[07:45-08:00[,S,V,F,V,C,147.22,147.22
15/11/2024,08:15,[08:00-08:15[,S,F,F,C,C,138.36,138.36
15/11/2024,08:30,[08:15-08:30[,S,F,F,C,C,138.36,138.36
15/11/2024,08:45,[08:30-08:45[,S,F,F,C,C,138.36,138.36
15/11/2024,09:00,[08:45-09:00[,S,F,F,C,C,138.36,138.36
15/11/2024,09:15,[09:00-09:15[,S,F,F,P,C,131.25,131.25
15/11/2024,09:30,[09:15-09:30[,S,F,F,P,C,131.25,131.25
15/11/2024,09:45,[09:30-09:45[,S,F,F,P,P,131.25,131.25
15/11/2024,10:00,[09:45-10:00[,S,F,F,P,P,131.25,131.25
15/11/2024,10:15,[10:00-10:15[,S,F,F,P,P,125.60,125.60
15/11/2024,10:30,[10:15-10:30[,S,F,F,P,P,125.60,125.60
15/11/2024,10:45,[10:30-10:45[,S,F,F,C,P,125.60,125.60
15/11/2024,11:00,[10:45-11:00[,S,F,F,C,P,125.60,125.60
15/11/2024,11:15,[11:00-11:15[,S,F,F,C,P,120.47,120.47
15/11/2024,11:30,[11:15-11:30[,S,F,F,C,P,120.47,120.47
15/11/2024,11:45,[11:30-11:45[,S,F,F,C,P,120.47,120.47
15/11/2024,12:00,[11:45-12:00[,S,F,F,C,P,120.47,120.47
15/11/2024,12:15,[12:00-12:15[,S,F,F,C,C,119.54,119.54
15/11/2024,12:30,[12:15-12:30[,S,F,F,C,C,119.54,119.54
15/11/2024,12:45,[12:30-12:45[,S,F,F,C,C,119.54,119.54
15/11/2024,13:00,[12:45-13:00[,S,F,F,C,C,119.54,119.54
15/11/2024,13:15,[13:00-13:15[,S,F,F,C,C,120.00,120.00
15/11/2024,13:30,[13:15-13:30[,S,F,F,C,C,120.00,120.00
15/11/2024,13:45,[13:30-13:45[,S,F,F,C,C,120.00,120.00
15/11/2024,14:00,[13:45-14:00[,S,F,F,C,C,120.00,120.00
15/11/2024,14:15,[14:00-14:15[,S,F,F,C,C,119.55,119.55
15/11/2024,14:30,[14:15-14:30[,S,F,F,C,C,119.55,119.55
15/11/2024,14:45,[14:30-14:45[,S,F,F,C,C,119.55,119.55
15/11/2024,15:00,[14:45-15:00[,S,F,F,C,C,119.55,119.55
15/11/2024,15:15,[15:00-15:15[,S,F,F,C,C,128.70,128.70
15/11/2024,15:30,[15:15-15:30[,S,F,F,C,C,128.70,128.70
15/11/2024,15:45,[15:30-15:45[,S,F,F,C,C,128.70,128.70
15/11/2024,16:00,[15:45-16:00[,S,F,F,C,C,128.70,128.70
15/11/2024,16:15,[16:00-16:15[,S,F,F,C,C,139.68,139.68
15/11/2024,16:30,[16:15-16:30[,S,F,F,C,C,139.68,139.68
15/11/2024,16:45,[16:30-16:45[,S,F,F,C,C,139.68,139.68
15/11/2024,17:00,[16:45-17:00[,S,F,F,C,C,139.68,139.68
15/11/2024,17:15,[17:00-17:15[,S,F,F,C,C,138.66,138.66
15/11/2024,17:30,[17:15-17:30[,S,F,F,C,C,138.66,138.66
15/11/2024,17:45,[17:30-17:45[,S,F,F,C,C,138.66,138.66
15/11/2024,18:00,[17:45-18:00[,S,F,F,C,C,138.66,138.66
15/11/2024,18:15,[18:00-18:15[,S,F,F,P,C,134.05,134.05
15/11/2024,18:30,[18:15-18:30[,S,F,F,P,C,134.05,134.05
15/11/2024,18:45,[18:30-18:45[,S,F,F,P,P,134.05,134.05
15/11/2024,19:00,[18:45-19:00[,S,F,F,P,P,134.05,134.05
15/11/2024,19:15,[19:00-19:15[,S,F,F,P,P,133.85,133.85
15/11/2024,19:30,[19:15-19:30[,S,F,F,P,P,133.85,133.85
15/11/2024,19:45,[19:30-19:45[,S,F,F,P,P,133.85,133.85
15/11/2024,20:00,[19:45-20:00[,S,F,F,P,P,133.85,133.85
15/11/2024,20:15,[20:00-20:15[,S,F,F,P,P,134.19,134.19
15/11/2024,20:30,[20:15-20:30[,S,F,F,P,P,134.19,134.19
15/11/2024,20:45,[20:30-20:45[,S,F,F,C,P,134.19,134.19
15/11/2024,21:00,[20:45-21:00[,S,F,F,C,P,134.19,134.19
15/11/2024,21:15,[21:00-21:15[,S,F,F,C,C,126.69,126.69
15/11/2024,21:30,[21:15-21:30[,S,F,F,C,C,126.69,126.69
15/11/2024,21:45,[21:30-21:45[,S,F,F,C,C,126.69,126.69
15/11/2024,22:00,[21:45-22:00[,S,F,F,C,C,126.69,126.69
15/11/2024,22:15,[22:00-22:15[,S,V,F,V,C,114.08,114.08
15/11/2024,22:30,[22:15-22:30[,S,V,F,V,C,114.08,114.08
15/11/2024,22:45,[22:30-22:45[,S,V,F,V,C,114.08,114.08
15/11/2024,23:00,[22:45-23:00[,S,V,F,V,C,114.08,114.08
15/11/2024,23:15,[23:00-23:15[,S,V,F,V,C,104.59,104.59
15/11/2024,23:30,[23:15-23:30[,S,V,F,V,C,104.59,104.59
15/11/2024,23:45,[23:30-23:45[,S,V,F,V,C,104.59,104.59
15/11/2024,23:59,[23:45-00:00[,S,V,F,V,C,104.59,104.59
16/11/2024,00:15,[00:00-00:15[,S,V,V,V,V,99.00,99.00
16/11/2024,00:30,[00:15-00:30[,S,V,V,V,V,99.00,99.00
16/11/2024,00:45,[00:30-00:45[,S,V,V,V,V,99.00,99.00
16/11/2024,01:00,[00:45-01:00[,S,V,V,V,V,99.00,99.00
16/11/2024,01:15,[01:00-01:15[,S,V,V,V,V,94.50,94.50
16/11/2024,01:30,[01:15-01:30[,S,V,V,V,V,94.50,94.50
16/11/2024,01:45,[01:30-01:45[,S,V,V,V,V,94.50,94.50
16/11/2024,02:00,[01:45-02:00[,S,V,V,V,V,94.50,94.50
16/11/2024,02:15,[02:00-02:15[,S,V,V,V,V,92.28,92.28
16/11/2024,02:30,[02:15-02:30[,S,V,V,V,V,92.28,92.28
16/11/2024,02:45,[02:30-02:45[,S,V,V,V,V,92.28,92.28
16/11/2024,03:00,[02:45-03:00[,S,V,V,V,V,92.28,92.28
16/11/2024,03:15,[03:00-03:15[,S,V,V,V,V,92.37,92.37
16/11/2024,03:30,[03:15-03:30[,S,V,V,V,V,92.37,92.37
16/11/2024,03:45,[03:30-03:45[,S,V,V,V,V,92.37,92.37
16/11/2024,04:00,[03:45-04:00[,S,V,V,V,V,92.37,92.37
16/11/2024,04:15,[04:00-04:15[,S,V,V,V,V,91.98,91.98
16/11/2024,04:30,[04:15-04:30[,S,V,V,V,V,91.98,91.98
16/11/2024,04:45,[04:30-04:45[,S,V,V,V,V,91.98,91.98
16/11/2024,05:00,[04:45-05:00[,S,V,V,V,V,91.98,91.98
16/11/2024,05:15,[05:00-05:15[,S,V,V,V,V,93.99,93.99
16/11/2024,05:30,[05:15-05:30[,S,V,V,V,V,93.99,93.99
16/11/2024,05:45,[05:30-05:45[,S,V,V,V,V,93.99,93.99
16/11/2024,06:00,[05:45-06:00[,S,V,V,V,V,93.99,93.99
16/11/2024,06:15,[06:00-06:15[,S,V,V,V,V,104.52,104.52
16/11/2024,06:30,[06:15-06:30[,S,V,V,V,V,104.52,104.52
16/11/2024,06:45,[06:30-06:45[,S,V,V,V,V,104.52,104.52
16/11/2024,07:00,[06:45-07:00[,S,V,V,V,V,104.52,104.52
16/11/2024,07:15,[07:00-07:15[,S,V,V,V,V,114.32,114.32
16/11/2024,07:30,[07:15-07:30[,S,V,V,V,V,114.32,114.32
16/11/2024,07:45,[07:30-07:45[,S,V,V,V,V,114.32,114.32
16/11/2024,08:00,[07:45-08:00[,S,V,V,V,V,114.32,114.32
16/11/2024,08:15,[08:00-08:15[,S,F,V,C,V,116.00,116.00
16/11/2024,08:30,[08:15-08:30[,S,F,V,C,V,116.00,116.00
16/11/2024,08:45,[08:30-08:45[,S,F,V,C,V,116.00,116.00
16/11/2024,09:00,[08:45-09:00[,S,F,V,C,V,116.00,116.00
16/11/2024,09:15,[09:00-09:15[,S,F,V,P,V,112.20,112.20
16/11/2024,09:30,[09:15-09:30[,S,F,V,P,V,112.20,112.20
16/11/2024,09:45,[09:30-09:45[,S,F,F,P,C,112.20,112.20
16/11/2024,10:00,[09:45-10:00[,S,F,F,P,C,112.20,112.20
16/11/2024,10:15,[10:00-10:15[,S,F,F,P,C,104.00,104.00
16/11/2024,10:30,[10:15-10:30[,S,F,F,P,C,104.00,104.00
16/11/2024,10:45,[10:30-10:45[,S,F,F,C,C,104.00,104.00
16/11/2024,11:00,[10:45-11:00[,S,F,F,C,C,104.00,104.00
16/11/2024,11:15,[11:00-11:15[,S,F,F,C,C,101.49,101.49
16/11/2024,11:30,[11:15-11:30[,S,F,F,C,C,101.49,101.49
16/11/2024,11:45,[11:30-11:45[,S,F,F,C,C,101.49,101.49
16/11/2024,12:00,[11:45-12:00[,S,F,F,C,C,101.49,101.49
16/11/2024,12:15,[12:00-12:15[,S,F,F,C,C,99.54,99.54
16/11/2024,12:30,[12:15-12:30[,S,F,F,C,C,99.54,99.54
16/11/2024,12:45,[12:30-12:45[,S,F,F,C,C,99.54,99.54
16/11/2024,13:00,[12:45-13:00[,S,F,F,C,C,99.54,99.54
16/11/2024,13:15,[13:00-13:15[,S,F,V,C,V,101.51,101.51
16/11/2024,13:30,[13:15-13:30[,S,F,V,C,V,101.51,101.51
16/11/2024,13:45,[13:30-13:45[,S,F,V,C,V,101.51,101.51
16/11/2024,14:00,[13:45-14:00[,S,F,V,C,V,101.51,101.51
16/11/2024,14:15,[14:00-14:15[,S,F,V,C,V,109.05,109.05
16/11/2024,14:30,[14:15-14:30[,S,F,V,C,V,109.05,109.05
16/11/2024,14:45,[14:30-14:45[,S,F,V,C,V,109.05,109.05
16/11/2024,15:00,[14:45-15:00[,S,F,V,C,V,109.05,109.05
16/11/2024,15:15,[15:00-15:15[,S,F,V,C,V,120.64,120.64
16/11/2024,15:30,[15:15-15:30[,S,F,V,C,V,120.64,120.64
16/11/2024,15:45,[15:30-15:45[,S,F,V,C,V,120.64,120.64
16/11/2024,16:00,[15:45-16:00[,S,F,V,C,V,120.64,120.64
16/11/2024,16:15,[16:00-16:15[,S,F,V,C,V,131.22,131.22
16/11/2024,16:30,[16:15-16:30[,S,F,V,C,V,131.22,131.22
16/11/2024,16:45,[16:30-16:45[,S,F,V,C,V,131.22,131.22
16/11/2024,17:00,[16:45-17:00[,S,F,V,C,V,131.22,131.22
16/11/2024,17:15,[17:00-17:15[,S,F,V,C,V,134.00,134.00
16/11/2024,17:30,[17:15-17:30[,S,F,V,C,V,134.00,134.00
16/11/2024,17:45,[17:30-17:45[,S,F,V,C,V,134.00,134.00
16/11/2024,18:00,[17:45-18:00[,S,F,V,C,V,134.00,134.00
16/11/2024,18:15,[18:00-18:15[,S,F,V,P,V,135.74,135.74
16/11/2024,18:30,[18:15-18:30[,S,F,V,P,V,135.74,135.74
16/11/2024,18:45,[18:30-18:45[,S,F,F,P,C,135.74,135.74
16/11/2024,19:00,[18:45-19:00[,S,F,F,P,C,135.74,135.74
16/11/2024,19:15,[19:00-19:15[,S,F,F,P,C,138.20,138.20
16/11/2024,19:30,[19:15-19:30[,S,F,F,P,C,138.20,138.20
16/11/2024,19:45,[19:30-19:45[,S,F,F,P,C,138.20,138.20
16/11/2024,20:00,[19:45-20:00[,S,F,F,P,C,138.20,138.20
16/11/2024,20:15,[20:00-20:15[,S,F,F,P,C,139.00,139.00
16/11/2024,20:30,[20:15-20:30[,S,F,F,P,C,139.00,139.00
16/11/2024,20:45,[20:30-20:45[,S,F,F,C,C,139.00,139.00
16/11/2024,21:00,[20:45-21:00[,S,F,F,C,C,139.00,139.00
16/11/2024,21:15,[21:00-21:15[,S,F,F,C,C,131.79,131.79
16/11/2024,21:30,[21:15-21:30[,S,F,F,C,C,131.79,131.79
16/11/2024,21:45,[21:30-21:45[,S,F,F,C,C,131.79,131.79
16/11/2024,22:00,[21:45-22:00[,S,F,F,C,C,131.79,131.79
16/11/2024,22:15,[22:00-22:15[,S,V,V,V,V,130.00,130.00
16/11/2024,22:30,[22:15-22:30[,S,V,V,V,V,130.00,130.00
16/11/2024,22:45,[22:30-22:45[,S,V,V,V,V,130.00,130.00
16/11/2024,23:00,[22:45-23:00[,S,V,V,V,V,130.00,130.00
16/11/2024,23:15,[23:00-23:15[,S,V,V,V,V,129.34,129.34
16/11/2024,23:30,[23:15-23:30[,S,V,V,V,V,129.34,129.34
16/11/2024,23:45,[23:30-23:45[,S,V,V,V,V,129.34,129.34
16/11/2024,23:59,[23:45-00:00[,S,V,V,V,V,129.34,129.34
17/11/2024,00:15,[00:00-00:15[,S,V,V,V,V,117.74,117.74
17/11/2024,00:30,[00:15-00:30[,S,V,V,V,V,117.74,117.74
17/11/2024,00:45,[00:30-00:45[,S,V,V,V,V,117.74,117.74
17/11/2024,01:00,[00:45-01:00[,S,V,V,V,V,117.74,117.74
17/11/2024,01:15,[01:00-01:15[,S,V,V,V,V,108.06,108.06
17/11/2024,01:30,[01:15-01:30[,S,V,V,V,V,108.06,108.06
17/11/2024,01:45,[01:30-01:45[,S,V,V,V,V,108.06,108.06
17/11/2024,02:00,[01:45-02:00[,S,V,V,V,V,108.06,108.06
17/11/2024,02:15,[02:00-02:15[,S,V,V,V,V,107.74,107.74
17/11/2024,02:30,[02:15-02:30[,S,V,V,V,V,107.74,107.74
17/11/2024,02:45,[02:30-02:45[,S,V,V,V,V,107.74,107.74
17/11/2024,03:00,[02:45-03:00[,S,V,V,V,V,107.74,107.74
17/11/2024,03:15,[03:00-03:15[,S,V,V,V,V,100.00,100.00
17/11/2024,03:30,[03:15-03:30[,S,V,V,V,V,100.00,100.00
17/11/2024,03:45,[03:30-03:45[,S,V,V,V,V,100.00,100.00
17/11/2024,04:00,[03:45-04:00[,S,V,V,V,V,100.00,100.00
17/11/2024,04:15,[04:00-04:15[,S,V,V,V,V,103.00,103.00
17/11/2024,04:30,[04:15-04:30[,S,V,V,V,V,103.00,103.00
17/11/2024,04:45,[04:30-04:45[,S,V,V,V,V,103.00,103.00
17/11/2024,05:00,[04:45-05:00[,S,V,V,V,V,103.00,103.00
17/11/2024,05:15,[05:00-05:15[,S,V,V,V,V,97.31,97.31
17/11/2024,05:30,[05:15-05:30[,S,V,V,V,V,97.31,97.31
17/11/2024,05:45,[05:30-05:45[,S,V,V,V,V,97.31,97.31
17/11/2024,06:00,[05:45-06:00[,S,V,V,V,V,97.31,97.31
17/11/2024,06:15,[06:00-06:15[,S,V,V,V,V,107.74,107.74
17/11/2024,06:30,[06:15-06:30[,S,V,V,V,V,107.74,107.74
17/11/2024,06:45,[06:30-06:45[,S,V,V,V,V,107.74,107.74
17/11/2024,07:00,[06:45-07:00[,S,V,V,V,V,107.74,107.74
17/11/2024,07:15,[07:00-07:15[,S,V,V,V,V,105.00,105.00
17/11/2024,07:30,[07:15-07:30[,S,V,V,V,V,105.00,105.00
17/11/2024,07:45,[07:30-07:45[,S,V,V,V,V,105.00,105.00
17/11/2024,08:00,[07:45-08:00[,S,V,V,V,V,105.00,105.00
17/11/2024,08:15,[08:00-08:15[,S,F,V,C,V,95.98,95.98
17/11/2024,08:30,[08:15-08:30[,S,F,V,C,V,95.98,95.98
17/11/2024,08:45,[08:30-08:45[,S,F,V,C,V,95.98,95.98
17/11/2024,09:00,[08:45-09:00[,S,F,V,C,V,95.98,95.98
17/11/2024,09:15,[09:00-09:15[,S,F,V,P,V,87.79,87.79
17/11/2024,09:30,[09:15-09:30[,S,F,V,P,V,87.79,87.79
17/11/2024,09:45,[09:30-09:45[,S,F,V,P,V,87.79,87.79
17/11/2024,10:00,[09:45-10:00[,S,F,V,P,V,87.79,87.79
17/11/2024,10:15,[10:00-10:15[,S,F,V,P,V,89.09,89.09
17/11/2024,10:30,[10:15-10:30[,S,F,V,P,V,89.09,89.09
17/11/2024,10:45,[10:30-10:45[,S,F,V,C,V,89.09,89.09
17/11/2024,11:00,[10:45-11:00[,S,F,V,C,V,89.09,89.09
17/11/2024,11:15,[11:00-11:15[,S,F,V,C,V,92.68,92.68
17/11/2024,11:30,[11:15-11:30[,S,F,V,C,V,92.68,92.68
17/11/2024,11:45,[11:30-11:45[,S,F,V,C,V,92.68,92.68
17/11/2024,12:00,[11:45-12:00[,S,F,V,C,V,92.68,92.68
17/11/2024,12:15,[12:00-12:15[,S,F,V,C,V,87.79,87.79
17/11/2024,12:30,[12:15-12:30[,S,F,V,C,V,87.79,87.79
17/11/2024,12:45,[12:30-12:45[,S,F,V,C,V,87.79,87.79
17/11/2024,13:00,[12:45-13:00[,S,F,V,C,V,87.79,87.79
17/11/2024,13:15,[13:00-13:15[,S,F,V,C,V,92.73,92.73
17/11/2024,13:30,[13:15-13:30[,S,F,V,C,V,92.73,92.73
17/11/2024,13:45,[13:30-13:45[,S,F,V,C,V,92.73,92.73
17/11/2024,14:00,[13:45-14:00[,S,F,V,C,V,92.73,92.73
17/11/2024,14:15,[14:00-14:15[,S,F,V,C,V,96.11,96.11
17/11/2024,14:30,[14:15-14:30[,S,F,V,C,V,96.11,96.11
17/11/2024,14:45,[14:30-14:45[,S,F,V,C,V,96.11,96.11
17/11/2024,15:00,[14:45-15:00[,S,F,V,C,V,96.11,96.11
17/11/2024,15:15,[15:00-15:15[,S,F,V,C,V,109.90,109.90
17/11/2024,15:30,[15:15-15:30[,S,F,V,C,V,109.90,109.90
17/11/2024,15:45,[15:30-15:45[,S,F,V,C,V,109.90,109.90
17/11/2024,16:00,[15:45-16:00[,S,F,V,C,V,109.90,109.90
17/11/2024,16:15,[16:00-16:15[,S,F,V,C,V,135.01,135.01
17/11/2024,16:30,[16:15-16:30[,S,F,V,C,V,135.01,135.01
17/11/2024,16:45,[16:30-16:45[,S,F,V,C,V,135.01,135.01
17/11/2024,17:00,[16:45-17:00[,S,F,V,C,V,135.01,135.01
17/11/2024,17:15,[17:00-17:15[,S,F,V,C,V,140.30,140.30
17/11/2024,17:30,[17:15-17:30[,S,F,V,C,V,140.30,140.30
17/11/2024,17:45,[17:30-17:45[,S,F,V,C,V,140.30,140.30
17/11/2024,18:00,[17:45-18:00[,S,F,V,C,V,140.30,140.30
17/11/2024,18:15,[18:00-18:15[,S,F,V,P,V,145.43,145.43
17/11/2024,18:30,[18:15-18:30[,S,F,V,P,V,145.43,145.43
17/11/2024,18:45,[18:30-18:45[,S,F,V,P,V,145.43,145.43
17/11/2024,19:00,[18:45-19:00[,S,F,V,P,V,145.43,145.43
17/11/2024,19:15,[19:00-19:15[,S,F,V,P,V,150.00,150.00
17/11/2024,19:30,[19:15-19:30[,S,F,V,P,V,150.00,150.00
17/11/2024,19:45,[19:30-19:45[,S,F,V,P,V,150.00,150.00
17/11/2024,20:00,[19:45-20:00[,S,F,V,P,V,150.00,150.00
17/11/2024,20:15,[20:00-20:15[,S,F,V,P,V,154.43,154.43
17/11/2024,20:30,[20:15-20:30[,S,F,V,P,V,154.43,154.43
17/11/2024,20:45,[20:30-20:45[,S,F,V,C,V,154.43,154.43
17/11/2024,21:00,[20:45-21:00[,S,F,V,C,V,154.43,154.43
17/11/2024,21:15,[21:00-21:15[,S,F,V,C,V,144.14,144.14
17/11/2024,21:30,[21:15-21:30[,S,F,V,C,V,144.14,144.14
17/11/2024,21:45,[21:30-21:45[,S,F,V,C,V,144.14,144.14
17/11/2024,22:00,[21:45-22:00[,S,F,V,C,V,144.14,144.14
17/11/2024,22:15,[22:00-22:15[,S,V,V,V,V,139.20,139.20
17/11/2024,22:30,[22:15-22:30[,S,V,V,V,V,139.20,139.20
17/11/2024,22:45,[22:30-22:45[,S,V,V,V,V,139.20,139.20
17/11/2024,23:00,[22:45-23:00[,S,V,V,V,V,139.20,139.20
17/11/2024,23:15,[23:00-23:15[,S,V,V,V,V,133.98,133.98
17/11/2024,23:30,[23:15-23:30[,S,V,V,V,V,133.98,133.98
17/11/2024,23:45,[23:30-23:45[,S,V,V,V,V,133.98,133.98
17/11/2024,23:59,[23:45-00:00[,S,V,V,V,V,133.98,133.98
18/11/2024,00:15,[00:00-00:15[,S,V,V,V,V,126.61,126.61
18/11/2024,00:30,[00:15-00:30[,S,V,V,V,V,126.61,126.61
18/11/2024,00:45,[00:30-00:45[,S,V,V,V,V,126.61,126.61
18/11/2024,01:00,[00:45-01:00[,S,V,V,V,V,126.61,126.61
18/11/2024,01:15,[01:00-01:15[,S,V,V,V,V,117.33,117.33
18/11/2024,01:30,[01:15-01:30[,S,V,V,V,V,117.33,117.33
18/11/2024,01:45,[01:30-01:45[,S,V,V,V,V,117.33,117.33
18/11/2024,02:00,[01:45-02:00[,S,V,V,V,V,117.33,117.33
18/11/2024,02:15,[02:00-02:15[,S,V,V,V,V,122.03,122.03
18/11/2024,02:30,[02:15-02:30[,S,V,V,V,V,122.03,122.03
18/11/2024,02:45,[02:30-02:45[,S,V,V,V,V,122.03,122.03
18/11/2024,03:00,[02:45-03:00[,S,V,V,V,V,122.03,122.03
18/11/2024,03:15,[03:00-03:15[,S,V,V,V,V,125.00,125.00
18/11/2024,03:30,[03:15-03:30[,S,V,V,V,V,125.00,125.00
18/11/2024,03:45,[03:30-03:45[,S,V,V,V,V,125.00,125.00
18/11/2024,04:00,[03:45-04:00[,S,V,V,V,V,125.00,125.00
18/11/2024,04:15,[04:00-04:15[,S,V,V,V,V,126.46,126.46
18/11/2024,04:30,[04:15-04:30[,S,V,V,V,V,126.46,126.46
18/11/2024,04:45,[04:30-04:45[,S,V,V,V,V,126.46,126.46
18/11/2024,05:00,[04:45-05:00[,S,V,V,V,V,126.46,126.46
18/11/2024,05:15,[05:00-05:15[,S,V,V,V,V,139.43,139.43
18/11/2024,05:30,[05:15-05:30[,S,V,V,V,V,139.43,139.43
18/11/2024,05:45,[05:30-05:45[,S,V,V,V,V,139.43,139.43
18/11/2024,06:00,[05:45-06:00[,S,V,V,V,V,139.43,139.43
18/11/2024,06:15,[06:00-06:15[,S,V,V,V,V,143.41,143.41
18/11/2024,06:30,[06:15-06:30[,S,V,V,V,V,143.41,143.41
18/11/2024,06:45,[06:30-06:45[,S,V,V,V,V,143.41,143.41
18/11/2024,07:00,[06:45-07:00[,S,V,V,V,V,143.41,143.41
18/11/2024,07:15,[07:00-07:15[,S,V,F,V,C,150.80,150.80
18/11/2024,07:30,[07:15-07:30[,S,V,F,V,C,150.80,150.80
18/11/2024,07:45,[07:30-07:45[,S,V,F,V,C,150.80,150.80
18/11/2024,08:00,[07:45-08:00[,S,V,F,V,C,150.80,150.80
18/11/2024,08:15,[08:00-08:15[,S,F,F,C,C,140.22,140.22
18/11/2024,08:30,[08:15-08:30[,S,F,F,C,C,140.22,140.22
18/11/2024,08:45,[08:30-08:45[,S,F,F,C,C,140.22,140.22
18/11/2024,09:00,[08:45-09:00[,S,F,F,C,C,140.22,140.22
18/11/2024,09:15,[09:00-09:15[,S,F,F,P,C,130.28,130.28
18/11/2024,09:30,[09:15-09:30[,S,F,F,P,C,130.28,130.28
18/11/2024,09:45,[09:30-09:45[,S,F,F,P,P,130.28,130.28
18/11/2024,10:00,[09:45-10:00[,S,F,F,P,P,130.28,130.28
18/11/2024,10:15,[10:00-10:15[,S,F,F,P,P,126.31,126.31
18/11/2024,10:30,[10:15-10:30[,S,F,F,P,P,126.31,126.31
18/11/2024,10:45,[10:30-10:45[,S,F,F,C,P,126.31,126.31
18/11/2024,11:00,[10:45-11:00[,S,F,F,C,P,126.31,126.31
18/11/2024,11:15,[11:00-11:15[,S,F,F,C,P,117.27,117.27
18/11/2024,11:30,[11:15-11:30[,S,F,F,C,P,117.27,117.27
18/11/2024,11:45,[11:30-11:45[,S,F,F,C,P,117.27,117.27
18/11/2024,12:00,[11:45-12:00[,S,F,F,C,P,117.27,117.27
18/11/2024,12:15,[12:00-12:15[,S,F,F,C,C,117.33,117.33
18/11/2024,12:30,[12:15-12:30[,S,F,F,C,C,117.33,117.33
18/11/2024,12:45,[12:30-12:45[,S,F,F,C,C,117.33,117.33
18/11/2024,13:00,[12:45-13:00[,S,F,F,C,C,117.33,117.33
18/11/2024,13:15,[13:00-13:15[,S,F,F,C,C,122.90,122.90
18/11/2024,13:30,[13:15-13:30[,S,F,F,C,C,122.90,122.90
18/11/2024,13:45,[13:30-13:45[,S,F,F,C,C,122.90,122.90
18/11/2024,14:00,[13:45-14:00[,S,F,F,C,C,122.90,122.90
18/11/2024,14:15,[14:00-14:15[,S,F,F,C,C,130.98,130.98
18/11/2024,14:30,[14:15-14:30[,S,F,F,C,C,130.98,130.98
18/11/2024,14:45,[14:30-14:45[,S,F,F,C,C,130.98,130.98
18/11/2024,15:00,[14:45-15:00[,S,F,F,C,C,130.98,130.98
18/11/2024,15:15,[15:00-15:15[,S,F,F,C,C,139.98,139.98
18/11/2024,15:30,[15:15-15:30[,S,F,F,C,C,139.98,139.98
18/11/2024,15:45,[15:30-15:45[,S,F,F,C,C,139.98,139.98
18/11/2024,16:00,[15:45-16:00[,S,F,F,C,C,139.98,139.98
18/11/2024,16:15,[16:00-16:15[,S,F,F,C,C,154.69,154.69
18/11/2024,16:30,[16:15-16:30[,S,F,F,C,C,154.69,154.69
18/11/2024,16:45,[16:30-16:45[,S,F,F,C,C,154.69,154.69
18/11/2024,17:00,[16:45-17:00[,S,F,F,C,C,154.69,154.69
18/11/2024,17:15,[17:00-17:15[,S,F,F,C,C,168.20,168.20
18/11/2024,17:30,[17:15-17:30[,S,F,F,C,C,168.20,168.20
18/11/2024,17:45,[17:30-17:45[,S,F,F,C,C,168.20,168.20
18/11/2024,18:00,[17:45-18:00[,S,F,F,C,C,168.20,168.20
18/11/2024,18:15,[18:00-18:15[,S,F,F,P,C,158.96,158.96
18/11/2024,18:30,[18:15-18:30[,S,F,F,P,C,158.96,158.96
18/11/2024,18:45,[18:30-18:45[,S,F,F,P,P,158.96,158.96
18/11/2024,19:00,[18:45-19:00[,S,F,F,P,P,158.96,158.96
18/11/2024,19:15,[19:00-19:15[,S,F,F,P,P,159.38,159.38
18/11/2024,19:30,[19:15-19:30[,S,F,F,P,P,159.38,159.38
18/11/2024,19:45,[19:30-19:45[,S,F,F,P,P,159.38,159.38
18/11/2024,20:00,[19:45-20:00[,S,F,F,P,P,159.38,159.38
18/11/2024,20:15,[20:00-20:15[,S,F,F,P,P,147.24,147.24
18/11/2024,20:30,[20:15-20:30[,S,F,F,P,P,147.24,147.24
18/11/2024,20:45,[20:30-20:45[,S,F,F,C,P,147.24,147.24
18/11/2024,21:00,[20:45-21:00[,S,F,F,C,P,147.24,147.24
18/11/2024,21:15,[21:00-21:15[,S,F,F,C,C,139.98,139.98
18/11/2024,21:30,[21:15-21:30[,S,F,F,C,C,139.98,139.98
18/11/2024,21:45,[21:30-21:45[,S,F,F,C,C,139.98,139.98
18/11/2024,22:00,[21:45-22:00[,S,F,F,C,C,139.98,139.98
18/11/2024,22:15,[22:00-22:15[,S,V,F,V,C,134.22,134.22
18/11/2024,22:30,[22:15-22:30[,S,V,F,V,C,134.22,134.22
18/11/2024,22:45,[22:30-22:45[,S,V,F,V,C,134.22,134.22
18/11/2024,23:00,[22:45-23:00[,S,V,F,V,C,134.22,134.22
18/11/2024,23:15,[23:00-23:15[,S,V,F,V,C,139.31,139.31
18/11/2024,23:30,[23:15-23:30[,S,V,F,V,C,139.31,139.31
18/11/2024,23:45,[23:30-23:45[,S,V,F,V,C,139.31,139.31
18/11/2024,23:59,[23:45-00:00[,S,V,F,V,C,139.31,139.31
19/11/2024,00:15,[00:00-00:15[,S,V,V,V,V,135.01,135.01
19/11/2024,00:30,[00:15-00:30[,S,V,V,V,V,135.01,135.01
19/11/2024,00:45,[00:30-00:45[,S,V,V,V,V,135.01,135.01
19/11/2024,01:00,[00:45-01:00[,S,V,V,V,V,135.01,135.01
19/11/2024,01:15,[01:00-01:15[,S,V,V,V,V,133.50,133.50
19/11/2024,01:30,[01:15-01:30[,S,V,V,V,V,133.50,133.50
19/11/2024,01:45,[01:30-01:45[,S,V,V,V,V,133.50,133.50
19/11/2024,02:00,[01:45-02:00[,S,V,V,V,V,133.50,133.50
19/11/2024,02:15,[02:00-02:15[,S,V,V,V,V,132.62,132.62
19/11/2024,02:30,[02:15-02:30[,S,V,V,V,V,132.62,132.62
19/11/2024,02:45,[02:30-02:45[,S,V,V,V,V,132.62,132.62
19/11/2024,03:00,[02:45-03:00[,S,V,V,V,V,132.62,132.62
19/11/2024,03:15,[03:00-03:15[,S,V,V,V,V,125.33,125.33
19/11/2024,03:30,[03:15-03:30[,S,V,V,V,V,125.33,125.33
19/11/2024,03:45,[03:30-03:45[,S,V,V,V,V,125.33,125.33
19/11/2024,04:00,[03:45-04:00[,S,V,V,V,V,125.33,125.33
19/11/2024,04:15,[04:00-04:15[,S,V,V,V,V,125.48,125.48
19/11/2024,04:30,[04:15-04:30[,S,V,V,V,V,125.48,125.48
19/11/2024,04:45,[04:30-04:45[,S,V,V,V,V,125.48,125.48
19/11/2024,05:00,[04:45-05:00[,S,V,V,V,V,125.48,125.48
19/11/2024,05:15,[05:00-05:15[,S,V,V,V,V,136.00,136.00
19/11/2024,05:30,[05:15-05:30[,S,V,V,V,V,136.00,136.00
19/11/2024,05:45,[05:30-05:45[,S,V,V,V,V,136.00,136.00
19/11/2024,06:00,[05:45-06:00[,S,V,V,V,V,136.00,136.00
19/11/2024,06:15,[06:00-06:15[,S,V,V,V,V,142.36,142.36
19/11/2024,06:30,[06:15-06:30[,S,V,V,V,V,142.36,142.36
19/11/2024,06:45,[06:30-06:45[,S,V,V,V,V,142.36,142.36
19/11/2024,07:00,[06:45-07:00[,S,V,V,V,V,142.36,142.36
19/11/2024,07:15,[07:00-07:15[,S,V,F,V,C,145.61,145.61
19/11/2024,07:30,[07:15-07:30[,S,V,F,V,C,145.61,145.61
19/11/2024,07:45,[07:30-07:45[,S,V,F,V,C,145.61,145.61
19/11/2024,08:00,[07:45-08:00[,S,V,F,V,C,145.61,145.61
19/11/2024,08:15,[08:00-08:15[,S,F,F,C,C,139.31,139.31
19/11/2024,08:30,[08:15-08:30[,S,F,F,C,C,139.31,139.31
19/11/2024,08:45,[08:30-08:45[,S,F,F,C,C,139.31,139.31
19/11/2024,09:00,[08:45-09:00[,S,F,F,C,C,139.31,139.31
19/11/2024,09:15,[09:00-09:15[,S,F,F,P,C,139.33,139.33
19/11/2024,09:30,[09:15-09:30[,S,F,F,P,C,139.33,139.33
19/11/2024,09:45,[09:30-09:45[,S,F,F,P,P,139.33,139.33
19/11/2024,10:00,[09:45-10:00[,S,F,F,P,P,139.33,139.33
19/11/2024,10:15,[10:00-10:15[,S,F,F,P,P,139.00,139.00
19/11/2024,10:30,[10:15-10:30[,S,F,F,P,P,139.00,139.00
19/11/2024,10:45,[10:30-10:45[,S,F,F,C,P,139.00,139.00
19/11/2024,11:00,[10:45-11:00[,S,F,F,C,P,139.00,139.00
19/11/2024,11:15,[11:00-11:15[,S,F,F,C,P,130.53,130.53
19/11/2024,11:30,[11:15-11:30[,S,F,F,C,P,130.53,130.53
19/11/2024,11:45,[11:30-11:45[,S,F,F,C,P,130.53,130.53
19/11/2024,12:00,[11:45-12:00[,S,F,F,C,P,130.53,130.53
19/11/2024,12:15,[12:00-12:15[,S,F,F,C,C,108.50,108.50
19/11/2024,12:30,[12:15-12:30[,S,F,F,C,C,108.50,108.50
19/11/2024,12:45,[12:30-12:45[,S,F,F,C,C,108.50,108.50
19/11/2024,13:00,[12:45-13:00[,S,F,F,C,C,108.50,108.50
19/11/2024,13:15,[13:00-13:15[,S,F,F,C,C,96.63,96.63
19/11/2024,13:30,[13:15-13:30[,S,F,F,C,C,96.63,96.63
19/11/2024,13:45,[13:30-13:45[,S,F,F,C,C,96.63,96.63
19/11/2024,14:00,[13:45-14:00[,S,F,F,C,C,96.63,96.63
19/11/2024,14:15,[14:00-14:15[,S,F,F,C,C,100.00,100.00
19/11/2024,14:30,[14:15-14:30[,S,F,F,C,C,100.00,100.00
19/11/2024,14:45,[14:30-14:45[,S,F,F,C,C,100.00,100.00
19/11/2024,15:00,[14:45-15:00[,S,F,F,C,C,100.00,100.00
19/11/2024,15:15,[15:00-15:15[,S,F,F,C,C,134.02,134.02
19/11/2024,15:30,[15:15-15:30[,S,F,F,C,C,134.02,134.02
19/11/2024,15:45,[15:30-15:45[,S,F,F,C,C,134.02,134.02
19/11/2024,16:00,[15:45-16:00[,S,F,F,C,C,134.02,134.02
19/11/2024,16:15,[16:00-16:15[,S,F,F,C,C,146.98,146.98
19/11/2024,16:30,[16:15-16:30[,S,F,F,C,C,146.98,146.98
19/11/2024,16:45,[16:30-16:45[,S,F,F,C,C,146.98,146.98
19/11/2024,17:00,[16:45-17:00[,S,F,F,C,C,146.98,146.98
19/11/2024,17:15,[17:00-17:15[,S,F,F,C,C,147.48,147.48
19/11/2024,17:30,[17:15-17:30[,S,F,F,C,C,147.48,147.48
19/11/2024,17:45,[17:30-17:45[,S,F,F,C,C,147.48,147.48
19/11/2024,18:00,[17:45-18:00[,S,F,F,C,C,147.48,147.48
19/11/2024,18:15,[18:00-18:15[,S,F,F,P,C,147.48,147.48
19/11/2024,18:30,[18:15-18:30[,S,F,F,P,C,147.48,147.48
19/11/2024,18:45,[18:30-18:45[,S,F,F,P,P,147.48,147.48
19/11/2024,19:00,[18:45-19:00[,S,F,F,P,P,147.48,147.48
19/11/2024,19:15,[19:00-19:15[,S,F,F,P,P,147.48,147.48
19/11/2024,19:30,[19:15-19:30[,S,F,F,P,P,147.48,147.48
19/11/2024,19:45,[19:30-19:45[,S,F,F,P,P,147.48,147.48
19/11/2024,20:00,[19:45-20:00[,S,F,F,P,P,147.48,147.48
19/11/2024,20:15,[20:00-20:15[,S,F,F,P,P,146.50,146.50
19/11/2024,20:30,[20:15-20:30[,S,F,F,P,P,146.50,146.50
19/11/2024,20:45,[20:30-20:45[,S,F,F,C,P,146.50,146.50
19/11/2024,21:00,[20:45-21:00[,S,F,F,C,P,146.50,146.50
19/11/2024,21:15,[21:00-21:15[,S,F,F,C,C,139.83,139.83
19/11/2024,21:30,[21:15-21:30[,S,F,F,C,C,139.83,139.83
19/11/2024,21:45,[21:30-21:45[,S,F,F,C,C,139.83,139.83
19/11/2024,22:00,[21:45-22:00[,S,F,F,C,C,139.83,139.83
19/11/2024,22:15,[22:00-22:15[,S,V,F,V,C,125.48,125.48
19/11/2024,22:30,[22:15-22:30[,S,V,F,V,C,125.48,125.48
19/11/2024,22:45,[22:30-22:45[,S,V,F,V,C,125.48,125.48
19/11/2024,23:00,[22:45-23:00[,S,V,F,V,C,125.48,125.48
19/11/2024,23:15,[23:00-23:15[,S,V,F,V,C,102.01,102.01
19/11/2024,23:30,[23:15-23:30[,S,V,F,V,C,102.01,102.01
19/11/2024,23:45,[23:30-23:45[,S,V,F,V,C,102.01,102.01
19/11/2024,23:59,[23:45-00:00[,S,V,F,V,C,102.01,102.01
20/11/2024,00:15,[00:00-00:15[,S,V,V,V,V,88.78,88.78
20/11/2024,00:30,[00:15-00:30[,S,V,V,V,V,88.78,88.78
20/11/2024,00:45,[00:30-00:45[,S,V,V,V,V,88.78,88.78
20/11/2024,01:00,[00:45-01:00[,S,V,V,V,V,88.78,88.78
20/11/2024,01:15,[01:00-01:15[,S,V,V,V,V,86.03,86.03
20/11/2024,01:30,[01:15-01:30[,S,V,V,V,V,86.03,86.03
20/11/2024,01:45,[01:30-01:45[,S,V,V,V,V,86.03,86.03
20/11/2024,02:00,[01:45-02:00[,S,V,V,V,V,86.03,86.03
20/11/2024,02:15,[02:00-02:15[,S,V,V,V,V,81.50,81.50
20/11/2024,02:30,[02:15-02:30[,S,V,V,V,V,81.50,81.50
20/11/2024,02:45,[02:30-02:45[,S,V,V,V,V,81.50,81.50
20/11/2024,03:00,[02:45-03:00[,S,V,V,V,V,81.50,81.50
20/11/2024,03:15,[03:00-03:15[,S,V,V,V,V,76.15,76.15
20/11/2024,03:30,[03:15-03:30[,S,V,V,V,V,76.15,76.15
20/11/2024,03:45,[03:30-03:45[,S,V,V,V,V,76.15,76.15
20/11/2024,04:00,[03:45-04:00[,S,V,V,V,V,76.15,76.15
20/11/2024,04:15,[04:00-04:15[,S,V,V,V,V,83.79,83.79
20/11/2024,04:30,[04:15-04:30[,S,V,V,V,V,83.79,83.79
20/11/2024,04:45,[04:30-04:45[,S,V,V,V,V,83.79,83.79
20/11/2024,05:00,[04:45-05:00[,S,V,V,V,V,83.79,83.79
20/11/2024,05:15,[05:00-05:15[,S,V,V,V,V,101.73,101.73
20/11/2024,05:30,[05:15-05:30[,S,V,V,V,V,101.73,101.73
20/11/2024,05:45,[05:30-05:45[,S,V,V,V,V,101.73,101.73
20/11/2024,06:00,[05:45-06:00[,S,V,V,V,V,101.73,101.73
20/11/2024,06:15,[06:00-06:15[,S,V,V,V,V,122.00,122.00
20/11/2024,06:30,[06:15-06:30[,S,V,V,V,V,122.00,122.00
20/11/2024,06:45,[06:30-06:45[,S,V,V,V,V,122.00,122.00
20/11/2024,07:00,[06:45-07:00[,S,V,V,V,V,122.00,122.00
20/11/2024,07:15,[07:00-07:15[,S,V,F,V,C,129.74,129.74
20/11/2024,07:30,[07:15-07:30[,S,V,F,V,C,129.74,129.74
20/11/2024,07:45,[07:30-07:45[,S,V,F,V,C,129.74,129.74
20/11/2024,08:00,[07:45-08:00[,S,V,F,V,C,129.74,129.74
20/11/2024,08:15,[08:00-08:15[,S,F,F,C,C,108.36,108.36
20/11/2024,08:30,[08:15-08:30[,S,F,F,C,C,108.36,108.36
20/11/2024,08:45,[08:30-08:45[,S,F,F,C,C,108.36,108.36
20/11/2024,09:00,[08:45-09:00[,S,F,F,C,C,108.36,108.36
20/11/2024,09:15,[09:00-09:15[,S,F,F,P,C,89.50,89.50
20/11/2024,09:30,[09:15-09:30[,S,F,F,P,C,89.50,89.50
20/11/2024,09:45,[09:30-09:45[,S,F,F,P,P,89.50,89.50
20/11/2024,10:00,[09:45-10:00[,S,F,F,P,P,89.50,89.50
20/11/2024,10:15,[10:00-10:15[,S,F,F,P,P,64.89,64.89
20/11/2024,10:30,[10:15-10:30[,S,F,F,P,P,64.89,64.89
20/11/2024,10:45,[10:30-10:45[,S,F,F,C,P,64.89,64.89
20/11/2024,11:00,[10:45-11:00[,S,F,F,C,P,64.89,64.89
20/11/2024,11:15,[11:00-11:15[,S,F,F,C,P,50.24,50.24
20/11/2024,11:30,[11:15-11:30[,S,F,F,C,P,50.24,50.24
20/11/2024,11:45,[11:30-11:45[,S,F,F,C,P,50.24,50.24
20/11/2024,12:00,[11:45-12:00[,S,F,F,C,P,50.24,50.24
20/11/2024,12:15,[12:00-12:15[,S,F,F,C,C,50.20,50.20
20/11/2024,12:30,[12:15-12:30[,S,F,F,C,C,50.20,50.20
20/11/2024,12:45,[12:30-12:45[,S,F,F,C,C,50.20,50.20
20/11/2024,13:00,[12:45-13:00[,S,F,F,C,C,50.20,50.20
20/11/2024,13:15,[13:00-13:15[,S,F,F,C,C,29.12,29.12
20/11/2024,13:30,[13:15-13:30[,S,F,F,C,C,29.12,29.12
20/11/2024,13:45,[13:30-13:45[,S,F,F,C,C,29.12,29.12
20/11/2024,14:00,[13:45-14:00[,S,F,F,C,C,29.12,29.12
20/11/2024,14:15,[14:00-14:15[,S,F,F,C,C,50.20,50.20
20/11/2024,14:30,[14:15-14:30[,S,F,F,C,C,50.20,50.20
20/11/2024,14:45,[14:30-14:45[,S,F,F,C,C,50.20,50.20
20/11/2024,15:00,[14:45-15:00[,S,F,F,C,C,50.20,50.20
20/11/2024,15:15,[15:00-15:15[,S,F,F,C,C,89.24,89.24
20/11/2024,15:30,[15:15-15:30[,S,F,F,C,C,89.24,89.24
20/11/2024,15:45,[15:30-15:45[,S,F,F,C,C,89.24,89.24
20/11/2024,16:00,[15:45-16:00[,S,F,F,C,C,89.24,89.24
20/11/2024,16:15,[16:00-16:15[,S,F,F,C,C,126.74,126.74
20/11/2024,16:30,[16:15-16:30[,S,F,F,C,C,126.74,126.74
20/11/2024,16:45,[16:30-16:45[,S,F,F,C,C,126.74,126.74
20/11/2024,17:00,[16:45-17:00[,S,F,F,C,C,126.74,126.74
20/11/2024,17:15,[17:00-17:15[,S,F,F,C,C,143.18,143.18
20/11/2024,17:30,[17:15-17:30[,S,F,F,C,C,143.18,143.18
20/11/2024,17:45,[17:30-17:45[,S,F,F,C,C,143.18,143.18
20/11/2024,18:00,[17:45-18:00[,S,F,F,C,C,143.18,143.18
20/11/2024,18:15,[18:00-18:15[,S,F,F,P,C,141.56,141.56
20/11/2024,18:30,[18:15-18:30[,S,F,F,P,C,141.56,141.56
20/11/2024,18:45,[18:30-18:45[,S,F,F,P,P,141.56,141.56
20/11/2024,19:00,[18:45-19:00[,S,F,F,P,P,141.56,141.56
20/11/2024,19:15,[19:00-19:15[,S,F,F,P,P,135.98,135.98
20/11/2024,19:30,[19:15-19:30[,S,F,F,P,P,135.98,135.98
20/11/2024,19:45,[19:30-19:45[,S,F,F,P,P,135.98,135.98
20/11/2024,20:00,[19:45-20:00[,S,F,F,P,P,135.98,135.98
20/11/2024,20:15,[20:00-20:15[,S,F,F,P,P,126.91,126.91
20/11/2024,20:30,[20:15-20:30[,S,F,F,P,P,126.91,126.91
20/11/2024,20:45,[20:30-20:45[,S,F,F,C,P,126.91,126.91
20/11/2024,21:00,[20:45-21:00[,S,F,F,C,P,126.91,126.91
20/11/2024,21:15,[21:00-21:15[,S,F,F,C,C,117.50,117.50
20/11/2024,21:30,[21:15-21:30[,S,F,F,C,C,117.50,117.50
20/11/2024,21:45,[21:30-21:45[,S,F,F,C,C,117.50,117.50
20/11/2024,22:00,[21:45-22:00[,S,F,F,C,C,117.50,117.50
20/11/2024,22:15,[22:00-22:15[,S,V,F,V,C,103.50,103.50
20/11/2024,22:30,[22:15-22:30[,S,V,F,V,C,103.50,103.50
20/11/2024,22:45,[22:30-22:45[,S,V,F,V,C,103.50,103.50
20/11/2024,23:00,[22:45-23:00[,S,V,F,V,C,103.50,103.50
20/11/2024,23:15,[23:00-23:15[,S,V,F,V,C,93.96,93.96
20/11/2024,23:30,[23:15-23:30[,S,V,F,V,C,93.96,93.96
20/11/2024,23:45,[23:30-23:45[,S,V,F,V,C,93.96,93.96
20/11/2024,23:59,[23:45-00:00[,S,V,F,V,C,93.96,93.96
21/11/2024,00:15,[00:00-00:15[,S,V,V,V,V,84.99,84.99
21/11/2024,00:30,[00:15-00:30[,S,V,V,V,V,84.99,84.99
21/11/2024,00:45,[00:30-00:45[,S,V,V,V,V,84.99,84.99
21/11/2024,01:00,[00:45-01:00[,S,V,V,V,V,84.99,84.99
21/11/2024,01:15,[01:00-01:15[,S,V,V,V,V,75.00,75.00
21/11/2024,01:30,[01:15-01:30[,S,V,V,V,V,75.00,75.00
21/11/2024,01:45,[01:30-01:45[,S,V,V,V,V,75.00,75.00
21/11/2024,02:00,[01:45-02:00[,S,V,V,V,V,75.00,75.00
21/11/2024,02:15,[02:00-02:15[,S,V,V,V,V,65.10,65.10
21/11/2024,02:30,[02:15-02:30[,S,V,V,V,V,65.10,65.10
21/11/2024,02:45,[02:30-02:45[,S,V,V,V,V,65.10,65.10
21/11/2024,03:00,[02:45-03:00[,S,V,V,V,V,65.10,65.10
21/11/2024,03:15,[03:00-03:15[,S,V,V,V,V,64.89,64.89
21/11/2024,03:30,[03:15-03:30[,S,V,V,V,V,64.89,64.89
21/11/2024,03:45,[03:30-03:45[,S,V,V,V,V,64.89,64.89
21/11/2024,04:00,[03:45-04:00[,S,V,V,V,V,64.89,64.89
21/11/2024,04:15,[04:00-04:15[,S,V,V,V,V,65.18,65.18
21/11/2024,04:30,[04:15-04:30[,S,V,V,V,V,65.18,65.18
21/11/2024,04:45,[04:30-04:45[,S,V,V,V,V,65.18,65.18
21/11/2024,05:00,[04:45-05:00[,S,V,V,V,V,65.18,65.18
21/11/2024,05:15,[05:00-05:15[,S,V,V,V,V,75.20,75.20
21/11/2024,05:30,[05:15-05:30[,S,V,V,V,V,75.20,75.20
21/11/2024,05:45,[05:30-05:45[,S,V,V,V,V,75.20,75.20
21/11/2024,06:00,[05:45-06:00[,S,V,V,V,V,75.20,75.20
21/11/2024,06:15,[06:00-06:15[,S,V,V,V,V,95.00,95.00
21/11/2024,06:30,[06:15-06:30[,S,V,V,V,V,95.00,95.00
21/11/2024,06:45,[06:30-06:45[,S,V,V,V,V,95.00,95.00
21/11/2024,07:00,[06:45-07:00[,S,V,V,V,V,95.00,95.00
21/11/2024,07:15,[07:00-07:15[,S,V,F,V,C,107.99,107.99
21/11/2024,07:30,[07:15-07:30[,S,V,F,V,C,107.99,107.99
21/11/2024,07:45,[07:30-07:45[,S,V,F,V,C,107.99,107.99
21/11/2024,08:00,[07:45-08:00[,S,V,F,V,C,107.99,107.99
21/11/2024,08:15,[08:00-08:15[,S,F,F,C,C,87.80,87.80
21/11/2024,08:30,[08:15-08:30[,S,F,F,C,C,87.80,87.80
21/11/2024,08:45,[08:30-08:45[,S,F,F,C,C,87.80,87.80
21/11/2024,09:00,[08:45-09:00[,S,F,F,C,C,87.80,87.80
21/11/2024,09:15,[09:00-09:15[,S,F,F,P,C,69.39,69.39
21/11/2024,09:30,[09:15-09:30[,S,F,F,P,C,69.39,69.39
21/11/2024,09:45,[09:30-09:45[,S,F,F,P,P,69.39,69.39
21/11/2024,10:00,[09:45-10:00[,S,F,F,P,P,69.39,69.39
21/11/2024,10:15,[10:00-10:15[,S,F,F,P,P,50.00,50.00
21/11/2024,10:30,[10:15-10:30[,S,F,F,P,P,50.00,50.00
21/11/2024,10:45,[10:30-10:45[,S,F,F,C,P,50.00,50.00
21/11/2024,11:00,[10:45-11:00[,S,F,F,C,P,50.00,50.00
21/11/2024,11:15,[11:00-11:15[,S,F,F,C,P,33.20,33.20
21/11/2024,11:30,[11:15-11:30[,S,F,F,C,P,33.20,33.20
21/11/2024,11:45,[11:30-11:45[,S,F,F,C,P,33.20,33.20
21/11/2024,12:00,[11:45-12:00[,S,F,F,C,P,33.20,33.20
21/11/2024,12:15,[12:00-12:15[,S,F,F,C,C,33.20,33.20
21/11/2024,12:30,[12:15-12:30[,S,F,F,C,C,33.20,33.20
21/11/2024,12:45,[12:30-12:45[,S,F,F,C,C,33.20,33.20
21/11/2024,13:00,[12:45-13:00[,S,F,F,C,C,33.20,33.20
21/11/2024,13:15,[13:00-13:15[,S,F,F,C,C,29.80,29.80
21/11/2024,13:30,[13:15-13:30[,S,F,F,C,C,29.80,29.80
21/11/2024,13:45,[13:30-13:45[,S,F,F,C,C,29.80,29.80
21/11/2024,14:00,[13:45-14:00[,S,F,F,C,C,29.80,29.80
21/11/2024,14:15,[14:00-14:15[,S,F,F,C,C,33.20,14.00
21/11/2024,14:30,[14:15-14:30[,S,F,F,C,C,33.20,14.00
21/11/2024,14:45,[14:30-14:45[,S,F,F,C,C,33.20,14.00
21/11/2024,15:00,[14:45-15:00[,S,F,F,C,C,33.20,14.00
21/11/2024,15:15,[15:00-15:15[,S,F,F,C,C,64.78,64.78
21/11/2024,15:30,[15:15-15:30[,S,F,F,C,C,64.78,64.78
21/11/2024,15:45,[15:30-15:45[,S,F,F,C,C,64.78,64.78
21/11/2024,16:00,[15:45-16:00[,S,F,F,C,C,64.78,64.78
21/11/2024,16:15,[16:00-16:15[,S,F,F,C,C,84.99,84.99
21/11/2024,16:30,[16:15-16:30[,S,F,F,C,C,84.99,84.99
21/11/2024,16:45,[16:30-16:45[,S,F,F,C,C,84.99,84.99
21/11/2024,17:00,[16:45-17:00[,S,F,F,C,C,84.99,84.99
21/11/2024,17:15,[17:00-17:15[,S,F,F,C,C,116.49,116.49
21/11/2024,17:30,[17:15-17:30[,S,F,F,C,C,116.49,116.49
21/11/2024,17:45,[17:30-17:45[,S,F,F,C,C,116.49,116.49
21/11/2024,18:00,[17:45-18:00[,S,F,F,C,C,116.49,116.49
21/11/2024,18:15,[18:00-18:15[,S,F,F,P,C,125.01,125.01
21/11/2024,18:30,[18:15-18:30[,S,F,F,P,C,125.01,125.01
21/11/2024,18:45,[18:30-18:45[,S,F,F,P,P,125.01,125.01
21/11/2024,19:00,[18:45-19:00[,S,F,F,P,P,125.01,125.01
21/11/2024,19:15,[19:00-19:15[,S,F,F,P,P,122.11,122.11
21/11/2024,19:30,[19:15-19:30[,S,F,F,P,P,122.11,122.11
21/11/2024,19:45,[19:30-19:45[,S,F,F,P,P,122.11,122.11
21/11/2024,20:00,[19:45-20:00[,S,F,F,P,P,122.11,122.11
21/11/2024,20:15,[20:00-20:15[,S,F,F,P,P,116.92,116.92
21/11/2024,20:30,[20:15-20:30[,S,F,F,P,P,116.92,116.92
21/11/2024,20:45,[20:30-20:45[,S,F,F,C,P,116.92,116.92
21/11/2024,21:00,[20:45-21:00[,S,F,F,C,P,116.92,116.92
21/11/2024,21:15,[21:00-21:15[,S,F,F,C,C,107.74,107.74
21/11/2024,21:30,[21:15-21:30[,S,F,F,C,C,107.74,107.74
21/11/2024,21:45,[21:30-21:45[,S,F,F,C,C,107.74,107.74
21/11/2024,22:00,[21:45-22:00[,S,F,F,C,C,107.74,107.74
21/11/2024,22:15,[22:00-22:15[,S,V,F,V,C,87.22,87.22
21/11/2024,22:30,[22:15-22:30[,S,V,F,V,C,87.22,87.22
21/11/2024,22:45,[22:30-22:45[,S,V,F,V,C,87.22,87.22
21/11/2024,23:00,[22:45-23:00[,S,V,F,V,C,87.22,87.22
21/11/2024,23:15,[23:00-23:15[,S,V,F,V,C,87.63,87.63
21/11/2024,23:30,[23:15-23:30[,S,V,F,V,C,87.63,87.63
21/11/2024,23:45,[23:30-23:45[,S,V,F,V,C,87.63,87.63
21/11/2024,23:59,[23:45-00:00[,S,V,F,V,C,87.63,87.63
22/11/2024,00:15,[00:00-00:15[,S,V,V,V,V,84.53,84.53
22/11/2024,00:30,[00:15-00:30[,S,V,V,V,V,84.53,84.53
22/11/2024,00:45,[00:30-00:45[,S,V,V,V,V,84.53,84.53
22/11/2024,01:00,[00:45-01:00[,S,V,V,V,V,84.53,84.53
22/11/2024,01:15,[01:00-01:15[,S,V,V,V,V,83.20,83.20
22/11/2024,01:30,[01:15-01:30[,S,V,V,V,V,83.20,83.20
22/11/2024,01:45,[01:30-01:45[,S,V,V,V,V,83.20,83.20
22/11/2024,02:00,[01:45-02:00[,S,V,V,V,V,83.20,83.20
22/11/2024,02:15,[02:00-02:15[,S,V,V,V,V,80.58,80.58
22/11/2024,02:30,[02:15-02:30[,S,V,V,V,V,80.58,80.58
22/11/2024,02:45,[02:30-02:45[,S,V,V,V,V,80.58,80.58
22/11/2024,03:00,[02:45-03:00[,S,V,V,V,V,80.58,80.58
22/11/2024,03:15,[03:00-03:15[,S,V,V,V,V,77.13,77.13
22/11/2024,03:30,[03:15-03:30[,S,V,V,V,V,77.13,77.13
22/11/2024,03:45,[03:30-03:45[,S,V,V,V,V,77.13,77.13
22/11/2024,04:00,[03:45-04:00[,S,V,V,V,V,77.13,77.13
22/11/2024,04:15,[04:00-04:15[,S,V,V,V,V,87.60,87.60
22/11/2024,04:30,[04:15-04:30[,S,V,V,V,V,87.60,87.60
22/11/2024,04:45,[04:30-04:45[,S,V,V,V,V,87.60,87.60
22/11/2024,05:00,[04:45-05:00[,S,V,V,V,V,87.60,87.60
22/11/2024,05:15,[05:00-05:15[,S,V,V,V,V,100.09,100.09
22/11/2024,05:30,[05:15-05:30[,S,V,V,V,V,100.09,100.09
22/11/2024,05:45,[05:30-05:45[,S,V,V,V,V,100.09,100.09
22/11/2024,06:00,[05:45-06:00[,S,V,V,V,V,100.09,100.09
22/11/2024,06:15,[06:00-06:15[,S,V,V,V,V,129.57,129.57
22/11/2024,06:30,[06:15-06:30[,S,V,V,V,V,129.57,129.57
22/11/2024,06:45,[06:30-06:45[,S,V,V,V,V,129.57,129.57
22/11/2024,07:00,[06:45-07:00[,S,V,V,V,V,129.57,129.57
22/11/2024,07:15,[07:00-07:15[,S,V,F,V,C,141.31,141.31
22/11/2024,07:30,[07:15-07:30[,S,V,F,V,C,141.31,141.31
22/11/2024,07:45,[07:30-07:45[,S,V,F,V,C,141.31,141.31
22/11/2024,08:00,[07:45-08:00[,S,V,F,V,C,141.31,141.31
22/11/2024,08:15,[08:00-08:15[,S,F,F,C,C,136.32,136.32
22/11/2024,08:30,[08:15-08:30[,S,F,F,C,C,136.32,136.32
22/11/2024,08:45,[08:30-08:45[,S,F,F,C,C,136.32,136.32
22/11/2024,09:00,[08:45-09:00[,S,F,F,C,C,136.32,136.32
22/11/2024,09:15,[09:00-09:15[,S,F,F,P,C,116.71,116.71
22/11/2024,09:30,[09:15-09:30[,S,F,F,P,C,116.71,116.71
22/11/2024,09:45,[09:30-09:45[,S,F,F,P,P,116.71,116.71
22/11/2024,10:00,[09:45-10:00[,S,F,F,P,P,116.71,116.71
22/11/2024,10:15,[10:00-10:15[,S,F,F,P,P,115.00,115.00
22/11/2024,10:30,[10:15-10:30[,S,F,F,P,P,115.00,115.00
22/11/2024,10:45,[10:30-10:45[,S,F,F,C,P,115.00,115.00
22/11/2024,11:00,[10:45-11:00[,S,F,F,C,P,115.00,115.00
22/11/2024,11:15,[11:00-11:15[,S,F,F,C,P,107.16,107.16
22/11/2024,11:30,[11:15-11:30[,S,F,F,C,P,107.16,107.16
22/11/2024,11:45,[11:30-11:45[,S,F,F,C,P,107.16,107.16
22/11/2024,12:00,[11:45-12:00[,S,F,F,C,P,107.16,107.16
22/11/2024,12:15,[12:00-12:15[,S,F,F,C,C,97.02,97.02
22/11/2024,12:30,[12:15-12:30[,S,F,F,C,C,97.02,97.02
22/11/2024,12:45,[12:30-12:45[,S,F,F,C,C,97.02,97.02
22/11/2024,13:00,[12:45-13:00[,S,F,F,C,C,97.02,97.02
22/11/2024,13:15,[13:00-13:15[,S,F,F,C,C,104.00,104.00
22/11/2024,13:30,[13:15-13:30[,S,F,F,C,C,104.00,104.00
22/11/2024,13:45,[13:30-13:45[,S,F,F,C,C,104.00,104.00
22/11/2024,14:00,[13:45-14:00[,S,F,F,C,C,104.00,104.00
22/11/2024,14:15,[14:00-14:15[,S,F,F,C,C,121.22,121.22
22/11/2024,14:30,[14:15-14:30[,S,F,F,C,C,121.22,121.22
22/11/2024,14:45,[14:30-14:45[,S,F,F,C,C,121.22,121.22
22/11/2024,15:00,[14:45-15:00[,S,F,F,C,C,121.22,121.22
22/11/2024,15:15,[15:00-15:15[,S,F,F,C,C,140.01,140.01
22/11/2024,15:30,[15:15-15:30[,S,F,F,C,C,140.01,140.01
22/11/2024,15:45,[15:30-15:45[,S,F,F,C,C,140.01,140.01
22/11/2024,16:00,[15:45-16:00[,S,F,F,C,C,140.01,140.01
22/11/2024,16:15,[16:00-16:15[,S,F,F,C,C,146.89,146.89
22/11/2024,16:30,[16:15-16:30[,S,F,F,C,C,146.89,146.89
22/11/2024,16:45,[16:30-16:45[,S,F,F,C,C,146.89,146.89
22/11/2024,17:00,[16:45-17:00[,S,F,F,C,C,146.89,146.89
22/11/2024,17:15,[17:00-17:15[,S,F,F,C,C,151.24,151.24
22/11/2024,17:30,[17:15-17:30[,S,F,F,C,C,151.24,151.24
22/11/2024,17:45,[17:30-17:45[,S,F,F,C,C,151.24,151.24
22/11/2024,18:00,[17:45-18:00[,S,F,F,C,C,151.24,151.24
22/11/2024,18:15,[18:00-18:15[,S,F,F,P,C,160.87,160.87
22/11/2024,18:30,[18:15-18:30[,S,F,F,P,C,160.87,160.87
22/11/2024,18:45,[18:30-18:45[,S,F,F,P,P,160.87,160.87
22/11/2024,19:00,[18:45-19:00[,S,F,F,P,P,160.87,160.87
22/11/2024,19:15,[19:00-19:15[,S,F,F,P,P,161.26,161.26
22/11/2024,19:30,[19:15-19:30[,S,F,F,P,P,161.26,161.26
22/11/2024,19:45,[19:30-19:45[,S,F,F,P,P,161.26,161.26
22/11/2024,20:00,[19:45-20:00[,S,F,F,P,P,161.26,161.26
22/11/2024,20:15,[20:00-20:15[,S,F,F,P,P,151.24,151.24
22/11/2024,20:30,[20:15-20:30[,S,F,F,P,P,151.24,151.24
22/11/2024,20:45,[20:30-20:45[,S,F,F,C,P,151.24,151.24
22/11/2024,21:00,[20:45-21:00[,S,F,F,C,P,151.24,151.24
22/11/2024,21:15,[21:00-21:15[,S,F,F,C,C,143.90,143.90
22/11/2024,21:30,[21:15-21:30[,S,F,F,C,C,143.90,143.90
22/11/2024,21:45,[21:30-21:45[,S,F,F,C,C,143.90,143.90
22/11/2024,22:00,[21:45-22:00[,S,F,F,C,C,143.90,143.90
22/11/2024,22:15,[22:00-22:15[,S,V,F,V,C,143.90,143.90
22/11/2024,22:30,[22:15-22:30[,S,V,F,V,C,143.90,143.90
22/11/2024,22:45,[22:30-22:45[,S,V,F,V,C,143.90,143.90
22/11/2024,23:00,[22:45-23:00[,S,V,F,V,C,143.90,143.90
22/11/2024,23:15,[23:00-23:15[,S,V,F,V,C,131.63,131.63
22/11/2024,23:30,[23:15-23:30[,S,V,F,V,C,131.63,131.63
22/11/2024,23:45,[23:30-23:45[,S,V,F,V,C,131.63,131.63
22/11/2024,23:59,[23:45-00:00[,S,V,F,V,C,131.63,131.63
23/11/2024,00:15,[00:00-00:15[,S,V,V,V,V,114.28,114.28
23/11/2024,00:30,[00:15-00:30[,S,V,V,V,V,114.28,114.28
23/11/2024,00:45,[00:30-00:45[,S,V,V,V,V,114.28,114.28
23/11/2024,01:00,[00:45-01:00[,S,V,V,V,V,114.28,114.28
23/11/2024,01:15,[01:00-01:15[,S,V,V,V,V,104.00,104.00
23/11/2024,01:30,[01:15-01:30[,S,V,V,V,V,104.00,104.00
23/11/2024,01:45,[01:30-01:45[,S,V,V,V,V,104.00,104.00
23/11/2024,02:00,[01:45-02:00[,S,V,V,V,V,104.00,104.00
23/11/2024,02:15,[02:00-02:15[,S,V,V,V,V,97.00,97.00
23/11/2024,02:30,[02:15-02:30[,S,V,V,V,V,97.00,97.00
23/11/2024,02:45,[02:30-02:45[,S,V,V,V,V,97.00,97.00
23/11/2024,03:00,[02:45-03:00[,S,V,V,V,V,97.00,97.00
23/11/2024,03:15,[03:00-03:15[,S,V,V,V,V,84.99,84.99
23/11/2024,03:30,[03:15-03:30[,S,V,V,V,V,84.99,84.99
23/11/2024,03:45,[03:30-03:45[,S,V,V,V,V,84.99,84.99
23/11/2024,04:00,[03:45-04:00[,S,V,V,V,V,84.99,84.99
23/11/2024,04:15,[04:00-04:15[,S,V,V,V,V,84.78,84.78
23/11/2024,04:30,[04:15-04:30[,S,V,V,V,V,84.78,84.78
23/11/2024,04:45,[04:30-04:45[,S,V,V,V,V,84.78,84.78
23/11/2024,05:00,[04:45-05:00[,S,V,V,V,V,84.78,84.78
23/11/2024,05:15,[05:00-05:15[,S,V,V,V,V,85.95,85.95
23/11/2024,05:30,[05:15-05:30[,S,V,V,V,V,85.95,85.95
23/11/2024,05:45,[05:30-05:45[,S,V,V,V,V,85.95,85.95
23/11/2024,06:00,[05:45-06:00[,S,V,V,V,V,85.95,85.95
23/11/2024,06:15,[06:00-06:15[,S,V,V,V,V,93.00,93.00
23/11/2024,06:30,[06:15-06:30[,S,V,V,V,V,93.00,93.00
23/11/2024,06:45,[06:30-06:45[,S,V,V,V,V,93.00,93.00
23/11/2024,07:00,[06:45-07:00[,S,V,V,V,V,93.00,93.00
23/11/2024,07:15,[07:00-07:15[,S,V,V,V,V,99.25,99.25
23/11/2024,07:30,[07:15-07:30[,S,V,V,V,V,99.25,99.25
23/11/2024,07:45,[07:30-07:45[,S,V,V,V,V,99.25,99.25
23/11/2024,08:00,[07:45-08:00[,S,V,V,V,V,99.25,99.25
23/11/2024,08:15,[08:00-08:15[,S,F,V,C,V,85.62,85.62
23/11/2024,08:30,[08:15-08:30[,S,F,V,C,V,85.62,85.62
23/11/2024,08:45,[08:30-08:45[,S,F,V,C,V,85.62,85.62
23/11/2024,09:00,[08:45-09:00[,S,F,V,C,V,85.62,85.62
23/11/2024,09:15,[09:00-09:15[,S,F,V,P,V,67.04,67.04
23/11/2024,09:30,[09:15-09:30[,S,F,V,P,V,67.04,67.04
23/11/2024,09:45,[09:30-09:45[,S,F,F,P,C,67.04,67.04
23/11/2024,10:00,[09:45-10:00[,S,F,F,P,C,67.04,67.04
23/11/2024,10:15,[10:00-10:15[,S,F,F,P,C,40.00,40.00
23/11/2024,10:30,[10:15-10:30[,S,F,F,P,C,40.00,40.00
23/11/2024,10:45,[10:30-10:45[,S,F,F,C,C,40.00,40.00
23/11/2024,11:00,[10:45-11:00[,S,F,F,C,C,40.00,40.00
23/11/2024,11:15,[11:00-11:15[,S,F,F,C,C,42.50,42.50
23/11/2024,11:30,[11:15-11:30[,S,F,F,C,C,42.50,42.50
23/11/2024,11:45,[11:30-11:45[,S,F,F,C,C,42.50,42.50
23/11/2024,12:00,[11:45-12:00[,S,F,F,C,C,42.50,42.50
23/11/2024,12:15,[12:00-12:15[,S,F,F,C,C,36.95,36.95
23/11/2024,12:30,[12:15-12:30[,S,F,F,C,C,36.95,36.95
23/11/2024,12:45,[12:30-12:45[,S,F,F,C,C,36.95,36.95
23/11/2024,13:00,[12:45-13:00[,S,F,F,C,C,36.95,36.95
23/11/2024,13:15,[13:00-13:15[,S,F,V,C,V,30.52,30.52
23/11/2024,13:30,[13:15-13:30[,S,F,V,C,V,30.52,30.52
23/11/2024,13:45,[13:30-13:45[,S,F,V,C,V,30.52,30.52
23/11/2024,14:00,[13:45-14:00[,S,F,V,C,V,30.52,30.52
23/11/2024,14:15,[14:00-14:15[,S,F,V,C,V,36.94,36.94
23/11/2024,14:30,[14:15-14:30[,S,F,V,C,V,36.94,36.94
23/11/2024,14:45,[14:30-14:45[,S,F,V,C,V,36.94,36.94
23/11/2024,15:00,[14:45-15:00[,S,F,V,C,V,36.94,36.94
23/11/2024,15:15,[15:00-15:15[,S,F,V,C,V,58.90,58.90
23/11/2024,15:30,[15:15-15:30[,S,F,V,C,V,58.90,58.90
23/11/2024,15:45,[15:30-15:45[,S,F,V,C,V,58.90,58.90
23/11/2024,16:00,[15:45-16:00[,S,F,V,C,V,58.90,58.90
23/11/2024,16:15,[16:00-16:15[,S,F,V,C,V,84.53,84.53
23/11/2024,16:30,[16:15-16:30[,S,F,V,C,V,84.53,84.53
23/11/2024,16:45,[16:30-16:45[,S,F,V,C,V,84.53,84.53
23/11/2024,17:00,[16:45-17:00[,S,F,V,C,V,84.53,84.53
23/11/2024,17:15,[17:00-17:15[,S,F,V,C,V,101.00,101.00
23/11/2024,17:30,[17:15-17:30[,S,F,V,C,V,101.00,101.00
23/11/2024,17:45,[17:30-17:45[,S,F,V,C,V,101.00,101.00
23/11/2024,18:00,[17:45-18:00[,S,F,V,C,V,101.00,101.00
23/11/2024,18:15,[18:00-18:15[,S,F,V,P,V,101.80,101.80
23/11/2024,18:30,[18:15-18:30[,S,F,V,P,V,101.80,101.80
23/11/2024,18:45,[18:30-18:45[,S,F,F,P,C,101.80,101.80
23/11/2024,19:00,[18:45-19:00[,S,F,F,P,C,101.80,101.80
23/11/2024,19:15,[19:00-19:15[,S,F,F,P,C,92.00,92.00
23/11/2024,19:30,[19:15-19:30[,S,F,F,P,C,92.00,92.00
23/11/2024,19:45,[19:30-19:45[,S,F,F,P,C,92.00,92.00
23/11/2024,20:00,[19:45-20:00[,S,F,F,P,C,92.00,92.00
23/11/2024,20:15,[20:00-20:15[,S,F,F,P,C,84.99,84.99
23/11/2024,20:30,[20:15-20:30[,S,F,F,P,C,84.99,84.99
23/11/2024,20:45,[20:30-20:45[,S,F,F,C,C,84.99,84.99
23/11/2024,21:00,[20:45-21:00[,S,F,F,C,C,84.99,84.99
23/11/2024,21:15,[21:00-21:15[,S,F,F,C,C,78.78,78.78
23/11/2024,21:30,[21:15-21:30[,S,F,F,C,C,78.78,78.78
23/11/2024,21:45,[21:30-21:45[,S,F,F,C,C,78.78,78.78
23/11/2024,22:00,[21:45-22:00[,S,F,F,C,C,78.78,78.78
23/11/2024,22:15,[22:00-22:15[,S,V,V,V,V,40.00,40.00
23/11/2024,22:30,[22:15-22:30[,S,V,V,V,V,40.00,40.00
23/11/2024,22:45,[22:30-22:45[,S,V,V,V,V,40.00,40.00
23/11/2024,23:00,[22:45-23:00[,S,V,V,V,V,40.00,40.00
23/11/2024,23:15,[23:00-23:15[,S,V,V,V,V,13.81,13.81
23/11/2024,23:30,[23:15-23:30[,S,V,V,V,V,13.81,13.81
23/11/2024,23:45,[23:30-23:45[,S,V,V,V,V,13.81,13.81
23/11/2024,23:59,[23:45-00:00[,S,V,V,V,V,13.81,13.81
24/11/2024,00:15,[00:00-00:15[,S,V,V,V,V,8.48,8.48
24/11/2024,00:30,[00:15-00:30[,S,V,V,V,V,8.48,8.48
24/11/2024,00:45,[00:30-00:45[,S,V,V,V,V,8.48,8.48
24/11/2024,01:00,[00:45-01:00[,S,V,V,V,V,8.48,8.48
24/11/2024,01:15,[01:00-01:15[,S,V,V,V,V,5.53,5.53
24/11/2024,01:30,[01:15-01:30[,S,V,V,V,V,5.53,5.53
24/11/2024,01:45,[01:30-01:45[,S,V,V,V,V,5.53,5.53
24/11/2024,02:00,[01:45-02:00[,S,V,V,V,V,5.53,5.53
24/11/2024,02:15,[02:00-02:15[,S,V,V,V,V,3.71,3.71
24/11/2024,02:30,[02:15-02:30[,S,V,V,V,V,3.71,3.71
24/11/2024,02:45,[02:30-02:45[,S,V,V,V,V,3.71,3.71
24/11/2024,03:00,[02:45-03:00[,S,V,V,V,V,3.71,3.71
24/11/2024,03:15,[03:00-03:15[,S,V,V,V,V,3.32,3.32
24/11/2024,03:30,[03:15-03:30[,S,V,V,V,V,3.32,3.32
24/11/2024,03:45,[03:30-03:45[,S,V,V,V,V,3.32,3.32
24/11/2024,04:00,[03:45-04:00[,S,V,V,V,V,3.32,3.32
24/11/2024,04:15,[04:00-04:15[,S,V,V,V,V,4.68,4.68
24/11/2024,04:30,[04:15-04:30[,S,V,V,V,V,4.68,4.68
24/11/2024,04:45,[04:30-04:45[,S,V,V,V,V,4.68,4.68
24/11/2024,05:00,[04:45-05:00[,S,V,V,V,V,4.68,4.68
24/11/2024,05:15,[05:00-05:15[,S,V,V,V,V,3.92,3.92
24/11/2024,05:30,[05:15-05:30[,S,V,V,V,V,3.92,3.92
24/11/2024,05:45,[05:30-05:45[,S,V,V,V,V,3.92,3.92
24/11/2024,06:00,[05:45-06:00[,S,V,V,V,V,3.92,3.92
24/11/2024,06:15,[06:00-06:15[,S,V,V,V,V,3.71,3.71
24/11/2024,06:30,[06:15-06:30[,S,V,V,V,V,3.71,3.71
24/11/2024,06:45,[06:30-06:45[,S,V,V,V,V,3.71,3.71
24/11/2024,07:00,[06:45-07:00[,S,V,V,V,V,3.71,3.71
24/11/2024,07:15,[07:00-07:15[,S,V,V,V,V,3.32,3.32
24/11/2024,07:30,[07:15-07:30[,S,V,V,V,V,3.32,3.32
24/11/2024,07:45,[07:30-07:45[,S,V,V,V,V,3.32,3.32
24/11/2024,08:00,[07:45-08:00[,S,V,V,V,V,3.32,3.32
24/11/2024,08:15,[08:00-08:15[,S,F,V,C,V,5.24,5.24
24/11/2024,08:30,[08:15-08:30[,S,F,V,C,V,5.24,5.24
24/11/2024,08:45,[08:30-08:45[,S,F,V,C,V,5.24,5.24
24/11/2024,09:00,[08:45-09:00[,S,F,V,C,V,5.24,5.24
24/11/2024,09:15,[09:00-09:15[,S,F,V,P,V,3.32,3.32
24/11/2024,09:30,[09:15-09:30[,S,F,V,P,V,3.32,3.32
24/11/2024,09:45,[09:30-09:45[,S,F,V,P,V,3.32,3.32
24/11/2024,10:00,[09:45-10:00[,S,F,V,P,V,3.32,3.32
24/11/2024,10:15,[10:00-10:15[,S,F,V,P,V,3.32,3.32
24/11/2024,10:30,[10:15-10:30[,S,F,V,P,V,3.32,3.32
24/11/2024,10:45,[10:30-10:45[,S,F,V,C,V,3.32,3.32
24/11/2024,11:00,[10:45-11:00[,S,F,V,C,V,3.32,3.32
24/11/2024,11:15,[11:00-11:15[,S,F,V,C,V,3.32,3.32
24/11/2024,11:30,[11:15-11:30[,S,F,V,C,V,3.32,3.32
24/11/2024,11:45,[11:30-11:45[,S,F,V,C,V,3.32,3.32
24/11/2024,12:00,[11:45-12:00[,S,F,V,C,V,3.32,3.32
24/11/2024,12:15,[12:00-12:15[,S,F,V,C,V,3.32,3.32
24/11/2024,12:30,[12:15-12:30[,S,F,V,C,V,3.32,3.32
24/11/2024,12:45,[12:30-12:45[,S,F,V,C,V,3.32,3.32
24/11/2024,13:00,[12:45-13:00[,S,F,V,C,V,3.32,3.32
24/11/2024,13:15,[13:00-13:15[,S,F,V,C,V,3.32,3.32
24/11/2024,13:30,[13:15-13:30[,S,F,V,C,V,3.32,3.32
24/11/2024,13:45,[13:30-13:45[,S,F,V,C,V,3.32,3.32
24/11/2024,14:00,[13:45-14:00[,S,F,V,C,V,3.32,3.32
24/11/2024,14:15,[14:00-14:15[,S,F,V,C,V,3.32,3.32
24/11/2024,14:30,[14:15-14:30[,S,F,V,C,V,3.32,3.32
24/11/2024,14:45,[14:30-14:45[,S,F,V,C,V,3.32,3.32
24/11/2024,15:00,[14:45-15:00[,S,F,V,C,V,3.32,3.32
24/11/2024,15:15,[15:00-15:15[,S,F,V,C,V,3.74,3.74
24/11/2024,15:30,[15:15-15:30[,S,F,V,C,V,3.74,3.74
24/11/2024,15:45,[15:30-15:45[,S,F,V,C,V,3.74,3.74
24/11/2024,16:00,[15:45-16:00[,S,F,V,C,V,3.74,3.74
24/11/2024,16:15,[16:00-16:15[,S,F,V,C,V,11.17,11.17
24/11/2024,16:30,[16:15-16:30[,S,F,V,C,V,11.17,11.17
24/11/2024,16:45,[16:30-16:45[,S,F,V,C,V,11.17,11.17
24/11/2024,17:00,[16:45-17:00[,S,F,V,C,V,11.17,11.17
24/11/2024,17:15,[17:00-17:15[,S,F,V,C,V,28.49,28.49
24/11/2024,17:30,[17:15-17:30[,S,F,V,C,V,28.49,28.49
24/11/2024,17:45,[17:30-17:45[,S,F,V,C,V,28.49,28.49
24/11/2024,18:00,[17:45-18:00[,S,F,V,C,V,28.49,28.49
24/11/2024,18:15,[18:00-18:15[,S,F,V,P,V,41.54,41.54
24/11/2024,18:30,[18:15-18:30[,S,F,V,P,V,41.54,41.54
24/11/2024,18:45,[18:30-18:45[,S,F,V,P,V,41.54,41.54
24/11/2024,19:00,[18:45-19:00[,S,F,V,P,V,41.54,41.54
24/11/2024,19:15,[19:00-19:15[,S,F,V,P,V,34.61,34.61
24/11/2024,19:30,[19:15-19:30[,S,F,V,P,V,34.61,34.61
24/11/2024,19:45,[19:30-19:45[,S,F,V,P,V,34.61,34.61
24/11/2024,20:00,[19:45-20:00[,S,F,V,P,V,34.61,34.61
24/11/2024,20:15,[20:00-20:15[,S,F,V,P,V,27.14,27.14
24/11/2024,20:30,[20:15-20:30[,S,F,V,P,V,27.14,27.14
24/11/2024,20:45,[20:30-20:45[,S,F,V,C,V,27.14,27.14
24/11/2024,21:00,[20:45-21:00[,S,F,V,C,V,27.14,27.14
24/11/2024,21:15,[21:00-21:15[,S,F,V,C,V,20.26,20.26
24/11/2024,21:30,[21:15-21:30[,S,F,V,C,V,20.26,20.26
24/11/2024,21:45,[21:30-21:45[,S,F,V,C,V,20.26,20.26
24/11/2024,22:00,[21:45-22:00[,S,F,V,C,V,20.26,20.26
24/11/2024,22:15,[22:00-22:15[,S,V,V,V,V,14.46,14.46
24/11/2024,22:30,[22:15-22:30[,S,V,V,V,V,14.46,14.46
24/11/2024,22:45,[22:30-22:45[,S,V,V,V,V,14.46,14.46
24/11/2024,23:00,[22:45-23:00[,S,V,V,V,V,14.46,14.46
24/11/2024,23:15,[23:00-23:15[,S,V,V,V,V,10.32,10.32
24/11/2024,23:30,[23:15-23:30[,S,V,V,V,V,10.32,10.32
24/11/2024,23:45,[23:30-23:45[,S,V,V,V,V,10.32,10.32
24/11/2024,23:59,[23:45-00:00[,S,V,V,V,V,10.32,10.32
25/11/2024,00:15,[00:00-00:15[,S,V,V,V,V,8.41,8.41
25/11/2024,00:30,[00:15-00:30[,S,V,V,V,V,8.41,8.41
25/11/2024,00:45,[00:30-00:45[,S,V,V,V,V,8.41,8.41
25/11/2024,01:00,[00:45-01:00[,S,V,V,V,V,8.41,8.41
25/11/2024,01:15,[01:00-01:15[,S,V,V,V,V,3.94,3.94
25/11/2024,01:30,[01:15-01:30[,S,V,V,V,V,3.94,3.94
25/11/2024,01:45,[01:30-01:45[,S,V,V,V,V,3.94,3.94
25/11/2024,02:00,[01:45-02:00[,S,V,V,V,V,3.94,3.94
25/11/2024,02:15,[02:00-02:15[,S,V,V,V,V,9.99,3.32
25/11/2024,02:30,[02:15-02:30[,S,V,V,V,V,9.99,3.32
25/11/2024,02:45,[02:30-02:45[,S,V,V,V,V,9.99,3.32
25/11/2024,03:00,[02:45-03:00[,S,V,V,V,V,9.99,3.32
25/11/2024,03:15,[03:00-03:15[,S,V,V,V,V,3.33,3.32
25/11/2024,03:30,[03:15-03:30[,S,V,V,V,V,3.33,3.32
25/11/2024,03:45,[03:30-03:45[,S,V,V,V,V,3.33,3.32
25/11/2024,04:00,[03:45-04:00[,S,V,V,V,V,3.33,3.32
25/11/2024,04:15,[04:00-04:15[,S,V,V,V,V,3.71,3.71
25/11/2024,04:30,[04:15-04:30[,S,V,V,V,V,3.71,3.71
25/11/2024,04:45,[04:30-04:45[,S,V,V,V,V,3.71,3.71
25/11/2024,05:00,[04:45-05:00[,S,V,V,V,V,3.71,3.71
25/11/2024,05:15,[05:00-05:15[,S,V,V,V,V,15.27,15.27
25/11/2024,05:30,[05:15-05:30[,S,V,V,V,V,15.27,15.27
25/11/2024,05:45,[05:30-05:45[,S,V,V,V,V,15.27,15.27
25/11/2024,06:00,[05:45-06:00[,S,V,V,V,V,15.27,15.27
25/11/2024,06:15,[06:00-06:15[,S,V,V,V,V,83.00,83.00
25/11/2024,06:30,[06:15-06:30[,S,V,V,V,V,83.00,83.00
25/11/2024,06:45,[06:30-06:45[,S,V,V,V,V,83.00,83.00
25/11/2024,07:00,[06:45-07:00[,S,V,V,V,V,83.00,83.00
25/11/2024,07:15,[07:00-07:15[,S,V,F,V,C,107.29,107.29
25/11/2024,07:30,[07:15-07:30[,S,V,F,V,C,107.29,107.29
25/11/2024,07:45,[07:30-07:45[,S,V,F,V,C,107.29,107.29
25/11/2024,08:00,[07:45-08:00[,S,V,F,V,C,107.29,107.29
25/11/2024,08:15,[08:00-08:15[,S,F,F,C,C,100.95,100.95
25/11/2024,08:30,[08:15-08:30[,S,F,F,C,C,100.95,100.95
25/11/2024,08:45,[08:30-08:45[,S,F,F,C,C,100.95,100.95
25/11/2024,09:00,[08:45-09:00[,S,F,F,C,C,100.95,100.95
25/11/2024,09:15,[09:00-09:15[,S,F,F,P,C,82.90,82.90
25/11/2024,09:30,[09:15-09:30[,S,F,F,P,C,82.90,82.90
25/11/2024,09:45,[09:30-09:45[,S,F,F,P,P,82.90,82.90
25/11/2024,10:00,[09:45-10:00[,S,F,F,P,P,82.90,82.90
25/11/2024,10:15,[10:00-10:15[,S,F,F,P,P,74.59,74.59
25/11/2024,10:30,[10:15-10:30[,S,F,F,P,P,74.59,74.59
25/11/2024,10:45,[10:30-10:45[,S,F,F,C,P,74.59,74.59
25/11/2024,11:00,[10:45-11:00[,S,F,F,C,P,74.59,74.59
25/11/2024,11:15,[11:00-11:15[,S,F,F,C,P,76.23,76.23
25/11/2024,11:30,[11:15-11:30[,S,F,F,C,P,76.23,76.23
25/11/2024,11:45,[11:30-11:45[,S,F,F,C,P,76.23,76.23
25/11/2024,12:00,[11:45-12:00[,S,F,F,C,P,76.23,76.23
25/11/2024,12:15,[12:00-12:15[,S,F,F,C,C,71.98,71.98
25/11/2024,12:30,[12:15-12:30[,S,F,F,C,C,71.98,71.98
25/11/2024,12:45,[12:30-12:45[,S,F,F,C,C,71.98,71.98
25/11/2024,13:00,[12:45-13:00[,S,F,F,C,C,71.98,71.98
25/11/2024,13:15,[13:00-13:15[,S,F,F,C,C,71.30,71.30
25/11/2024,13:30,[13:15-13:30[,S,F,F,C,C,71.30,71.30
25/11/2024,13:45,[13:30-13:45[,S,F,F,C,C,71.30,71.30
25/11/2024,14:00,[13:45-14:00[,S,F,F,C,C,71.30,71.30
25/11/2024,14:15,[14:00-14:15[,S,F,F,C,C,93.39,93.39
25/11/2024,14:30,[14:15-14:30[,S,F,F,C,C,93.39,93.39
25/11/2024,14:45,[14:30-14:45[,S,F,F,C,C,93.39,93.39
25/11/2024,15:00,[14:45-15:00[,S,F,F,C,C,93.39,93.39
25/11/2024,15:15,[15:00-15:15[,S,F,F,C,C,118.71,118.71
25/11/2024,15:30,[15:15-15:30[,S,F,F,C,C,118.71,118.71
25/11/2024,15:45,[15:30-15:45[,S,F,F,C,C,118.71,118.71
25/11/2024,16:00,[15:45-16:00[,S,F,F,C,C,118.71,118.71
25/11/2024,16:15,[16:00-16:15[,S,F,F,C,C,141.91,141.91
25/11/2024,16:30,[16:15-16:30[,S,F,F,C,C,141.91,141.91
25/11/2024,16:45,[16:30-16:45[,S,F,F,C,C,141.91,141.91
25/11/2024,17:00,[16:45-17:00[,S,F,F,C,C,141.91,141.91
25/11/2024,17:15,[17:00-17:15[,S,F,F,C,C,145.62,145.62
25/11/2024,17:30,[17:15-17:30[,S,F,F,C,C,145.62,145.62
25/11/2024,17:45,[17:30-17:45[,S,F,F,C,C,145.62,145.62
25/11/2024,18:00,[17:45-18:00[,S,F,F,C,C,145.62,145.62
25/11/2024,18:15,[18:00-18:15[,S,F,F,P,C,149.15,149.15
25/11/2024,18:30,[18:15-18:30[,S,F,F,P,C,149.15,149.15
25/11/2024,18:45,[18:30-18:45[,S,F,F,P,P,149.15,149.15
25/11/2024,19:00,[18:45-19:00[,S,F,F,P,P,149.15,149.15
25/11/2024,19:15,[19:00-19:15[,S,F,F,P,P,159.82,159.82
25/11/2024,19:30,[19:15-19:30[,S,F,F,P,P,159.82,159.82
25/11/2024,19:45,[19:30-19:45[,S,F,F,P,P,159.82,159.82
25/11/2024,20:00,[19:45-20:00[,S,F,F,P,P,159.82,159.82
25/11/2024,20:15,[20:00-20:15[,S,F,F,P,P,150.82,150.82
25/11/2024,20:30,[20:15-20:30[,S,F,F,P,P,150.82,150.82
25/11/2024,20:45,[20:30-20:45[,S,F,F,C,P,150.82,150.82
25/11/2024,21:00,[20:45-21:00[,S,F,F,C,P,150.82,150.82
25/11/2024,21:15,[21:00-21:15[,S,F,F,C,C,145.26,145.26
25/11/2024,21:30,[21:15-21:30[,S,F,F,C,C,145.26,145.26
25/11/2024,21:45,[21:30-21:45[,S,F,F,C,C,145.26,145.26
25/11/2024,22:00,[21:45-22:00[,S,F,F,C,C,145.26,145.26
25/11/2024,22:15,[22:00-22:15[,S,V,F,V,C,140.26,140.26
25/11/2024,22:30,[22:15-22:30[,S,V,F,V,C,140.26,140.26
25/11/2024,22:45,[22:30-22:45[,S,V,F,V,C,140.26,140.26
25/11/2024,23:00,[22:45-23:00[,S,V,F,V,C,140.26,140.26
25/11/2024,23:15,[23:00-23:15[,S,V,F,V,C,139.10,139.10
25/11/2024,23:30,[23:15-23:30[,S,V,F,V,C,139.10,139.10
25/11/2024,23:45,[23:30-23:45[,S,V,F,V,C,139.10,139.10
25/11/2024,23:59,[23:45-00:00[,S,V,F,V,C,139.10,139.10
26/11/2024,00:15,[00:00-00:15[,S,V,V,V,V,135.20,135.20
26/11/2024,00:30,[00:15-00:30[,S,V,V,V,V,135.20,135.20
26/11/2024,00:45,[00:30-00:45[,S,V,V,V,V,135.20,135.20
26/11/2024,01:00,[00:45-01:00[,S,V,V,V,V,135.20,135.20
26/11/2024,01:15,[01:00-01:15[,S,V,V,V,V,132.00,132.00
26/11/2024,01:30,[01:15-01:30[,S,V,V,V,V,132.00,132.00
26/11/2024,01:45,[01:30-01:45[,S,V,V,V,V,132.00,132.00
26/11/2024,02:00,[01:45-02:00[,S,V,V,V,V,132.00,132.00
26/11/2024,02:15,[02:00-02:15[,S,V,V,V,V,130.38,130.38
26/11/2024,02:30,[02:15-02:30[,S,V,V,V,V,130.38,130.38
26/11/2024,02:45,[02:30-02:45[,S,V,V,V,V,130.38,130.38
26/11/2024,03:00,[02:45-03:00[,S,V,V,V,V,130.38,130.38
26/11/2024,03:15,[03:00-03:15[,S,V,V,V,V,133.48,133.48
26/11/2024,03:30,[03:15-03:30[,S,V,V,V,V,133.48,133.48
26/11/2024,03:45,[03:30-03:45[,S,V,V,V,V,133.48,133.48
26/11/2024,04:00,[03:45-04:00[,S,V,V,V,V,133.48,133.48
26/11/2024,04:15,[04:00-04:15[,S,V,V,V,V,137.50,137.50
26/11/2024,04:30,[04:15-04:30[,S,V,V,V,V,137.50,137.50
26/11/2024,04:45,[04:30-04:45[,S,V,V,V,V,137.50,137.50
26/11/2024,05:00,[04:45-05:00[,S,V,V,V,V,137.50,137.50
26/11/2024,05:15,[05:00-05:15[,S,V,V,V,V,142.60,142.60
26/11/2024,05:30,[05:15-05:30[,S,V,V,V,V,142.60,142.60
26/11/2024,05:45,[05:30-05:45[,S,V,V,V,V,142.60,142.60
26/11/2024,06:00,[05:45-06:00[,S,V,V,V,V,142.60,142.60
26/11/2024,06:15,[06:00-06:15[,S,V,V,V,V,147.80,147.80
26/11/2024,06:30,[06:15-06:30[,S,V,V,V,V,147.80,147.80
26/11/2024,06:45,[06:30-06:45[,S,V,V,V,V,147.80,147.80
26/11/2024,07:00,[06:45-07:00[,S,V,V,V,V,147.80,147.80
26/11/2024,07:15,[07:00-07:15[,S,V,F,V,C,156.11,156.11
26/11/2024,07:30,[07:15-07:30[,S,V,F,V,C,156.11,156.11
26/11/2024,07:45,[07:30-07:45[,S,V,F,V,C,156.11,156.11
26/11/2024,08:00,[07:45-08:00[,S,V,F,V,C,156.11,156.11
26/11/2024,08:15,[08:00-08:15[,S,F,F,C,C,147.80,147.80
26/11/2024,08:30,[08:15-08:30[,S,F,F,C,C,147.80,147.80
26/11/2024,08:45,[08:30-08:45[,S,F,F,C,C,147.80,147.80
26/11/2024,09:00,[08:45-09:00[,S,F,F,C,C,147.80,147.80
26/11/2024,09:15,[09:00-09:15[,S,F,F,P,C,144.06,144.06
26/11/2024,09:30,[09:15-09:30[,S,F,F,P,C,144.06,144.06
26/11/2024,09:45,[09:30-09:45[,S,F,F,P,P,144.06,144.06
26/11/2024,10:00,[09:45-10:00[,S,F,F,P,P,144.06,144.06
26/11/2024,10:15,[10:00-10:15[,S,F,F,P,P,141.00,141.00
26/11/2024,10:30,[10:15-10:30[,S,F,F,P,P,141.00,141.00
26/11/2024,10:45,[10:30-10:45[,S,F,F,C,P,141.00,141.00
26/11/2024,11:00,[10:45-11:00[,S,F,F,C,P,141.00,141.00
26/11/2024,11:15,[11:00-11:15[,S,F,F,C,P,139.10,139.10
26/11/2024,11:30,[11:15-11:30[,S,F,F,C,P,139.10,139.10
26/11/2024,11:45,[11:30-11:45[,S,F,F,C,P,139.10,139.10
26/11/2024,12:00,[11:45-12:00[,S,F,F,C,P,139.10,139.10
26/11/2024,12:15,[12:00-12:15[,S,F,F,C,C,138.70,138.70
26/11/2024,12:30,[12:15-12:30[,S,F,F,C,C,138.70,138.70
26/11/2024,12:45,[12:30-12:45[,S,F,F,C,C,138.70,138.70
26/11/2024,13:00,[12:45-13:00[,S,F,F,C,C,138.70,138.70
26/11/2024,13:15,[13:00-13:15[,S,F,F,C,C,138.70,138.70
26/11/2024,13:30,[13:15-13:30[,S,F,F,C,C,138.70,138.70
26/11/2024,13:45,[13:30-13:45[,S,F,F,C,C,138.70,138.70
26/11/2024,14:00,[13:45-14:00[,S,F,F,C,C,138.70,138.70
26/11/2024,14:15,[14:00-14:15[,S,F,F,C,C,140.50,140.50
26/11/2024,14:30,[14:15-14:30[,S,F,F,C,C,140.50,140.50
26/11/2024,14:45,[14:30-14:45[,S,F,F,C,C,140.50,140.50
26/11/2024,15:00,[14:45-15:00[,S,F,F,C,C,140.50,140.50
26/11/2024,15:15,[15:00-15:15[,S,F,F,C,C,140.50,140.50
26/11/2024,15:30,[15:15-15:30[,S,F,F,C,C,140.50,140.50
26/11/2024,15:45,[15:30-15:45[,S,F,F,C,C,140.50,140.50
26/11/2024,16:00,[15:45-16:00[,S,F,F,C,C,140.50,140.50
26/11/2024,16:15,[16:00-16:15[,S,F,F,C,C,148.85,148.85
26/11/2024,16:30,[16:15-16:30[,S,F,F,C,C,148.85,148.85
26/11/2024,16:45,[16:30-16:45[,S,F,F,C,C,148.85,148.85
26/11/2024,17:00,[16:45-17:00[,S,F,F,C,C,148.85,148.85
26/11/2024,17:15,[17:00-17:15[,S,F,F,C,C,162.07,162.07
26/11/2024,17:30,[17:15-17:30[,S,F,F,C,C,162.07,162.07
26/11/2024,17:45,[17:30-17:45[,S,F,F,C,C,162.07,162.07
26/11/2024,18:00,[17:45-18:00[,S,F,F,C,C,162.07,162.07
26/11/2024,18:15,[18:00-18:15[,S,F,F,P,C,154.84,154.84
26/11/2024,18:30,[18:15-18:30[,S,F,F,P,C,154.84,154.84
26/11/2024,18:45,[18:30-18:45[,S,F,F,P,P,154.84,154.84
26/11/2024,19:00,[18:45-19:00[,S,F,F,P,P,154.84,154.84
26/11/2024,19:15,[19:00-19:15[,S,F,F,P,P,153.25,153.25
26/11/2024,19:30,[19:15-19:30[,S,F,F,P,P,153.25,153.25
26/11/2024,19:45,[19:30-19:45[,S,F,F,P,P,153.25,153.25
26/11/2024,20:00,[19:45-20:00[,S,F,F,P,P,153.25,153.25
26/11/2024,20:15,[20:00-20:15[,S,F,F,P,P,149.73,149.73
26/11/2024,20:30,[20:15-20:30[,S,F,F,P,P,149.73,149.73
26/11/2024,20:45,[20:30-20:45[,S,F,F,C,P,149.73,149.73
26/11/2024,21:00,[20:45-21:00[,S,F,F,C,P,149.73,149.73
26/11/2024,21:15,[21:00-21:15[,S,F,F,C,C,144.36,144.36
26/11/2024,21:30,[21:15-21:30[,S,F,F,C,C,144.36,144.36
26/11/2024,21:45,[21:30-21:45[,S,F,F,C,C,144.36,144.36
26/11/2024,22:00,[21:45-22:00[,S,F,F,C,C,144.36,144.36
26/11/2024,22:15,[22:00-22:15[,S,V,F,V,C,140.26,140.26
26/11/2024,22:30,[22:15-22:30[,S,V,F,V,C,140.26,140.26
26/11/2024,22:45,[22:30-22:45[,S,V,F,V,C,140.26,140.26
26/11/2024,23:00,[22:45-23:00[,S,V,F,V,C,140.26,140.26
26/11/2024,23:15,[23:00-23:15[,S,V,F,V,C,140.00,140.00
26/11/2024,23:30,[23:15-23:30[,S,V,F,V,C,140.00,140.00
26/11/2024,23:45,[23:30-23:45[,S,V,F,V,C,140.00,140.00
26/11/2024,23:59,[23:45-00:00[,S,V,F,V,C,140.00,140.00
27/11/2024,00:15,[00:00-00:15[,S,V,V,V,V,135.21,135.21
27/11/2024,00:30,[00:15-00:30[,S,V,V,V,V,135.21,135.21
27/11/2024,00:45,[00:30-00:45[,S,V,V,V,V,135.21,135.21
27/11/2024,01:00,[00:45-01:00[,S,V,V,V,V,135.21,135.21
27/11/2024,01:15,[01:00-01:15[,S,V,V,V,V,131.77,131.77
27/11/2024,01:30,[01:15-01:30[,S,V,V,V,V,131.77,131.77
27/11/2024,01:45,[01:30-01:45[,S,V,V,V,V,131.77,131.77
27/11/2024,02:00,[01:45-02:00[,S,V,V,V,V,131.77,131.77
27/11/2024,02:15,[02:00-02:15[,S,V,V,V,V,128.00,128.00
27/11/2024,02:30,[02:15-02:30[,S,V,V,V,V,128.00,128.00
27/11/2024,02:45,[02:30-02:45[,S,V,V,V,V,128.00,128.00
27/11/2024,03:00,[02:45-03:00[,S,V,V,V,V,128.00,128.00
27/11/2024,03:15,[03:00-03:15[,S,V,V,V,V,125.84,125.84
27/11/2024,03:30,[03:15-03:30[,S,V,V,V,V,125.84,125.84
27/11/2024,03:45,[03:30-03:45[,S,V,V,V,V,125.84,125.84
27/11/2024,04:00,[03:45-04:00[,S,V,V,V,V,125.84,125.84
27/11/2024,04:15,[04:00-04:15[,S,V,V,V,V,131.77,131.77
27/11/2024,04:30,[04:15-04:30[,S,V,V,V,V,131.77,131.77
27/11/2024,04:45,[04:30-04:45[,S,V,V,V,V,131.77,131.77
27/11/2024,05:00,[04:45-05:00[,S,V,V,V,V,131.77,131.77
27/11/2024,05:15,[05:00-05:15[,S,V,V,V,V,142.60,142.60
27/11/2024,05:30,[05:15-05:30[,S,V,V,V,V,142.60,142.60
27/11/2024,05:45,[05:30-05:45[,S,V,V,V,V,142.60,142.60
27/11/2024,06:00,[05:45-06:00[,S,V,V,V,V,142.60,142.60
27/11/2024,06:15,[06:00-06:15[,S,V,V,V,V,151.70,151.70
27/11/2024,06:30,[06:15-06:30[,S,V,V,V,V,151.70,151.70
27/11/2024,06:45,[06:30-06:45[,S,V,V,V,V,151.70,151.70
27/11/2024,07:00,[06:45-07:00[,S,V,V,V,V,151.70,151.70
27/11/2024,07:15,[07:00-07:15[,S,V,F,V,C,157.00,157.00
27/11/2024,07:30,[07:15-07:30[,S,V,F,V,C,157.00,157.00
27/11/2024,07:45,[07:30-07:45[,S,V,F,V,C,157.00,157.00
27/11/2024,08:00,[07:45-08:00[,S,V,F,V,C,157.00,157.00
27/11/2024,08:15,[08:00-08:15[,S,F,F,C,C,145.47,145.47
27/11/2024,08:30,[08:15-08:30[,S,F,F,C,C,145.47,145.47
27/11/2024,08:45,[08:30-08:45[,S,F,F,C,C,145.47,145.47
27/11/2024,09:00,[08:45-09:00[,S,F,F,C,C,145.47,145.47
27/11/2024,09:15,[09:00-09:15[,S,F,F,P,C,122.00,122.00
27/11/2024,09:30,[09:15-09:30[,S,F,F,P,C,122.00,122.00
27/11/2024,09:45,[09:30-09:45[,S,F,F,P,P,122.00,122.00
27/11/2024,10:00,[09:45-10:00[,S,F,F,P,P,122.00,122.00
27/11/2024,10:15,[10:00-10:15[,S,F,F,P,P,105.57,105.57
27/11/2024,10:30,[10:15-10:30[,S,F,F,P,P,105.57,105.57
27/11/2024,10:45,[10:30-10:45[,S,F,F,C,P,105.57,105.57
27/11/2024,11:00,[10:45-11:00[,S,F,F,C,P,105.57,105.57
27/11/2024,11:15,[11:00-11:15[,S,F,F,C,P,105.44,105.44
27/11/2024,11:30,[11:15-11:30[,S,F,F,C,P,105.44,105.44
27/11/2024,11:45,[11:30-11:45[,S,F,F,C,P,105.44,105.44
27/11/2024,12:00,[11:45-12:00[,S,F,F,C,P,105.44,105.44
27/11/2024,12:15,[12:00-12:15[,S,F,F,C,C,105.57,105.57
27/11/2024,12:30,[12:15-12:30[,S,F,F,C,C,105.57,105.57
27/11/2024,12:45,[12:30-12:45[,S,F,F,C,C,105.57,105.57
27/11/2024,13:00,[12:45-13:00[,S,F,F,C,C,105.57,105.57
27/11/2024,13:15,[13:00-13:15[,S,F,F,C,C,105.57,105.57
27/11/2024,13:30,[13:15-13:30[,S,F,F,C,C,105.57,105.57
27/11/2024,13:45,[13:30-13:45[,S,F,F,C,C,105.57,105.57
27/11/2024,14:00,[13:45-14:00[,S,F,F,C,C,105.57,105.57
27/11/2024,14:15,[14:00-14:15[,S,F,F,C,C,112.78,112.78
27/11/2024,14:30,[14:15-14:30[,S,F,F,C,C,112.78,112.78
27/11/2024,14:45,[14:30-14:45[,S,F,F,C,C,112.78,112.78
27/11/2024,15:00,[14:45-15:00[,S,F,F,C,C,112.78,112.78
27/11/2024,15:15,[15:00-15:15[,S,F,F,C,C,142.60,142.60
27/11/2024,15:30,[15:15-15:30[,S,F,F,C,C,142.60,142.60
27/11/2024,15:45,[15:30-15:45[,S,F,F,C,C,142.60,142.60
27/11/2024,16:00,[15:45-16:00[,S,F,F,C,C,142.60,142.60
27/11/2024,16:15,[16:00-16:15[,S,F,F,C,C,149.07,149.07
27/11/2024,16:30,[16:15-16:30[,S,F,F,C,C,149.07,149.07
27/11/2024,16:45,[16:30-16:45[,S,F,F,C,C,149.07,149.07
27/11/2024,17:00,[16:45-17:00[,S,F,F,C,C,149.07,149.07
27/11/2024,17:15,[17:00-17:15[,S,F,F,C,C,165.08,165.08
27/11/2024,17:30,[17:15-17:30[,S,F,F,C,C,165.08,165.08
27/11/2024,17:45,[17:30-17:45[,S,F,F,C,C,165.08,165.08
27/11/2024,18:00,[17:45-18:00[,S,F,F,C,C,165.08,165.08
27/11/2024,18:15,[18:00-18:15[,S,F,F,P,C,161.20,161.20
27/11/2024,18:30,[18:15-18:30[,S,F,F,P,C,161.20,161.20
27/11/2024,18:45,[18:30-18:45[,S,F,F,P,P,161.20,161.20
27/11/2024,19:00,[18:45-19:00[,S,F,F,P,P,161.20,161.20
27/11/2024,19:15,[19:00-19:15[,S,F,F,P,P,165.01,165.01
27/11/2024,19:30,[19:15-19:30[,S,F,F,P,P,165.01,165.01
27/11/2024,19:45,[19:30-19:45[,S,F,F,P,P,165.01,165.01
27/11/2024,20:00,[19:45-20:00[,S,F,F,P,P,165.01,165.01
27/11/2024,20:15,[20:00-20:15[,S,F,F,P,P,157.94,157.94
27/11/2024,20:30,[20:15-20:30[,S,F,F,P,P,157.94,157.94
27/11/2024,20:45,[20:30-20:45[,S,F,F,C,P,157.94,157.94
27/11/2024,21:00,[20:45-21:00[,S,F,F,C,P,157.94,157.94
27/11/2024,21:15,[21:00-21:15[,S,F,F,C,C,147.20,147.20
27/11/2024,21:30,[21:15-21:30[,S,F,F,C,C,147.20,147.20
27/11/2024,21:45,[21:30-21:45[,S,F,F,C,C,147.20,147.20
27/11/2024,22:00,[21:45-22:00[,S,F,F,C,C,147.20,147.20
27/11/2024,22:15,[22:00-22:15[,S,V,F,V,C,140.50,140.50
27/11/2024,22:30,[22:15-22:30[,S,V,F,V,C,140.50,140.50
27/11/2024,22:45,[22:30-22:45[,S,V,F,V,C,140.50,140.50
27/11/2024,23:00,[22:45-23:00[,S,V,F,V,C,140.50,140.50
27/11/2024,23:15,[23:00-23:15[,S,V,F,V,C,141.75,141.75
27/11/2024,23:30,[23:15-23:30[,S,V,F,V,C,141.75,141.75
27/11/2024,23:45,[23:30-23:45[,S,V,F,V,C,141.75,141.75
27/11/2024,23:59,[23:45-00:00[,S,V,F,V,C,141.75,141.75
28/11/2024,00:15,[00:00-00:15[,S,V,V,V,V,135.01,135.01
28/11/2024,00:30,[00:15-00:30[,S,V,V,V,V,135.01,135.01
28/11/2024,00:45,[00:30-00:45[,S,V,V,V,V,135.01,135.01
28/11/2024,01:00,[00:45-01:00[,S,V,V,V,V,135.01,135.01
28/11/2024,01:15,[01:00-01:15[,S,V,V,V,V,122.00,122.00
28/11/2024,01:30,[01:15-01:30[,S,V,V,V,V,122.00,122.00
28/11/2024,01:45,[01:30-01:45[,S,V,V,V,V,122.00,122.00
28/11/2024,02:00,[01:45-02:00[,S,V,V,V,V,122.00,122.00
28/11/2024,02:15,[02:00-02:15[,S,V,V,V,V,121.40,121.40
28/11/2024,02:30,[02:15-02:30[,S,V,V,V,V,121.40,121.40
28/11/2024,02:45,[02:30-02:45[,S,V,V,V,V,121.40,121.40
28/11/2024,03:00,[02:45-03:00[,S,V,V,V,V,121.40,121.40
28/11/2024,03:15,[03:00-03:15[,S,V,V,V,V,111.50,111.50
28/11/2024,03:30,[03:15-03:30[,S,V,V,V,V,111.50,111.50
28/11/2024,03:45,[03:30-03:45[,S,V,V,V,V,111.50,111.50
28/11/2024,04:00,[03:45-04:00[,S,V,V,V,V,111.50,111.50
28/11/2024,04:15,[04:00-04:15[,S,V,V,V,V,115.79,115.79
28/11/2024,04:30,[04:15-04:30[,S,V,V,V,V,115.79,115.79
28/11/2024,04:45,[04:30-04:45[,S,V,V,V,V,115.79,115.79
28/11/2024,05:00,[04:45-05:00[,S,V,V,V,V,115.79,115.79
28/11/2024,05:15,[05:00-05:15[,S,V,V,V,V,135.00,135.00
28/11/2024,05:30,[05:15-05:30[,S,V,V,V,V,135.00,135.00
28/11/2024,05:45,[05:30-05:45[,S,V,V,V,V,135.00,135.00
28/11/2024,06:00,[05:45-06:00[,S,V,V,V,V,135.00,135.00
28/11/2024,06:15,[06:00-06:15[,S,V,V,V,V,150.00,150.00
28/11/2024,06:30,[06:15-06:30[,S,V,V,V,V,150.00,150.00
28/11/2024,06:45,[06:30-06:45[,S,V,V,V,V,150.00,150.00
28/11/2024,07:00,[06:45-07:00[,S,V,V,V,V,150.00,150.00
28/11/2024,07:15,[07:00-07:15[,S,V,F,V,C,152.28,152.28
28/11/2024,07:30,[07:15-07:30[,S,V,F,V,C,152.28,152.28
28/11/2024,07:45,[07:30-07:45[,S,V,F,V,C,152.28,152.28
28/11/2024,08:00,[07:45-08:00[,S,V,F,V,C,152.28,152.28
28/11/2024,08:15,[08:00-08:15[,S,F,F,C,C,140.80,140.80
28/11/2024,08:30,[08:15-08:30[,S,F,F,C,C,140.80,140.80
28/11/2024,08:45,[08:30-08:45[,S,F,F,C,C,140.80,140.80
28/11/2024,09:00,[08:45-09:00[,S,F,F,C,C,140.80,140.80
28/11/2024,09:15,[09:00-09:15[,S,F,F,P,C,121.00,121.00
28/11/2024,09:30,[09:15-09:30[,S,F,F,P,C,121.00,121.00
28/11/2024,09:45,[09:30-09:45[,S,F,F,P,P,121.00,121.00
28/11/2024,10:00,[09:45-10:00[,S,F,F,P,P,121.00,121.00
28/11/2024,10:15,[10:00-10:15[,S,F,F,P,P,108.95,108.95
28/11/2024,10:30,[10:15-10:30[,S,F,F,P,P,108.95,108.95
28/11/2024,10:45,[10:30-10:45[,S,F,F,C,P,108.95,108.95
28/11/2024,11:00,[10:45-11:00[,S,F,F,C,P,108.95,108.95
28/11/2024,11:15,[11:00-11:15[,S,F,F,C,P,103.50,103.50
28/11/2024,11:30,[11:15-11:30[,S,F,F,C,P,103.50,103.50
28/11/2024,11:45,[11:30-11:45[,S,F,F,C,P,103.50,103.50
28/11/2024,12:00,[11:45-12:00[,S,F,F,C,P,103.50,103.50
28/11/2024,12:15,[12:00-12:15[,S,F,F,C,C,103.19,103.19
28/11/2024,12:30,[12:15-12:30[,S,F,F,C,C,103.19,103.19
28/11/2024,12:45,[12:30-12:45[,S,F,F,C,C,103.19,103.19
28/11/2024,13:00,[12:45-13:00[,S,F,F,C,C,103.19,103.19
28/11/2024,13:15,[13:00-13:15[,S,F,F,C,C,108.50,108.50
28/11/2024,13:30,[13:15-13:30[,S,F,F,C,C,108.50,108.50
28/11/2024,13:45,[13:30-13:45[,S,F,F,C,C,108.50,108.50
28/11/2024,14:00,[13:45-14:00[,S,F,F,C,C,108.50,108.50
28/11/2024,14:15,[14:00-14:15[,S,F,F,C,C,119.81,119.81
28/11/2024,14:30,[14:15-14:30[,S,F,F,C,C,119.81,119.81
28/11/2024,14:45,[14:30-14:45[,S,F,F,C,C,119.81,119.81
28/11/2024,15:00,[14:45-15:00[,S,F,F,C,C,119.81,119.81
28/11/2024,15:15,[15:00-15:15[,S,F,F,C,C,137.10,137.10
28/11/2024,15:30,[15:15-15:30[,S,F,F,C,C,137.10,137.10
28/11/2024,15:45,[15:30-15:45[,S,F,F,C,C,137.10,137.10
28/11/2024,16:00,[15:45-16:00[,S,F,F,C,C,137.10,137.10
28/11/2024,16:15,[16:00-16:15[,S,F,F,C,C,150.40,150.40
28/11/2024,16:30,[16:15-16:30[,S,F,F,C,C,150.40,150.40
28/11/2024,16:45,[16:30-16:45[,S,F,F,C,C,150.40,150.40
28/11/2024,17:00,[16:45-17:00[,S,F,F,C,C,150.40,150.40
28/11/2024,17:15,[17:00-17:15[,S,F,F,C,C,158.24,158.24
28/11/2024,17:30,[17:15-17:30[,S,F,F,C,C,158.24,158.24
28/11/2024,17:45,[17:30-17:45[,S,F,F,C,C,158.24,158.24
28/11/2024,18:00,[17:45-18:00[,S,F,F,C,C,158.24,158.24
28/11/2024,18:15,[18:00-18:15[,S,F,F,P,C,154.12,154.12
28/11/2024,18:30,[18:15-18:30[,S,F,F,P,C,154.12,154.12
28/11/2024,18:45,[18:30-18:45[,S,F,F,P,P,154.12,154.12
28/11/2024,19:00,[18:45-19:00[,S,F,F,P,P,154.12,154.12
28/11/2024,19:15,[19:00-19:15[,S,F,F,P,P,153.00,153.00
28/11/2024,19:30,[19:15-19:30[,S,F,F,P,P,153.00,153.00
28/11/2024,19:45,[19:30-19:45[,S,F,F,P,P,153.00,153.00
28/11/2024,20:00,[19:45-20:00[,S,F,F,P,P,153.00,153.00
28/11/2024,20:15,[20:00-20:15[,S,F,F,P,P,148.58,148.58
28/11/2024,20:30,[20:15-20:30[,S,F,F,P,P,148.58,148.58
28/11/2024,20:45,[20:30-20:45[,S,F,F,C,P,148.58,148.58
28/11/2024,21:00,[20:45-21:00[,S,F,F,C,P,148.58,148.58
28/11/2024,21:15,[21:00-21:15[,S,F,F,C,C,140.60,140.60
28/11/2024,21:30,[21:15-21:30[,S,F,F,C,C,140.60,140.60
28/11/2024,21:45,[21:30-21:45[,S,F,F,C,C,140.60,140.60
28/11/2024,22:00,[21:45-22:00[,S,F,F,C,C,140.60,140.60
28/11/2024,22:15,[22:00-22:15[,S,V,F,V,C,140.01,140.01
28/11/2024,22:30,[22:15-22:30[,S,V,F,V,C,140.01,140.01
28/11/2024,22:45,[22:30-22:45[,S,V,F,V,C,140.01,140.01
28/11/2024,23:00,[22:45-23:00[,S,V,F,V,C,140.01,140.01
28/11/2024,23:15,[23:00-23:15[,S,V,F,V,C,120.90,120.90
28/11/2024,23:30,[23:15-23:30[,S,V,F,V,C,120.90,120.90
28/11/2024,23:45,[23:30-23:45[,S,V,F,V,C,120.90,120.90
28/11/2024,23:59,[23:45-00:00[,S,V,F,V,C,120.90,120.90
29/11/2024,00:15,[00:00-00:15[,S,V,V,V,V,109.78,109.78
29/11/2024,00:30,[00:15-00:30[,S,V,V,V,V,109.78,109.78
29/11/2024,00:45,[00:30-00:45[,S,V,V,V,V,109.78,109.78
29/11/2024,01:00,[00:45-01:00[,S,V,V,V,V,109.78,109.78
29/11/2024,01:15,[01:00-01:15[,S,V,V,V,V,105.00,105.00
29/11/2024,01:30,[01:15-01:30[,S,V,V,V,V,105.00,105.00
29/11/2024,01:45,[01:30-01:45[,S,V,V,V,V,105.00,105.00
29/11/2024,02:00,[01:45-02:00[,S,V,V,V,V,105.00,105.00
29/11/2024,02:15,[02:00-02:15[,S,V,V,V,V,105.00,105.00
29/11/2024,02:30,[02:15-02:30[,S,V,V,V,V,105.00,105.00
29/11/2024,02:45,[02:30-02:45[,S,V,V,V,V,105.00,105.00
29/11/2024,03:00,[02:45-03:00[,S,V,V,V,V,105.00,105.00
29/11/2024,03:15,[03:00-03:15[,S,V,V,V,V,102.00,102.00
29/11/2024,03:30,[03:15-03:30[,S,V,V,V,V,102.00,102.00
29/11/2024,03:45,[03:30-03:45[,S,V,V,V,V,102.00,102.00
29/11/2024,04:00,[03:45-04:00[,S,V,V,V,V,102.00,102.00
29/11/2024,04:15,[04:00-04:15[,S,V,V,V,V,105.00,105.00
29/11/2024,04:30,[04:15-04:30[,S,V,V,V,V,105.00,105.00
29/11/2024,04:45,[04:30-04:45[,S,V,V,V,V,105.00,105.00
29/11/2024,05:00,[04:45-05:00[,S,V,V,V,V,105.00,105.00
29/11/2024,05:15,[05:00-05:15[,S,V,V,V,V,121.06,121.06
29/11/2024,05:30,[05:15-05:30[,S,V,V,V,V,121.06,121.06
29/11/2024,05:45,[05:30-05:45[,S,V,V,V,V,121.06,121.06
29/11/2024,06:00,[05:45-06:00[,S,V,V,V,V,121.06,121.06
29/11/2024,06:15,[06:00-06:15[,S,V,V,V,V,140.01,140.01
29/11/2024,06:30,[06:15-06:30[,S,V,V,V,V,140.01,140.01
29/11/2024,06:45,[06:30-06:45[,S,V,V,V,V,140.01,140.01
29/11/2024,07:00,[06:45-07:00[,S,V,V,V,V,140.01,140.01
29/11/2024,07:15,[07:00-07:15[,S,V,F,V,C,144.08,144.08
29/11/2024,07:30,[07:15-07:30[,S,V,F,V,C,144.08,144.08
29/11/2024,07:45,[07:30-07:45[,S,V,F,V,C,144.08,144.08
29/11/2024,08:00,[07:45-08:00[,S,V,F,V,C,144.08,144.08
29/11/2024,08:15,[08:00-08:15[,S,F,F,C,C,140.01,140.01
29/11/2024,08:30,[08:15-08:30[,S,F,F,C,C,140.01,140.01
29/11/2024,08:45,[08:30-08:45[,S,F,F,C,C,140.01,140.01
29/11/2024,09:00,[08:45-09:00[,S,F,F,C,C,140.01,140.01
29/11/2024,09:15,[09:00-09:15[,S,F,F,P,C,121.06,121.06
29/11/2024,09:30,[09:15-09:30[,S,F,F,P,C,121.06,121.06
29/11/2024,09:45,[09:30-09:45[,S,F,F,P,P,121.06,121.06
29/11/2024,10:00,[09:45-10:00[,S,F,F,P,P,121.06,121.06
29/11/2024,10:15,[10:00-10:15[,S,F,F,P,P,109.99,109.99
29/11/2024,10:30,[10:15-10:30[,S,F,F,P,P,109.99,109.99
29/11/2024,10:45,[10:30-10:45[,S,F,F,C,P,109.99,109.99
29/11/2024,11:00,[10:45-11:00[,S,F,F,C,P,109.99,109.99
29/11/2024,11:15,[11:00-11:15[,S,F,F,C,P,109.78,109.06
29/11/2024,11:30,[11:15-11:30[,S,F,F,C,P,109.78,109.06
29/11/2024,11:45,[11:30-11:45[,S,F,F,C,P,109.78,109.06
29/11/2024,12:00,[11:45-12:00[,S,F,F,C,P,109.78,109.06
29/11/2024,12:15,[12:00-12:15[,S,F,F,C,C,109.78,108.20
29/11/2024,12:30,[12:15-12:30[,S,F,F,C,C,109.78,108.20
29/11/2024,12:45,[12:30-12:45[,S,F,F,C,C,109.78,108.20
29/11/2024,13:00,[12:45-13:00[,S,F,F,C,C,109.78,108.20
29/11/2024,13:15,[13:00-13:15[,S,F,F,C,C,109.99,108.87
29/11/2024,13:30,[13:15-13:30[,S,F,F,C,C,109.99,108.87
29/11/2024,13:45,[13:30-13:45[,S,F,F,C,C,109.99,108.87
29/11/2024,14:00,[13:45-14:00[,S,F,F,C,C,109.99,108.87
29/11/2024,14:15,[14:00-14:15[,S,F,F,C,C,121.06,121.06
29/11/2024,14:30,[14:15-14:30[,S,F,F,C,C,121.06,121.06
29/11/2024,14:45,[14:30-14:45[,S,F,F,C,C,121.06,121.06
29/11/2024,15:00,[14:45-15:00[,S,F,F,C,C,121.06,121.06
29/11/2024,15:15,[15:00-15:15[,S,F,F,C,C,138.57,138.57
29/11/2024,15:30,[15:15-15:30[,S,F,F,C,C,138.57,138.57
29/11/2024,15:45,[15:30-15:45[,S,F,F,C,C,138.57,138.57
29/11/2024,16:00,[15:45-16:00[,S,F,F,C,C,138.57,138.57
29/11/2024,16:15,[16:00-16:15[,S,F,F,C,C,144.26,144.26
29/11/2024,16:30,[16:15-16:30[,S,F,F,C,C,144.26,144.26
29/11/2024,16:45,[16:30-16:45[,S,F,F,C,C,144.26,144.26
29/11/2024,17:00,[16:45-17:00[,S,F,F,C,C,144.26,144.26
29/11/2024,17:15,[17:00-17:15[,S,F,F,C,C,152.77,152.77
29/11/2024,17:30,[17:15-17:30[,S,F,F,C,C,152.77,152.77
29/11/2024,17:45,[17:30-17:45[,S,F,F,C,C,152.77,152.77
29/11/2024,18:00,[17:45-18:00[,S,F,F,C,C,152.77,152.77
29/11/2024,18:15,[18:00-18:15[,S,F,F,P,C,155.95,155.95
29/11/2024,18:30,[18:15-18:30[,S,F,F,P,C,155.95,155.95
29/11/2024,18:45,[18:30-18:45[,S,F,F,P,P,155.95,155.95
29/11/2024,19:00,[18:45-19:00[,S,F,F,P,P,155.95,155.95
29/11/2024,19:15,[19:00-19:15[,S,F,F,P,P,155.95,155.95
29/11/2024,19:30,[19:15-19:30[,S,F,F,P,P,155.95,155.95
29/11/2024,19:45,[19:30-19:45[,S,F,F,P,P,155.95,155.95
29/11/2024,20:00,[19:45-20:00[,S,F,F,P,P,155.95,155.95
29/11/2024,20:15,[20:00-20:15[,S,F,F,P,P,150.00,150.00
29/11/2024,20:30,[20:15-20:30[,S,F,F,P,P,150.00,150.00
29/11/2024,20:45,[20:30-20:45[,S,F,F,C,P,150.00,150.00
29/11/2024,21:00,[20:45-21:00[,S,F,F,C,P,150.00,150.00
29/11/2024,21:15,[21:00-21:15[,S,F,F,C,C,144.08,144.08
29/11/2024,21:30,[21:15-21:30[,S,F,F,C,C,144.08,144.08
29/11/2024,21:45,[21:30-21:45[,S,F,F,C,C,144.08,144.08
29/11/2024,22:00,[21:45-22:00[,S,F,F,C,C,144.08,144.08
29/11/2024,22:15,[22:00-22:15[,S,V,F,V,C,139.10,139.10
29/11/2024,22:30,[22:15-22:30[,S,V,F,V,C,139.10,139.10
29/11/2024,22:45,[22:30-22:45[,S,V,F,V,C,139.10,139.10
29/11/2024,23:00,[22:45-23:00[,S,V,F,V,C,139.10,139.10
29/11/2024,23:15,[23:00-23:15[,S,V,F,V,C,136.15,136.15
29/11/2024,23:30,[23:15-23:30[,S,V,F,V,C,136.15,136.15
29/11/2024,23:45,[23:30-23:45[,S,V,F,V,C,136.15,136.15
29/11/2024,23:59,[23:45-00:00[,S,V,F,V,C,136.15,136.15
30/11/2024,00:15,[00:00-00:15[,S,V,V,V,V,128.50,128.50
30/11/2024,00:30,[00:15-00:30[,S,V,V,V,V,128.50,128.50
30/11/2024,00:45,[00:30-00:45[,S,V,V,V,V,128.50,128.50
30/11/2024,01:00,[00:45-01:00[,S,V,V,V,V,128.50,128.50
30/11/2024,01:15,[01:00-01:15[,S,V,V,V,V,132.83,132.83
30/11/2024,01:30,[01:15-01:30[,S,V,V,V,V,132.83,132.83
30/11/2024,01:45,[01:30-01:45[,S,V,V,V,V,132.83,132.83
30/11/2024,02:00,[01:45-02:00[,S,V,V,V,V,132.83,132.83
30/11/2024,02:15,[02:00-02:15[,S,V,V,V,V,129.50,129.50
30/11/2024,02:30,[02:15-02:30[,S,V,V,V,V,129.50,129.50
30/11/2024,02:45,[02:30-02:45[,S,V,V,V,V,129.50,129.50
30/11/2024,03:00,[02:45-03:00[,S,V,V,V,V,129.50,129.50
30/11/2024,03:15,[03:00-03:15[,S,V,V,V,V,127.29,127.29
30/11/2024,03:30,[03:15-03:30[,S,V,V,V,V,127.29,127.29
30/11/2024,03:45,[03:30-03:45[,S,V,V,V,V,127.29,127.29
30/11/2024,04:00,[03:45-04:00[,S,V,V,V,V,127.29,127.29
30/11/2024,04:15,[04:00-04:15[,S,V,V,V,V,125.34,125.34
30/11/2024,04:30,[04:15-04:30[,S,V,V,V,V,125.34,125.34
30/11/2024,04:45,[04:30-04:45[,S,V,V,V,V,125.34,125.34
30/11/2024,05:00,[04:45-05:00[,S,V,V,V,V,125.34,125.34
30/11/2024,05:15,[05:00-05:15[,S,V,V,V,V,125.34,125.34
30/11/2024,05:30,[05:15-05:30[,S,V,V,V,V,125.34,125.34
30/11/2024,05:45,[05:30-05:45[,S,V,V,V,V,125.34,125.34
30/11/2024,06:00,[05:45-06:00[,S,V,V,V,V,125.34,125.34
30/11/2024,06:15,[06:00-06:15[,S,V,V,V,V,132.83,132.83
30/11/2024,06:30,[06:15-06:30[,S,V,V,V,V,132.83,132.83
30/11/2024,06:45,[06:30-06:45[,S,V,V,V,V,132.83,132.83
30/11/2024,07:00,[06:45-07:00[,S,V,V,V,V,132.83,132.83
30/11/2024,07:15,[07:00-07:15[,S,V,V,V,V,137.07,137.07
30/11/2024,07:30,[07:15-07:30[,S,V,V,V,V,137.07,137.07
30/11/2024,07:45,[07:30-07:45[,S,V,V,V,V,137.07,137.07
30/11/2024,08:00,[07:45-08:00[,S,V,V,V,V,137.07,137.07
30/11/2024,08:15,[08:00-08:15[,S,F,V,C,V,122.77,122.77
30/11/2024,08:30,[08:15-08:30[,S,F,V,C,V,122.77,122.77
30/11/2024,08:45,[08:30-08:45[,S,F,V,C,V,122.77,122.77
30/11/2024,09:00,[08:45-09:00[,S,F,V,C,V,122.77,122.77
30/11/2024,09:15,[09:00-09:15[,S,F,V,P,V,100.00,100.00
30/11/2024,09:30,[09:15-09:30[,S,F,V,P,V,100.00,100.00
30/11/2024,09:45,[09:30-09:45[,S,F,F,P,C,100.00,100.00
30/11/2024,10:00,[09:45-10:00[,S,F,F,P,C,100.00,100.00
30/11/2024,10:15,[10:00-10:15[,S,F,F,P,C,88.67,88.67
30/11/2024,10:30,[10:15-10:30[,S,F,F,P,C,88.67,88.67
30/11/2024,10:45,[10:30-10:45[,S,F,F,C,C,88.67,88.67
30/11/2024,11:00,[10:45-11:00[,S,F,F,C,C,88.67,88.67
30/11/2024,11:15,[11:00-11:15[,S,F,F,C,C,89.49,89.49
30/11/2024,11:30,[11:15-11:30[,S,F,F,C,C,89.49,89.49
30/11/2024,11:45,[11:30-11:45[,S,F,F,C,C,89.49,89.49
30/11/2024,12:00,[11:45-12:00[,S,F,F,C,C,89.49,89.49
30/11/2024,12:15,[12:00-12:15[,S,F,F,C,C,92.00,92.00
30/11/2024,12:30,[12:15-12:30[,S,F,F,C,C,92.00,92.00
30/11/2024,12:45,[12:30-12:45[,S,F,F,C,C,92.00,92.00
30/11/2024,13:00,[12:45-13:00[,S,F,F,C,C,92.00,92.00
30/11/2024,13:15,[13:00-13:15[,S,F,V,C,V,99.17,99.17
30/11/2024,13:30,[13:15-13:30[,S,F,V,C,V,99.17,99.17
30/11/2024,13:45,[13:30-13:45[,S,F,V,C,V,99.17,99.17
30/11/2024,14:00,[13:45-14:00[,S,F,V,C,V,99.17,99.17
30/11/2024,14:15,[14:00-14:15[,S,F,V,C,V,105.99,105.99
30/11/2024,14:30,[14:15-14:30[,S,F,V,C,V,105.99,105.99
30/11/2024,14:45,[14:30-14:45[,S,F,V,C,V,105.99,105.99
30/11/2024,15:00,[14:45-15:00[,S,F,V,C,V,105.99,105.99
30/11/2024,15:15,[15:00-15:15[,S,F,V,C,V,120.91,120.91
30/11/2024,15:30,[15:15-15:30[,S,F,V,C,V,120.91,120.91
30/11/2024,15:45,[15:30-15:45[,S,F,V,C,V,120.91,120.91
30/11/2024,16:00,[15:45-16:00[,S,F,V,C,V,120.91,120.91
30/11/2024,16:15,[16:00-16:15[,S,F,V,C,V,136.67,136.67
30/11/2024,16:30,[16:15-16:30[,S,F,V,C,V,136.67,136.67
30/11/2024,16:45,[16:30-16:45[,S,F,V,C,V,136.67,136.67
30/11/2024,17:00,[16:45-17:00[,S,F,V,C,V,136.67,136.67
30/11/2024,17:15,[17:00-17:15[,S,F,V,C,V,142.50,142.50
30/11/2024,17:30,[17:15-17:30[,S,F,V,C,V,142.50,142.50
30/11/2024,17:45,[17:30-17:45[,S,F,V,C,V,142.50,142.50
30/11/2024,18:00,[17:45-18:00[,S,F,V,C,V,142.50,142.50
30/11/2024,18:15,[18:00-18:15[,S,F,V,P,V,142.27,142.27
30/11/2024,18:30,[18:15-18:30[,S,F,V,P,V,142.27,142.27
30/11/2024,18:45,[18:30-18:45[,S,F,F,P,C,142.27,142.27
30/11/2024,19:00,[18:45-19:00[,S,F,F,P,C,142.27,142.27
30/11/2024,19:15,[19:00-19:15[,S,F,F,P,C,141.74,141.74
30/11/2024,19:30,[19:15-19:30[,S,F,F,P,C,141.74,141.74
30/11/2024,19:45,[19:30-19:45[,S,F,F,P,C,141.74,141.74
30/11/2024,20:00,[19:45-20:00[,S,F,F,P,C,141.74,141.74
30/11/2024,20:15,[20:00-20:15[,S,F,F,P,C,141.50,141.50
30/11/2024,20:30,[20:15-20:30[,S,F,F,P,C,141.50,141.50
30/11/2024,20:45,[20:30-20:45[,S,F,F,C,C,141.50,141.50
30/11/2024,21:00,[20:45-21:00[,S,F,F,C,C,141.50,141.50
30/11/2024,21:15,[21:00-21:15[,S,F,F,C,C,140.00,140.00
30/11/2024,21:30,[21:15-21:30[,S,F,F,C,C,140.00,140.00
30/11/2024,21:45,[21:30-21:45[,S,F,F,C,C,140.00,140.00
30/11/2024,22:00,[21:45-22:00[,S,F,F,C,C,140.00,140.00
30/11/2024,22:15,[22:00-22:15[,S,V,V,V,V,137.67,137.67
30/11/2024,22:30,[22:15-22:30[,S,V,V,V,V,137.67,137.67
30/11/2024,22:45,[22:30-22:45[,S,V,V,V,V,137.67,137.67
30/11/2024,23:00,[22:45-23:00[,S,V,V,V,V,137.67,137.67
30/11/2024,23:15,[23:00-23:15[,S,V,V,V,V,122.90,122.90
30/11/2024,23:30,[23:15-23:30[,S,V,V,V,V,122.90,122.90
30/11/2024,23:45,[23:30-23:45[,S,V,V,V,V,122.90,122.90
30/11/2024,23:59,[23:45-00:00[,S,V,V,V,V,122.90,122.90
01/12/2024,00:15,[00:00-00:15[,S,V,V,V,V,110.50,110.50
01/12/2024,00:30,[00:15-00:30[,S,V,V,V,V,110.50,110.50
01/12/2024,00:45,[00:30-00:45[,S,V,V,V,V,110.50,110.50
01/12/2024,01:00,[00:45-01:00[,S,V,V,V,V,110.50,110.50
01/12/2024,01:15,[01:00-01:15[,S,V,V,V,V,105.99,105.99
01/12/2024,01:30,[01:15-01:30[,S,V,V,V,V,105.99,105.99
01/12/2024,01:45,[01:30-01:45[,S,V,V,V,V,105.99,105.99
01/12/2024,02:00,[01:45-02:00[,S,V,V,V,V,105.99,105.99
01/12/2024,02:15,[02:00-02:15[,S,V,V,V,V,105.99,105.99
01/12/2024,02:30,[02:15-02:30[,S,V,V,V,V,105.99,105.99
01/12/2024,02:45,[02:30-02:45[,S,V,V,V,V,105.99,105.99
01/12/2024,03:00,[02:45-03:00[,S,V,V,V,V,105.99,105.99
01/12/2024,03:15,[03:00-03:15[,S,V,V,V,V,105.78,105.78
01/12/2024,03:30,[03:15-03:30[,S,V,V,V,V,105.78,105.78
01/12/2024,03:45,[03:30-03:45[,S,V,V,V,V,105.78,105.78
01/12/2024,04:00,[03:45-04:00[,S,V,V,V,V,105.78,105.78
01/12/2024,04:15,[04:00-04:15[,S,V,V,V,V,105.99,105.99
01/12/2024,04:30,[04:15-04:30[,S,V,V,V,V,105.99,105.99
01/12/2024,04:45,[04:30-04:45[,S,V,V,V,V,105.99,105.99
01/12/2024,05:00,[04:45-05:00[,S,V,V,V,V,105.99,105.99
01/12/2024,05:15,[05:00-05:15[,S,V,V,V,V,110.20,110.20
01/12/2024,05:30,[05:15-05:30[,S,V,V,V,V,110.20,110.20
01/12/2024,05:45,[05:30-05:45[,S,V,V,V,V,110.20,110.20
01/12/2024,06:00,[05:45-06:00[,S,V,V,V,V,110.20,110.20
01/12/2024,06:15,[06:00-06:15[,S,V,V,V,V,119.78,119.78
01/12/2024,06:30,[06:15-06:30[,S,V,V,V,V,119.78,119.78
01/12/2024,06:45,[06:30-06:45[,S,V,V,V,V,119.78,119.78
01/12/2024,07:00,[06:45-07:00[,S,V,V,V,V,119.78,119.78
01/12/2024,07:15,[07:00-07:15[,S,V,V,V,V,130.00,130.00
01/12/2024,07:30,[07:15-07:30[,S,V,V,V,V,130.00,130.00
01/12/2024,07:45,[07:30-07:45[,S,V,V,V,V,130.00,130.00
01/12/2024,08:00,[07:45-08:00[,S,V,V,V,V,130.00,130.00
01/12/2024,08:15,[08:00-08:15[,S,F,V,C,V,121.40,121.40
01/12/2024,08:30,[08:15-08:30[,S,F,V,C,V,121.40,121.40
01/12/2024,08:45,[08:30-08:45[,S,F,V,C,V,121.40,121.40
01/12/2024,09:00,[08:45-09:00[,S,F,V,C,V,121.40,121.40
01/12/2024,09:15,[09:00-09:15[,S,F,V,P,V,106.66,106.66
01/12/2024,09:30,[09:15-09:30[,S,F,V,P,V,106.66,106.66
01/12/2024,09:45,[09:30-09:45[,S,F,V,P,V,106.66,106.66
01/12/2024,10:00,[09:45-10:00[,S,F,V,P,V,106.66,106.66
01/12/2024,10:15,[10:00-10:15[,S,F,V,P,V,105.99,105.99
01/12/2024,10:30,[10:15-10:30[,S,F,V,P,V,105.99,105.99
01/12/2024,10:45,[10:30-10:45[,S,F,V,C,V,105.99,105.99
01/12/2024,11:00,[10:45-11:00[,S,F,V,C,V,105.99,105.99
01/12/2024,11:15,[11:00-11:15[,S,F,V,C,V,105.53,105.53
01/12/2024,11:30,[11:15-11:30[,S,F,V,C,V,105.53,105.53
01/12/2024,11:45,[11:30-11:45[,S,F,V,C,V,105.53,105.53
01/12/2024,12:00,[11:45-12:00[,S,F,V,C,V,105.53,105.53
01/12/2024,12:15,[12:00-12:15[,S,F,V,C,V,112.00,112.00
01/12/2024,12:30,[12:15-12:30[,S,F,V,C,V,112.00,112.00
01/12/2024,12:45,[12:30-12:45[,S,F,V,C,V,112.00,112.00
01/12/2024,13:00,[12:45-13:00[,S,F,V,C,V,112.00,112.00
01/12/2024,13:15,[13:00-13:15[,S,F,V,C,V,130.00,130.00
01/12/2024,13:30,[13:15-13:30[,S,F,V,C,V,130.00,130.00
01/12/2024,13:45,[13:30-13:45[,S,F,V,C,V,130.00,130.00
01/12/2024,14:00,[13:45-14:00[,S,F,V,C,V,130.00,130.00
01/12/2024,14:15,[14:00-14:15[,S,F,V,C,V,134.19,134.19
01/12/2024,14:30,[14:15-14:30[,S,F,V,C,V,134.19,134.19
01/12/2024,14:45,[14:30-14:45[,S,F,V,C,V,134.19,134.19
01/12/2024,15:00,[14:45-15:00[,S,F,V,C,V,134.19,134.19
01/12/2024,15:15,[15:00-15:15[,S,F,V,C,V,141.14,141.14
01/12/2024,15:30,[15:15-15:30[,S,F,V,C,V,141.14,141.14
01/12/2024,15:45,[15:30-15:45[,S,F,V,C,V,141.14,141.14
01/12/2024,16:00,[15:45-16:00[,S,F,V,C,V,141.14,141.14
01/12/2024,16:15,[16:00-16:15[,S,F,V,C,V,149.70,149.70
01/12/2024,16:30,[16:15-16:30[,S,F,V,C,V,149.70,149.70
01/12/2024,16:45,[16:30-16:45[,S,F,V,C,V,149.70,149.70
01/12/2024,17:00,[16:45-17:00[,S,F,V,C,V,149.70,149.70
01/12/2024,17:15,[17:00-17:15[,S,F,V,C,V,153.02,153.02
01/12/2024,17:30,[17:15-17:30[,S,F,V,C,V,153.02,153.02
01/12/2024,17:45,[17:30-17:45[,S,F,V,C,V,153.02,153.02
01/12/2024,18:00,[17:45-18:00[,S,F,V,C,V,153.02,153.02
01/12/2024,18:15,[18:00-18:15[,S,F,V,P,V,163.70,163.70
01/12/2024,18:30,[18:15-18:30[,S,F,V,P,V,163.70,163.70
01/12/2024,18:45,[18:30-18:45[,S,F,V,P,V,163.70,163.70
01/12/2024,19:00,[18:45-19:00[,S,F,V,P,V,163.70,163.70
01/12/2024,19:15,[19:00-19:15[,S,F,V,P,V,175.20,175.20
01/12/2024,19:30,[19:15-19:30[,S,F,V,P,V,175.20,175.20
01/12/2024,19:45,[19:30-19:45[,S,F,V,P,V,175.20,175.20
01/12/2024,20:00,[19:45-20:00[,S,F,V,P,V,175.20,175.20
01/12/2024,20:15,[20:00-20:15[,S,F,V,P,V,145.20,145.20
01/12/2024,20:30,[20:15-20:30[,S,F,V,P,V,145.20,145.20
01/12/2024,20:45,[20:30-20:45[,S,F,V,C,V,145.20,145.20
01/12/2024,21:00,[20:45-21:00[,S,F,V,C,V,145.20,145.20
01/12/2024,21:15,[21:00-21:15[,S,F,V,C,V,142.30,142.30
01/12/2024,21:30,[21:15-21:30[,S,F,V,C,V,142.30,142.30
01/12/2024,21:45,[21:30-21:45[,S,F,V,C,V,142.30,142.30
01/12/2024,22:00,[21:45-22:00[,S,F,V,C,V,142.30,142.30
01/12/2024,22:15,[22:00-22:15[,S,V,V,V,V,133.21,133.21
01/12/2024,22:30,[22:15-22:30[,S,V,V,V,V,133.21,133.21
01/12/2024,22:45,[22:30-22:45[,S,V,V,V,V,133.21,133.21
01/12/2024,23:00,[22:45-23:00[,S,V,V,V,V,133.21,133.21
01/12/2024,23:15,[23:00-23:15[,S,V,V,V,V,137.77,137.77
01/12/2024,23:30,[23:15-23:30[,S,V,V,V,V,137.77,137.77
01/12/2024,23:45,[23:30-23:45[,S,V,V,V,V,137.77,137.77
01/12/2024,23:59,[23:45-00:00[,S,V,V,V,V,137.77,137.77
02/12/2024,00:15,[00:00-00:15[,S,V,V,V,V,134.93,134.93
02/12/2024,00:30,[00:15-00:30[,S,V,V,V,V,134.93,134.93
02/12/2024,00:45,[00:30-00:45[,S,V,V,V,V,134.93,134.93
02/12/2024,01:00,[00:45-01:00[,S,V,V,V,V,134.93,134.93
02/12/2024,01:15,[01:00-01:15[,S,V,V,V,V,131.93,131.93
02/12/2024,01:30,[01:15-01:30[,S,V,V,V,V,131.93,131.93
02/12/2024,01:45,[01:30-01:45[,S,V,V,V,V,131.93,131.93
02/12/2024,02:00,[01:45-02:00[,S,V,V,V,V,131.93,131.93
02/12/2024,02:15,[02:00-02:15[,S,V,V,V,V,128.93,128.93
02/12/2024,02:30,[02:15-02:30[,S,V,V,V,V,128.93,128.93
02/12/2024,02:45,[02:30-02:45[,S,V,V,V,V,128.93,128.93
02/12/2024,03:00,[02:45-03:00[,S,V,V,V,V,128.93,128.93
02/12/2024,03:15,[03:00-03:15[,S,V,V,V,V,129.00,129.00
02/12/2024,03:30,[03:15-03:30[,S,V,V,V,V,129.00,129.00
02/12/2024,03:45,[03:30-03:45[,S,V,V,V,V,129.00,129.00
02/12/2024,04:00,[03:45-04:00[,S,V,V,V,V,129.00,129.00
02/12/2024,04:15,[04:00-04:15[,S,V,V,V,V,133.00,133.00
02/12/2024,04:30,[04:15-04:30[,S,V,V,V,V,133.00,133.00
02/12/2024,04:45,[04:30-04:45[,S,V,V,V,V,133.00,133.00
02/12/2024,05:00,[04:45-05:00[,S,V,V,V,V,133.00,133.00
02/12/2024,05:15,[05:00-05:15[,S,V,V,V,V,141.50,141.50
02/12/2024,05:30,[05:15-05:30[,S,V,V,V,V,141.50,141.50
02/12/2024,05:45,[05:30-05:45[,S,V,V,V,V,141.50,141.50
02/12/2024,06:00,[05:45-06:00[,S,V,V,V,V,141.50,141.50
02/12/2024,06:15,[06:00-06:15[,S,V,V,V,V,150.83,150.83
02/12/2024,06:30,[06:15-06:30[,S,V,V,V,V,150.83,150.83
02/12/2024,06:45,[06:30-06:45[,S,V,V,V,V,150.83,150.83
02/12/2024,07:00,[06:45-07:00[,S,V,V,V,V,150.83,150.83
02/12/2024,07:15,[07:00-07:15[,S,V,F,V,C,157.20,157.20
02/12/2024,07:30,[07:15-07:30[,S,V,F,V,C,157.20,157.20
02/12/2024,07:45,[07:30-07:45[,S,V,F,V,C,157.20,157.20
02/12/2024,08:00,[07:45-08:00[,S,V,F,V,C,157.20,157.20
02/12/2024,08:15,[08:00-08:15[,S,F,F,C,C,154.73,154.73
02/12/2024,08:30,[08:15-08:30[,S,F,F,C,C,154.73,154.73
02/12/2024,08:45,[08:30-08:45[,S,F,F,C,C,154.73,154.73
02/12/2024,09:00,[08:45-09:00[,S,F,F,C,C,154.73,154.73
02/12/2024,09:15,[09:00-09:15[,S,F,F,P,C,147.30,147.30
02/12/2024,09:30,[09:15-09:30[,S,F,F,P,C,147.30,147.30
02/12/2024,09:45,[09:30-09:45[,S,F,F,P,P,147.30,147.30
02/12/2024,10:00,[09:45-10:00[,S,F,F,P,P,147.30,147.30
02/12/2024,10:15,[10:00-10:15[,S,F,F,P,P,139.10,139.10
02/12/2024,10:30,[10:15-10:30[,S,F,F,P,P,139.10,139.10
02/12/2024,10:45,[10:30-10:45[,S,F,F,C,P,139.10,139.10
02/12/2024,11:00,[10:45-11:00[,S,F,F,C,P,139.10,139.10
02/12/2024,11:15,[11:00-11:15[,S,F,F,C,P,132.26,132.26
02/12/2024,11:30,[11:15-11:30[,S,F,F,C,P,132.26,132.26
02/12/2024,11:45,[11:30-11:45[,S,F,F,C,P,132.26,132.26
02/12/2024,12:00,[11:45-12:00[,S,F,F,C,P,132.26,132.26
02/12/2024,12:15,[12:00-12:15[,S,F,F,C,C,130.00,130.00
02/12/2024,12:30,[12:15-12:30[,S,F,F,C,C,130.00,130.00
02/12/2024,12:45,[12:30-12:45[,S,F,F,C,C,130.00,130.00
02/12/2024,13:00,[12:45-13:00[,S,F,F,C,C,130.00,130.00
02/12/2024,13:15,[13:00-13:15[,S,F,F,C,C,126.56,126.56
02/12/2024,13:30,[13:15-13:30[,S,F,F,C,C,126.56,126.56
02/12/2024,13:45,[13:30-13:45[,S,F,F,C,C,126.56,126.56
02/12/2024,14:00,[13:45-14:00[,S,F,F,C,C,126.56,126.56
02/12/2024,14:15,[14:00-14:15[,S,F,F,C,C,135.00,135.00
02/12/2024,14:30,[14:15-14:30[,S,F,F,C,C,135.00,135.00
02/12/2024,14:45,[14:30-14:45[,S,F,F,C,C,135.00,135.00
02/12/2024,15:00,[14:45-15:00[,S,F,F,C,C,135.00,135.00
02/12/2024,15:15,[15:00-15:15[,S,F,F,C,C,147.30,147.30
02/12/2024,15:30,[15:15-15:30[,S,F,F,C,C,147.30,147.30
02/12/2024,15:45,[15:30-15:45[,S,F,F,C,C,147.30,147.30
02/12/2024,16:00,[15:45-16:00[,S,F,F,C,C,147.30,147.30
02/12/2024,16:15,[16:00-16:15[,S,F,F,C,C,154.73,154.73
02/12/2024,16:30,[16:15-16:30[,S,F,F,C,C,154.73,154.73
02/12/2024,16:45,[16:30-16:45[,S,F,F,C,C,154.73,154.73
02/12/2024,17:00,[16:45-17:00[,S,F,F,C,C,154.73,154.73
02/12/2024,17:15,[17:00-17:15[,S,F,F,C,C,156.48,156.48
02/12/2024,17:30,[17:15-17:30[,S,F,F,C,C,156.48,156.48
02/12/2024,17:45,[17:30-17:45[,S,F,F,C,C,156.48,156.48
02/12/2024,18:00,[17:45-18:00[,S,F,F,C,C,156.48,156.48
02/12/2024,18:15,[18:00-18:15[,S,F,F,P,C,157.16,157.16
02/12/2024,18:30,[18:15-18:30[,S,F,F,P,C,157.16,157.16
02/12/2024,18:45,[18:30-18:45[,S,F,F,P,P,157.16,157.16
02/12/2024,19:00,[18:45-19:00[,S,F,F,P,P,157.16,157.16
02/12/2024,19:15,[19:00-19:15[,S,F,F,P,P,157.20,157.20
02/12/2024,19:30,[19:15-19:30[,S,F,F,P,P,157.20,157.20
02/12/2024,19:45,[19:30-19:45[,S,F,F,P,P,157.20,157.20
02/12/2024,20:00,[19:45-20:00[,S,F,F,P,P,157.20,157.20
02/12/2024,20:15,[20:00-20:15[,S,F,F,P,P,154.73,154.73
02/12/2024,20:30,[20:15-20:30[,S,F,F,P,P,154.73,154.73
02/12/2024,20:45,[20:30-20:45[,S,F,F,C,P,154.73,154.73
02/12/2024,21:00,[20:45-21:00[,S,F,F,C,P,154.73,154.73
02/12/2024,21:15,[21:00-21:15[,S,F,F,C,C,152.13,152.13
02/12/2024,21:30,[21:15-21:30[,S,F,F,C,C,152.13,152.13
02/12/2024,21:45,[21:30-21:45[,S,F,F,C,C,152.13,152.13
02/12/2024,22:00,[21:45-22:00[,S,F,F,C,C,152.13,152.13
02/12/2024,22:15,[22:00-22:15[,S,V,F,V,C,147.30,147.30
02/12/2024,22:30,[22:15-22:30[,S,V,F,V,C,147.30,147.30
02/12/2024,22:45,[22:30-22:45[,S,V,F,V,C,147.30,147.30
02/12/2024,23:00,[22:45-23:00[,S,V,F,V,C,147.30,147.30
02/12/2024,23:15,[23:00-23:15[,S,V,F,V,C,139.46,139.46
02/12/2024,23:30,[23:15-23:30[,S,V,F,V,C,139.46,139.46
02/12/2024,23:45,[23:30-23:45[,S,V,F,V,C,139.46,139.46
02/12/2024,23:59,[23:45-00:00[,S,V,F,V,C,139.46,139.46
03/12/2024,00:15,[00:00-00:15[,S,V,V,V,V,135.00,135.00
03/12/2024,00:30,[00:15-00:30[,S,V,V,V,V,135.00,135.00
03/12/2024,00:45,[00:30-00:45[,S,V,V,V,V,135.00,135.00
03/12/2024,01:00,[00:45-01:00[,S,V,V,V,V,135.00,135.00
03/12/2024,01:15,[01:00-01:15[,S,V,V,V,V,130.46,130.46
03/12/2024,01:30,[01:15-01:30[,S,V,V,V,V,130.46,130.46
03/12/2024,01:45,[01:30-01:45[,S,V,V,V,V,130.46,130.46
03/12/2024,02:00,[01:45-02:00[,S,V,V,V,V,130.46,130.46
03/12/2024,02:15,[02:00-02:15[,S,V,V,V,V,125.36,125.36
03/12/2024,02:30,[02:15-02:30[,S,V,V,V,V,125.36,125.36
03/12/2024,02:45,[02:30-02:45[,S,V,V,V,V,125.36,125.36
03/12/2024,03:00,[02:45-03:00[,S,V,V,V,V,125.36,125.36
03/12/2024,03:15,[03:00-03:15[,S,V,V,V,V,123.72,123.72
03/12/2024,03:30,[03:15-03:30[,S,V,V,V,V,123.72,123.72
03/12/2024,03:45,[03:30-03:45[,S,V,V,V,V,123.72,123.72
03/12/2024,04:00,[03:45-04:00[,S,V,V,V,V,123.72,123.72
03/12/2024,04:15,[04:00-04:15[,S,V,V,V,V,125.67,125.67
03/12/2024,04:30,[04:15-04:30[,S,V,V,V,V,125.67,125.67
03/12/2024,04:45,[04:30-04:45[,S,V,V,V,V,125.67,125.67
03/12/2024,05:00,[04:45-05:00[,S,V,V,V,V,125.67,125.67
03/12/2024,05:15,[05:00-05:15[,S,V,V,V,V,138.54,138.54
03/12/2024,05:30,[05:15-05:30[,S,V,V,V,V,138.54,138.54
03/12/2024,05:45,[05:30-05:45[,S,V,V,V,V,138.54,138.54
03/12/2024,06:00,[05:45-06:00[,S,V,V,V,V,138.54,138.54
03/12/2024,06:15,[06:00-06:15[,S,V,V,V,V,149.36,149.36
03/12/2024,06:30,[06:15-06:30[,S,V,V,V,V,149.36,149.36
03/12/2024,06:45,[06:30-06:45[,S,V,V,V,V,149.36,149.36
03/12/2024,07:00,[06:45-07:00[,S,V,V,V,V,149.36,149.36
03/12/2024,07:15,[07:00-07:15[,S,V,F,V,C,158.84,158.84
03/12/2024,07:30,[07:15-07:30[,S,V,F,V,C,158.84,158.84
03/12/2024,07:45,[07:30-07:45[,S,V,F,V,C,158.84,158.84
03/12/2024,08:00,[07:45-08:00[,S,V,F,V,C,158.84,158.84
03/12/2024,08:15,[08:00-08:15[,S,F,F,C,C,154.90,154.90
03/12/2024,08:30,[08:15-08:30[,S,F,F,C,C,154.90,154.90
03/12/2024,08:45,[08:30-08:45[,S,F,F,C,C,154.90,154.90
03/12/2024,09:00,[08:45-09:00[,S,F,F,C,C,154.90,154.90
03/12/2024,09:15,[09:00-09:15[,S,F,F,P,C,146.06,146.06
03/12/2024,09:30,[09:15-09:30[,S,F,F,P,C,146.06,146.06
03/12/2024,09:45,[09:30-09:45[,S,F,F,P,P,146.06,146.06
03/12/2024,10:00,[09:45-10:00[,S,F,F,P,P,146.06,146.06
03/12/2024,10:15,[10:00-10:15[,S,F,F,P,P,142.00,142.00
03/12/2024,10:30,[10:15-10:30[,S,F,F,P,P,142.00,142.00
03/12/2024,10:45,[10:30-10:45[,S,F,F,C,P,142.00,142.00
03/12/2024,11:00,[10:45-11:00[,S,F,F,C,P,142.00,142.00
03/12/2024,11:15,[11:00-11:15[,S,F,F,C,P,138.54,138.54
03/12/2024,11:30,[11:15-11:30[,S,F,F,C,P,138.54,138.54
03/12/2024,11:45,[11:30-11:45[,S,F,F,C,P,138.54,138.54
03/12/2024,12:00,[11:45-12:00[,S,F,F,C,P,138.54,138.54
03/12/2024,12:15,[12:00-12:15[,S,F,F,C,C,130.46,130.46
03/12/2024,12:30,[12:15-12:30[,S,F,F,C,C,130.46,130.46
03/12/2024,12:45,[12:30-12:45[,S,F,F,C,C,130.46,130.46
03/12/2024,13:00,[12:45-13:00[,S,F,F,C,C,130.46,130.46
03/12/2024,13:15,[13:00-13:15[,S,F,F,C,C,121.18,121.18
03/12/2024,13:30,[13:15-13:30[,S,F,F,C,C,121.18,121.18
03/12/2024,13:45,[13:30-13:45[,S,F,F,C,C,121.18,121.18
03/12/2024,14:00,[13:45-14:00[,S,F,F,C,C,121.18,121.18
03/12/2024,14:15,[14:00-14:15[,S,F,F,C,C,121.46,121.46
03/12/2024,14:30,[14:15-14:30[,S,F,F,C,C,121.46,121.46
03/12/2024,14:45,[14:30-14:45[,S,F,F,C,C,121.46,121.46
03/12/2024,15:00,[14:45-15:00[,S,F,F,C,C,121.46,121.46
03/12/2024,15:15,[15:00-15:15[,S,F,F,C,C,140.65,140.65
03/12/2024,15:30,[15:15-15:30[,S,F,F,C,C,140.65,140.65
03/12/2024,15:45,[15:30-15:45[,S,F,F,C,C,140.65,140.65
03/12/2024,16:00,[15:45-16:00[,S,F,F,C,C,140.65,140.65
03/12/2024,16:15,[16:00-16:15[,S,F,F,C,C,150.00,150.00
03/12/2024,16:30,[16:15-16:30[,S,F,F,C,C,150.00,150.00
03/12/2024,16:45,[16:30-16:45[,S,F,F,C,C,150.00,150.00
03/12/2024,17:00,[16:45-17:00[,S,F,F,C,C,150.00,150.00
03/12/2024,17:15,[17:00-17:15[,S,F,F,C,C,157.23,157.23
03/12/2024,17:30,[17:15-17:30[,S,F,F,C,C,157.23,157.23
03/12/2024,17:45,[17:30-17:45[,S,F,F,C,C,157.23,157.23
03/12/2024,18:00,[17:45-18:00[,S,F,F,C,C,157.23,157.23
03/12/2024,18:15,[18:00-18:15[,S,F,F,P,C,160.02,160.02
03/12/2024,18:30,[18:15-18:30[,S,F,F,P,C,160.02,160.02
03/12/2024,18:45,[18:30-18:45[,S,F,F,P,P,160.02,160.02
03/12/2024,19:00,[18:45-19:00[,S,F,F,P,P,160.02,160.02
03/12/2024,19:15,[19:00-19:15[,S,F,F,P,P,158.46,158.46
03/12/2024,19:30,[19:15-19:30[,S,F,F,P,P,158.46,158.46
03/12/2024,19:45,[19:30-19:45[,S,F,F,P,P,158.46,158.46
03/12/2024,20:00,[19:45-20:00[,S,F,F,P,P,158.46,158.46
03/12/2024,20:15,[20:00-20:15[,S,F,F,P,P,150.00,150.00
03/12/2024,20:30,[20:15-20:30[,S,F,F,P,P,150.00,150.00
03/12/2024,20:45,[20:30-20:45[,S,F,F,C,P,150.00,150.00
03/12/2024,21:00,[20:45-21:00[,S,F,F,C,P,150.00,150.00
03/12/2024,21:15,[21:00-21:15[,S,F,F,C,C,142.08,142.08
03/12/2024,21:30,[21:15-21:30[,S,F,F,C,C,142.08,142.08
03/12/2024,21:45,[21:30-21:45[,S,F,F,C,C,142.08,142.08
03/12/2024,22:00,[21:45-22:00[,S,F,F,C,C,142.08,142.08
03/12/2024,22:15,[22:00-22:15[,S,V,F,V,C,130.81,130.81
03/12/2024,22:30,[22:15-22:30[,S,V,F,V,C,130.81,130.81
03/12/2024,22:45,[22:30-22:45[,S,V,F,V,C,130.81,130.81
03/12/2024,23:00,[22:45-23:00[,S,V,F,V,C,130.81,130.81
03/12/2024,23:15,[23:00-23:15[,S,V,F,V,C,124.12,124.12
03/12/2024,23:30,[23:15-23:30[,S,V,F,V,C,124.12,124.12
03/12/2024,23:45,[23:30-23:45[,S,V,F,V,C,124.12,124.12
03/12/2024,23:59,[23:45-00:00[,S,V,F,V,C,124.12,124.12
04/12/2024,00:15,[00:00-00:15[,S,V,V,V,V,116.66,116.66
04/12/2024,00:30,[00:15-00:30[,S,V,V,V,V,116.66,116.66
04/12/2024,00:45,[00:30-00:45[,S,V,V,V,V,116.66,116.66
04/12/2024,01:00,[00:45-01:00[,S,V,V,V,V,116.66,116.66
04/12/2024,01:15,[01:00-01:15[,S,V,V,V,V,112.79,112.79
04/12/2024,01:30,[01:15-01:30[,S,V,V,V,V,112.79,112.79
04/12/2024,01:45,[01:30-01:45[,S,V,V,V,V,112.79,112.79
04/12/2024,02:00,[01:45-02:00[,S,V,V,V,V,112.79,112.79
04/12/2024,02:15,[02:00-02:15[,S,V,V,V,V,108.90,108.90
04/12/2024,02:30,[02:15-02:30[,S,V,V,V,V,108.90,108.90
04/12/2024,02:45,[02:30-02:45[,S,V,V,V,V,108.90,108.90
04/12/2024,03:00,[02:45-03:00[,S,V,V,V,V,108.90,108.90
04/12/2024,03:15,[03:00-03:15[,S,V,V,V,V,106.98,106.98
04/12/2024,03:30,[03:15-03:30[,S,V,V,V,V,106.98,106.98
04/12/2024,03:45,[03:30-03:45[,S,V,V,V,V,106.98,106.98
04/12/2024,04:00,[03:45-04:00[,S,V,V,V,V,106.98,106.98
04/12/2024,04:15,[04:00-04:15[,S,V,V,V,V,110.72,110.72
04/12/2024,04:30,[04:15-04:30[,S,V,V,V,V,110.72,110.72
04/12/2024,04:45,[04:30-04:45[,S,V,V,V,V,110.72,110.72
04/12/2024,05:00,[04:45-05:00[,S,V,V,V,V,110.72,110.72
04/12/2024,05:15,[05:00-05:15[,S,V,V,V,V,132.55,132.55
04/12/2024,05:30,[05:15-05:30[,S,V,V,V,V,132.55,132.55
04/12/2024,05:45,[05:30-05:45[,S,V,V,V,V,132.55,132.55
04/12/2024,06:00,[05:45-06:00[,S,V,V,V,V,132.55,132.55
04/12/2024,06:15,[06:00-06:15[,S,V,V,V,V,149.23,149.23
04/12/2024,06:30,[06:15-06:30[,S,V,V,V,V,149.23,149.23
04/12/2024,06:45,[06:30-06:45[,S,V,V,V,V,149.23,149.23
04/12/2024,07:00,[06:45-07:00[,S,V,V,V,V,149.23,149.23
04/12/2024,07:15,[07:00-07:15[,S,V,F,V,C,155.52,155.52
04/12/2024,07:30,[07:15-07:30[,S,V,F,V,C,155.52,155.52
04/12/2024,07:45,[07:30-07:45[,S,V,F,V,C,155.52,155.52
04/12/2024,08:00,[07:45-08:00[,S,V,F,V,C,155.52,155.52
04/12/2024,08:15,[08:00-08:15[,S,F,F,C,C,150.16,150.16
04/12/2024,08:30,[08:15-08:30[,S,F,F,C,C,150.16,150.16
04/12/2024,08:45,[08:30-08:45[,S,F,F,C,C,150.16,150.16
04/12/2024,09:00,[08:45-09:00[,S,F,F,C,C,150.16,150.16
04/12/2024,09:15,[09:00-09:15[,S,F,F,P,C,137.94,137.94
04/12/2024,09:30,[09:15-09:30[,S,F,F,P,C,137.94,137.94
04/12/2024,09:45,[09:30-09:45[,S,F,F,P,P,137.94,137.94
04/12/2024,10:00,[09:45-10:00[,S,F,F,P,P,137.94,137.94
04/12/2024,10:15,[10:00-10:15[,S,F,F,P,P,113.78,108.90
04/12/2024,10:30,[10:15-10:30[,S,F,F,P,P,113.78,108.90
04/12/2024,10:45,[10:30-10:45[,S,F,F,C,P,113.78,108.90
04/12/2024,11:00,[10:45-11:00[,S,F,F,C,P,113.78,108.90
04/12/2024,11:15,[11:00-11:15[,S,F,F,C,P,113.78,108.25
04/12/2024,11:30,[11:15-11:30[,S,F,F,C,P,113.78,108.25
04/12/2024,11:45,[11:30-11:45[,S,F,F,C,P,113.78,108.25
04/12/2024,12:00,[11:45-12:00[,S,F,F,C,P,113.78,108.25
04/12/2024,12:15,[12:00-12:15[,S,F,F,C,C,113.78,108.51
04/12/2024,12:30,[12:15-12:30[,S,F,F,C,C,113.78,108.51
04/12/2024,12:45,[12:30-12:45[,S,F,F,C,C,113.78,108.51
04/12/2024,13:00,[12:45-13:00[,S,F,F,C,C,113.78,108.51
04/12/2024,13:15,[13:00-13:15[,S,F,F,C,C,113.78,108.90
04/12/2024,13:30,[13:15-13:30[,S,F,F,C,C,113.78,108.90
04/12/2024,13:45,[13:30-13:45[,S,F,F,C,C,113.78,108.90
04/12/2024,14:00,[13:45-14:00[,S,F,F,C,C,113.78,108.90
04/12/2024,14:15,[14:00-14:15[,S,F,F,C,C,121.12,121.12
04/12/2024,14:30,[14:15-14:30[,S,F,F,C,C,121.12,121.12
04/12/2024,14:45,[14:30-14:45[,S,F,F,C,C,121.12,121.12
04/12/2024,15:00,[14:45-15:00[,S,F,F,C,C,121.12,121.12
04/12/2024,15:15,[15:00-15:15[,S,F,F,C,C,147.53,147.53
04/12/2024,15:30,[15:15-15:30[,S,F,F,C,C,147.53,147.53
04/12/2024,15:45,[15:30-15:45[,S,F,F,C,C,147.53,147.53
04/12/2024,16:00,[15:45-16:00[,S,F,F,C,C,147.53,147.53
04/12/2024,16:15,[16:00-16:15[,S,F,F,C,C,152.94,152.94
04/12/2024,16:30,[16:15-16:30[,S,F,F,C,C,152.94,152.94
04/12/2024,16:45,[16:30-16:45[,S,F,F,C,C,152.94,152.94
04/12/2024,17:00,[16:45-17:00[,S,F,F,C,C,152.94,152.94
04/12/2024,17:15,[17:00-17:15[,S,F,F,C,C,174.99,174.99
04/12/2024,17:30,[17:15-17:30[,S,F,F,C,C,174.99,174.99
04/12/2024,17:45,[17:30-17:45[,S,F,F,C,C,174.99,174.99
04/12/2024,18:00,[17:45-18:00[,S,F,F,C,C,174.99,174.99
04/12/2024,18:15,[18:00-18:15[,S,F,F,P,C,171.45,171.45
04/12/2024,18:30,[18:15-18:30[,S,F,F,P,C,171.45,171.45
04/12/2024,18:45,[18:30-18:45[,S,F,F,P,P,171.45,171.45
04/12/2024,19:00,[18:45-19:00[,S,F,F,P,P,171.45,171.45
04/12/2024,19:15,[19:00-19:15[,S,F,F,P,P,153.02,153.02
04/12/2024,19:30,[19:15-19:30[,S,F,F,P,P,153.02,153.02
04/12/2024,19:45,[19:30-19:45[,S,F,F,P,P,153.02,153.02
04/12/2024,20:00,[19:45-20:00[,S,F,F,P,P,153.02,153.02
04/12/2024,20:15,[20:00-20:15[,S,F,F,P,P,152.48,152.48
04/12/2024,20:30,[20:15-20:30[,S,F,F,P,P,152.48,152.48
04/12/2024,20:45,[20:30-20:45[,S,F,F,C,P,152.48,152.48
04/12/2024,21:00,[20:45-21:00[,S,F,F,C,P,152.48,152.48
04/12/2024,21:15,[21:00-21:15[,S,F,F,C,C,148.03,148.03
04/12/2024,21:30,[21:15-21:30[,S,F,F,C,C,148.03,148.03
04/12/2024,21:45,[21:30-21:45[,S,F,F,C,C,148.03,148.03
04/12/2024,22:00,[21:45-22:00[,S,F,F,C,C,148.03,148.03
04/12/2024,22:15,[22:00-22:15[,S,V,F,V,C,139.10,139.10
04/12/2024,22:30,[22:15-22:30[,S,V,F,V,C,139.10,139.10
04/12/2024,22:45,[22:30-22:45[,S,V,F,V,C,139.10,139.10
04/12/2024,23:00,[22:45-23:00[,S,V,F,V,C,139.10,139.10
04/12/2024,23:15,[23:00-23:15[,S,V,F,V,C,137.61,137.61
04/12/2024,23:30,[23:15-23:30[,S,V,F,V,C,137.61,137.61
04/12/2024,23:45,[23:30-23:45[,S,V,F,V,C,137.61,137.61
04/12/2024,23:59,[23:45-00:00[,S,V,F,V,C,137.61,137.61
05/12/2024,00:15,[00:00-00:15[,S,V,V,V,V,132.38,132.38
05/12/2024,00:30,[00:15-00:30[,S,V,V,V,V,132.38,132.38
05/12/2024,00:45,[00:30-00:45[,S,V,V,V,V,132.38,132.38
05/12/2024,01:00,[00:45-01:00[,S,V,V,V,V,132.38,132.38
05/12/2024,01:15,[01:00-01:15[,S,V,V,V,V,130.69,130.69
05/12/2024,01:30,[01:15-01:30[,S,V,V,V,V,130.69,130.69
05/12/2024,01:45,[01:30-01:45[,S,V,V,V,V,130.69,130.69
05/12/2024,02:00,[01:45-02:00[,S,V,V,V,V,130.69,130.69
05/12/2024,02:15,[02:00-02:15[,S,V,V,V,V,130.18,130.18
05/12/2024,02:30,[02:15-02:30[,S,V,V,V,V,130.18,130.18
05/12/2024,02:45,[02:30-02:45[,S,V,V,V,V,130.18,130.18
05/12/2024,03:00,[02:45-03:00[,S,V,V,V,V,130.18,130.18
05/12/2024,03:15,[03:00-03:15[,S,V,V,V,V,128.22,128.22
05/12/2024,03:30,[03:15-03:30[,S,V,V,V,V,128.22,128.22
05/12/2024,03:45,[03:30-03:45[,S,V,V,V,V,128.22,128.22
05/12/2024,04:00,[03:45-04:00[,S,V,V,V,V,128.22,128.22
05/12/2024,04:15,[04:00-04:15[,S,V,V,V,V,128.22,128.22
05/12/2024,04:30,[04:15-04:30[,S,V,V,V,V,128.22,128.22
05/12/2024,04:45,[04:30-04:45[,S,V,V,V,V,128.22,128.22
05/12/2024,05:00,[04:45-05:00[,S,V,V,V,V,128.22,128.22
05/12/2024,05:15,[05:00-05:15[,S,V,V,V,V,140.01,140.01
05/12/2024,05:30,[05:15-05:30[,S,V,V,V,V,140.01,140.01
05/12/2024,05:45,[05:30-05:45[,S,V,V,V,V,140.01,140.01
05/12/2024,06:00,[05:45-06:00[,S,V,V,V,V,140.01,140.01
05/12/2024,06:15,[06:00-06:15[,S,V,V,V,V,151.02,151.02
05/12/2024,06:30,[06:15-06:30[,S,V,V,V,V,151.02,151.02
05/12/2024,06:45,[06:30-06:45[,S,V,V,V,V,151.02,151.02
05/12/2024,07:00,[06:45-07:00[,S,V,V,V,V,151.02,151.02
05/12/2024,07:15,[07:00-07:15[,S,V,F,V,C,155.89,155.89
05/12/2024,07:30,[07:15-07:30[,S,V,F,V,C,155.89,155.89
05/12/2024,07:45,[07:30-07:45[,S,V,F,V,C,155.89,155.89
05/12/2024,08:00,[07:45-08:00[,S,V,F,V,C,155.89,155.89
05/12/2024,08:15,[08:00-08:15[,S,F,F,C,C,147.37,147.37
05/12/2024,08:30,[08:15-08:30[,S,F,F,C,C,147.37,147.37
05/12/2024,08:45,[08:30-08:45[,S,F,F,C,C,147.37,147.37
05/12/2024,09:00,[08:45-09:00[,S,F,F,C,C,147.37,147.37
05/12/2024,09:15,[09:00-09:15[,S,F,F,P,C,130.69,125.97
05/12/2024,09:30,[09:15-09:30[,S,F,F,P,C,130.69,125.97
05/12/2024,09:45,[09:30-09:45[,S,F,F,P,P,130.69,125.97
05/12/2024,10:00,[09:45-10:00[,S,F,F,P,P,130.69,125.97
05/12/2024,10:15,[10:00-10:15[,S,F,F,P,P,112.71,112.71
05/12/2024,10:30,[10:15-10:30[,S,F,F,P,P,112.71,112.71
05/12/2024,10:45,[10:30-10:45[,S,F,F,C,P,112.71,112.71
05/12/2024,11:00,[10:45-11:00[,S,F,F,C,P,112.71,112.71
05/12/2024,11:15,[11:00-11:15[,S,F,F,C,P,108.93,108.93
05/12/2024,11:30,[11:15-11:30[,S,F,F,C,P,108.93,108.93
05/12/2024,11:45,[11:30-11:45[,S,F,F,C,P,108.93,108.93
05/12/2024,12:00,[11:45-12:00[,S,F,F,C,P,108.93,108.93
05/12/2024,12:15,[12:00-12:15[,S,F,F,C,C,107.56,107.56
05/12/2024,12:30,[12:15-12:30[,S,F,F,C,C,107.56,107.56
05/12/2024,12:45,[12:30-12:45[,S,F,F,C,C,107.56,107.56
05/12/2024,13:00,[12:45-13:00[,S,F,F,C,C,107.56,107.56
05/12/2024,13:15,[13:00-13:15[,S,F,F,C,C,108.45,108.45
05/12/2024,13:30,[13:15-13:30[,S,F,F,C,C,108.45,108.45
05/12/2024,13:45,[13:30-13:45[,S,F,F,C,C,108.45,108.45
05/12/2024,14:00,[13:45-14:00[,S,F,F,C,C,108.45,108.45
05/12/2024,14:15,[14:00-14:15[,S,F,F,C,C,112.85,108.99
05/12/2024,14:30,[14:15-14:30[,S,F,F,C,C,112.85,108.99
05/12/2024,14:45,[14:30-14:45[,S,F,F,C,C,112.85,108.99
05/12/2024,15:00,[14:45-15:00[,S,F,F,C,C,112.85,108.99
05/12/2024,15:15,[15:00-15:15[,S,F,F,C,C,131.22,131.22
05/12/2024,15:30,[15:15-15:30[,S,F,F,C,C,131.22,131.22
05/12/2024,15:45,[15:30-15:45[,S,F,F,C,C,131.22,131.22
05/12/2024,16:00,[15:45-16:00[,S,F,F,C,C,131.22,131.22
05/12/2024,16:15,[16:00-16:15[,S,F,F,C,C,148.42,148.42
05/12/2024,16:30,[16:15-16:30[,S,F,F,C,C,148.42,148.42
05/12/2024,16:45,[16:30-16:45[,S,F,F,C,C,148.42,148.42
05/12/2024,17:00,[16:45-17:00[,S,F,F,C,C,148.42,148.42
05/12/2024,17:15,[17:00-17:15[,S,F,F,C,C,154.55,154.55
05/12/2024,17:30,[17:15-17:30[,S,F,F,C,C,154.55,154.55
05/12/2024,17:45,[17:30-17:45[,S,F,F,C,C,154.55,154.55
05/12/2024,18:00,[17:45-18:00[,S,F,F,C,C,154.55,154.55
05/12/2024,18:15,[18:00-18:15[,S,F,F,P,C,155.27,155.27
05/12/2024,18:30,[18:15-18:30[,S,F,F,P,C,155.27,155.27
05/12/2024,18:45,[18:30-18:45[,S,F,F,P,P,155.27,155.27
05/12/2024,19:00,[18:45-19:00[,S,F,F,P,P,155.27,155.27
05/12/2024,19:15,[19:00-19:15[,S,F,F,P,P,156.22,156.22
05/12/2024,19:30,[19:15-19:30[,S,F,F,P,P,156.22,156.22
05/12/2024,19:45,[19:30-19:45[,S,F,F,P,P,156.22,156.22
05/12/2024,20:00,[19:45-20:00[,S,F,F,P,P,156.22,156.22
05/12/2024,20:15,[20:00-20:15[,S,F,F,P,P,152.98,152.98
05/12/2024,20:30,[20:15-20:30[,S,F,F,P,P,152.98,152.98
05/12/2024,20:45,[20:30-20:45[,S,F,F,C,P,152.98,152.98
05/12/2024,21:00,[20:45-21:00[,S,F,F,C,P,152.98,152.98
05/12/2024,21:15,[21:00-21:15[,S,F,F,C,C,148.41,148.41
05/12/2024,21:30,[21:15-21:30[,S,F,F,C,C,148.41,148.41
05/12/2024,21:45,[21:30-21:45[,S,F,F,C,C,148.41,148.41
05/12/2024,22:00,[21:45-22:00[,S,F,F,C,C,148.41,148.41
05/12/2024,22:15,[22:00-22:15[,S,V,F,V,C,145.01,145.01
05/12/2024,22:30,[22:15-22:30[,S,V,F,V,C,145.01,145.01
05/12/2024,22:45,[22:30-22:45[,S,V,F,V,C,145.01,145.01
05/12/2024,23:00,[22:45-23:00[,S,V,F,V,C,145.01,145.01
05/12/2024,23:15,[23:00-23:15[,S,V,F,V,C,129.00,129.00
05/12/2024,23:30,[23:15-23:30[,S,V,F,V,C,129.00,129.00
05/12/2024,23:45,[23:30-23:45[,S,V,F,V,C,129.00,129.00
05/12/2024,23:59,[23:45-00:00[,S,V,F,V,C,129.00,129.00
06/12/2024,00:15,[00:00-00:15[,S,V,V,V,V,117.19,117.19
06/12/2024,00:30,[00:15-00:30[,S,V,V,V,V,117.19,117.19
06/12/2024,00:45,[00:30-00:45[,S,V,V,V,V,117.19,117.19
06/12/2024,01:00,[00:45-01:00[,S,V,V,V,V,117.19,117.19
06/12/2024,01:15,[01:00-01:15[,S,V,V,V,V,101.38,100.80
06/12/2024,01:30,[01:15-01:30[,S,V,V,V,V,101.38,100.80
06/12/2024,01:45,[01:30-01:45[,S,V,V,V,V,101.38,100.80
06/12/2024,02:00,[01:45-02:00[,S,V,V,V,V,101.38,100.80
06/12/2024,02:15,[02:00-02:15[,S,V,V,V,V,94.99,94.99
06/12/2024,02:30,[02:15-02:30[,S,V,V,V,V,94.99,94.99
06/12/2024,02:45,[02:30-02:45[,S,V,V,V,V,94.99,94.99
06/12/2024,03:00,[02:45-03:00[,S,V,V,V,V,94.99,94.99
06/12/2024,03:15,[03:00-03:15[,S,V,V,V,V,94.78,92.53
06/12/2024,03:30,[03:15-03:30[,S,V,V,V,V,94.78,92.53
06/12/2024,03:45,[03:30-03:45[,S,V,V,V,V,94.78,92.53
06/12/2024,04:00,[03:45-04:00[,S,V,V,V,V,94.78,92.53
06/12/2024,04:15,[04:00-04:15[,S,V,V,V,V,94.78,91.21
06/12/2024,04:30,[04:15-04:30[,S,V,V,V,V,94.78,91.21
06/12/2024,04:45,[04:30-04:45[,S,V,V,V,V,94.78,91.21
06/12/2024,05:00,[04:45-05:00[,S,V,V,V,V,94.78,91.21
06/12/2024,05:15,[05:00-05:15[,S,V,V,V,V,100.00,100.00
06/12/2024,05:30,[05:15-05:30[,S,V,V,V,V,100.00,100.00
06/12/2024,05:45,[05:30-05:45[,S,V,V,V,V,100.00,100.00
06/12/2024,06:00,[05:45-06:00[,S,V,V,V,V,100.00,100.00
06/12/2024,06:15,[06:00-06:15[,S,V,V,V,V,110.03,110.03
06/12/2024,06:30,[06:15-06:30[,S,V,V,V,V,110.03,110.03
06/12/2024,06:45,[06:30-06:45[,S,V,V,V,V,110.03,110.03
06/12/2024,07:00,[06:45-07:00[,S,V,V,V,V,110.03,110.03
06/12/2024,07:15,[07:00-07:15[,S,V,F,V,C,125.07,125.07
06/12/2024,07:30,[07:15-07:30[,S,V,F,V,C,125.07,125.07
06/12/2024,07:45,[07:30-07:45[,S,V,F,V,C,125.07,125.07
06/12/2024,08:00,[07:45-08:00[,S,V,F,V,C,125.07,125.07
06/12/2024,08:15,[08:00-08:15[,S,F,F,C,C,120.73,120.73
06/12/2024,08:30,[08:15-08:30[,S,F,F,C,C,120.73,120.73
06/12/2024,08:45,[08:30-08:45[,S,F,F,C,C,120.73,120.73
06/12/2024,09:00,[08:45-09:00[,S,F,F,C,C,120.73,120.73
06/12/2024,09:15,[09:00-09:15[,S,F,F,P,C,114.35,111.07
06/12/2024,09:30,[09:15-09:30[,S,F,F,P,C,114.35,111.07
06/12/2024,09:45,[09:30-09:45[,S,F,F,P,P,114.35,111.07
06/12/2024,10:00,[09:45-10:00[,S,F,F,P,P,114.35,111.07
06/12/2024,10:15,[10:00-10:15[,S,F,F,P,P,114.35,105.67
06/12/2024,10:30,[10:15-10:30[,S,F,F,P,P,114.35,105.67
06/12/2024,10:45,[10:30-10:45[,S,F,F,C,P,114.35,105.67
06/12/2024,11:00,[10:45-11:00[,S,F,F,C,P,114.35,105.67
06/12/2024,11:15,[11:00-11:15[,S,F,F,C,P,101.38,94.00
06/12/2024,11:30,[11:15-11:30[,S,F,F,C,P,101.38,94.00
06/12/2024,11:45,[11:30-11:45[,S,F,F,C,P,101.38,94.00
06/12/2024,12:00,[11:45-12:00[,S,F,F,C,P,101.38,94.00
06/12/2024,12:15,[12:00-12:15[,S,F,F,C,C,100.70,100.70
06/12/2024,12:30,[12:15-12:30[,S,F,F,C,C,100.70,100.70
06/12/2024,12:45,[12:30-12:45[,S,F,F,C,C,100.70,100.70
06/12/2024,13:00,[12:45-13:00[,S,F,F,C,C,100.70,100.70
06/12/2024,13:15,[13:00-13:15[,S,F,F,C,C,100.83,100.83
06/12/2024,13:30,[13:15-13:30[,S,F,F,C,C,100.83,100.83
06/12/2024,13:45,[13:30-13:45[,S,F,F,C,C,100.83,100.83
06/12/2024,14:00,[13:45-14:00[,S,F,F,C,C,100.83,100.83
06/12/2024,14:15,[14:00-14:15[,S,F,F,C,C,112.00,112.00
06/12/2024,14:30,[14:15-14:30[,S,F,F,C,C,112.00,112.00
06/12/2024,14:45,[14:30-14:45[,S,F,F,C,C,112.00,112.00
06/12/2024,15:00,[14:45-15:00[,S,F,F,C,C,112.00,112.00
06/12/2024,15:15,[15:00-15:15[,S,F,F,C,C,129.22,129.22
06/12/2024,15:30,[15:15-15:30[,S,F,F,C,C,129.22,129.22
06/12/2024,15:45,[15:30-15:45[,S,F,F,C,C,129.22,129.22
06/12/2024,16:00,[15:45-16:00[,S,F,F,C,C,129.22,129.22
06/12/2024,16:15,[16:00-16:15[,S,F,F,C,C,143.20,143.20
06/12/2024,16:30,[16:15-16:30[,S,F,F,C,C,143.20,143.20
06/12/2024,16:45,[16:30-16:45[,S,F,F,C,C,143.20,143.20
06/12/2024,17:00,[16:45-17:00[,S,F,F,C,C,143.20,143.20
06/12/2024,17:15,[17:00-17:15[,S,F,F,C,C,146.85,146.85
06/12/2024,17:30,[17:15-17:30[,S,F,F,C,C,146.85,146.85
06/12/2024,17:45,[17:30-17:45[,S,F,F,C,C,146.85,146.85
06/12/2024,18:00,[17:45-18:00[,S,F,F,C,C,146.85,146.85
06/12/2024,18:15,[18:00-18:15[,S,F,F,P,C,143.67,143.67
06/12/2024,18:30,[18:15-18:30[,S,F,F,P,C,143.67,143.67
06/12/2024,18:45,[18:30-18:45[,S,F,F,P,P,143.67,143.67
06/12/2024,19:00,[18:45-19:00[,S,F,F,P,P,143.67,143.67
06/12/2024,19:15,[19:00-19:15[,S,F,F,P,P,144.24,144.24
06/12/2024,19:30,[19:15-19:30[,S,F,F,P,P,144.24,144.24
06/12/2024,19:45,[19:30-19:45[,S,F,F,P,P,144.24,144.24
06/12/2024,20:00,[19:45-20:00[,S,F,F,P,P,144.24,144.24
06/12/2024,20:15,[20:00-20:15[,S,F,F,P,P,142.48,142.48
06/12/2024,20:30,[20:15-20:30[,S,F,F,P,P,142.48,142.48
06/12/2024,20:45,[20:30-20:45[,S,F,F,C,P,142.48,142.48
06/12/2024,21:00,[20:45-21:00[,S,F,F,C,P,142.48,142.48
06/12/2024,21:15,[21:00-21:15[,S,F,F,C,C,137.26,137.26
06/12/2024,21:30,[21:15-21:30[,S,F,F,C,C,137.26,137.26
06/12/2024,21:45,[21:30-21:45[,S,F,F,C,C,137.26,137.26
06/12/2024,22:00,[21:45-22:00[,S,F,F,C,C,137.26,137.26
06/12/2024,22:15,[22:00-22:15[,S,V,F,V,C,129.35,129.35
06/12/2024,22:30,[22:15-22:30[,S,V,F,V,C,129.35,129.35
06/12/2024,22:45,[22:30-22:45[,S,V,F,V,C,129.35,129.35
06/12/2024,23:00,[22:45-23:00[,S,V,F,V,C,129.35,129.35
06/12/2024,23:15,[23:00-23:15[,S,V,F,V,C,73.45,73.45
06/12/2024,23:30,[23:15-23:30[,S,V,F,V,C,73.45,73.45
06/12/2024,23:45,[23:30-23:45[,S,V,F,V,C,73.45,73.45
06/12/2024,23:59,[23:45-00:00[,S,V,F,V,C,73.45,73.45
07/12/2024,00:15,[00:00-00:15[,S,V,V,V,V,71.85,71.85
07/12/2024,00:30,[00:15-00:30[,S,V,V,V,V,71.85,71.85
07/12/2024,00:45,[00:30-00:45[,S,V,V,V,V,71.85,71.85
07/12/2024,01:00,[00:45-01:00[,S,V,V,V,V,71.85,71.85
07/12/2024,01:15,[01:00-01:15[,S,V,V,V,V,65.27,65.27
07/12/2024,01:30,[01:15-01:30[,S,V,V,V,V,65.27,65.27
07/12/2024,01:45,[01:30-01:45[,S,V,V,V,V,65.27,65.27
07/12/2024,02:00,[01:45-02:00[,S,V,V,V,V,65.27,65.27
07/12/2024,02:15,[02:00-02:15[,S,V,V,V,V,46.50,46.50
07/12/2024,02:30,[02:15-02:30[,S,V,V,V,V,46.50,46.50
07/12/2024,02:45,[02:30-02:45[,S,V,V,V,V,46.50,46.50
07/12/2024,03:00,[02:45-03:00[,S,V,V,V,V,46.50,46.50
07/12/2024,03:15,[03:00-03:15[,S,V,V,V,V,39.04,39.04
07/12/2024,03:30,[03:15-03:30[,S,V,V,V,V,39.04,39.04
07/12/2024,03:45,[03:30-03:45[,S,V,V,V,V,39.04,39.04
07/12/2024,04:00,[03:45-04:00[,S,V,V,V,V,39.04,39.04
07/12/2024,04:15,[04:00-04:15[,S,V,V,V,V,28.20,28.20
07/12/2024,04:30,[04:15-04:30[,S,V,V,V,V,28.20,28.20
07/12/2024,04:45,[04:30-04:45[,S,V,V,V,V,28.20,28.20
07/12/2024,05:00,[04:45-05:00[,S,V,V,V,V,28.20,28.20
07/12/2024,05:15,[05:00-05:15[,S,V,V,V,V,28.85,28.85
07/12/2024,05:30,[05:15-05:30[,S,V,V,V,V,28.85,28.85
07/12/2024,05:45,[05:30-05:45[,S,V,V,V,V,28.85,28.85
07/12/2024,06:00,[05:45-06:00[,S,V,V,V,V,28.85,28.85
07/12/2024,06:15,[06:00-06:15[,S,V,V,V,V,40.31,40.31
07/12/2024,06:30,[06:15-06:30[,S,V,V,V,V,40.31,40.31
07/12/2024,06:45,[06:30-06:45[,S,V,V,V,V,40.31,40.31
07/12/2024,07:00,[06:45-07:00[,S,V,V,V,V,40.31,40.31
07/12/2024,07:15,[07:00-07:15[,S,V,V,V,V,43.22,43.22
07/12/2024,07:30,[07:15-07:30[,S,V,V,V,V,43.22,43.22
07/12/2024,07:45,[07:30-07:45[,S,V,V,V,V,43.22,43.22
07/12/2024,08:00,[07:45-08:00[,S,V,V,V,V,43.22,43.22
07/12/2024,08:15,[08:00-08:15[,S,F,V,C,V,42.36,42.36
07/12/2024,08:30,[08:15-08:30[,S,F,V,C,V,42.36,42.36
07/12/2024,08:45,[08:30-08:45[,S,F,V,C,V,42.36,42.36
07/12/2024,09:00,[08:45-09:00[,S,F,V,C,V,42.36,42.36
07/12/2024,09:15,[09:00-09:15[,S,F,V,P,V,26.00,26.00
07/12/2024,09:30,[09:15-09:30[,S,F,V,P,V,26.00,26.00
07/12/2024,09:45,[09:30-09:45[,S,F,F,P,C,26.00,26.00
07/12/2024,10:00,[09:45-10:00[,S,F,F,P,C,26.00,26.00
07/12/2024,10:15,[10:00-10:15[,S,F,F,P,C,5.00,5.00
07/12/2024,10:30,[10:15-10:30[,S,F,F,P,C,5.00,5.00
07/12/2024,10:45,[10:30-10:45[,S,F,F,C,C,5.00,5.00
07/12/2024,11:00,[10:45-11:00[,S,F,F,C,C,5.00,5.00
07/12/2024,11:15,[11:00-11:15[,S,F,F,C,C,3.32,3.32
07/12/2024,11:30,[11:15-11:30[,S,F,F,C,C,3.32,3.32
07/12/2024,11:45,[11:30-11:45[,S,F,F,C,C,3.32,3.32
07/12/2024,12:00,[11:45-12:00[,S,F,F,C,C,3.32,3.32
07/12/2024,12:15,[12:00-12:15[,S,F,F,C,C,3.32,3.32
07/12/2024,12:30,[12:15-12:30[,S,F,F,C,C,3.32,3.32
07/12/2024,12:45,[12:30-12:45[,S,F,F,C,C,3.32,3.32
07/12/2024,13:00,[12:45-13:00[,S,F,F,C,C,3.32,3.32
07/12/2024,13:15,[13:00-13:15[,S,F,V,C,V,2.28,2.28
07/12/2024,13:30,[13:15-13:30[,S,F,V,C,V,2.28,2.28
07/12/2024,13:45,[13:30-13:45[,S,F,V,C,V,2.28,2.28
07/12/2024,14:00,[13:45-14:00[,S,F,V,C,V,2.28,2.28
07/12/2024,14:15,[14:00-14:15[,S,F,V,C,V,2.00,2.00
07/12/2024,14:30,[14:15-14:30[,S,F,V,C,V,2.00,2.00
07/12/2024,14:45,[14:30-14:45[,S,F,V,C,V,2.00,2.00
07/12/2024,15:00,[14:45-15:00[,S,F,V,C,V,2.00,2.00
07/12/2024,15:15,[15:00-15:15[,S,F,V,C,V,3.60,3.60
07/12/2024,15:30,[15:15-15:30[,S,F,V,C,V,3.60,3.60
07/12/2024,15:45,[15:30-15:45[,S,F,V,C,V,3.60,3.60
07/12/2024,16:00,[15:45-16:00[,S,F,V,C,V,3.60,3.60
07/12/2024,16:15,[16:00-16:15[,S,F,V,C,V,41.90,41.90
07/12/2024,16:30,[16:15-16:30[,S,F,V,C,V,41.90,41.90
07/12/2024,16:45,[16:30-16:45[,S,F,V,C,V,41.90,41.90
07/12/2024,17:00,[16:45-17:00[,S,F,V,C,V,41.90,41.90
07/12/2024,17:15,[17:00-17:15[,S,F,V,C,V,56.34,56.34
07/12/2024,17:30,[17:15-17:30[,S,F,V,C,V,56.34,56.34
07/12/2024,17:45,[17:30-17:45[,S,F,V,C,V,56.34,56.34
07/12/2024,18:00,[17:45-18:00[,S,F,V,C,V,56.34,56.34
07/12/2024,18:15,[18:00-18:15[,S,F,V,P,V,62.97,62.97
07/12/2024,18:30,[18:15-18:30[,S,F,V,P,V,62.97,62.97
07/12/2024,18:45,[18:30-18:45[,S,F,F,P,C,62.97,62.97
07/12/2024,19:00,[18:45-19:00[,S,F,F,P,C,62.97,62.97
07/12/2024,19:15,[19:00-19:15[,S,F,F,P,C,71.85,71.85
07/12/2024,19:30,[19:15-19:30[,S,F,F,P,C,71.85,71.85
07/12/2024,19:45,[19:30-19:45[,S,F,F,P,C,71.85,71.85
07/12/2024,20:00,[19:45-20:00[,S,F,F,P,C,71.85,71.85
07/12/2024,20:15,[20:00-20:15[,S,F,F,P,C,45.51,45.51
07/12/2024,20:30,[20:15-20:30[,S,F,F,P,C,45.51,45.51
07/12/2024,20:45,[20:30-20:45[,S,F,F,C,C,45.51,45.51
07/12/2024,21:00,[20:45-21:00[,S,F,F,C,C,45.51,45.51
07/12/2024,21:15,[21:00-21:15[,S,F,F,C,C,41.90,41.90
07/12/2024,21:30,[21:15-21:30[,S,F,F,C,C,41.90,41.90
07/12/2024,21:45,[21:30-21:45[,S,F,F,C,C,41.90,41.90
07/12/2024,22:00,[21:45-22:00[,S,F,F,C,C,41.90,41.90
07/12/2024,22:15,[22:00-22:15[,S,V,V,V,V,35.00,35.00
07/12/2024,22:30,[22:15-22:30[,S,V,V,V,V,35.00,35.00
07/12/2024,22:45,[22:30-22:45[,S,V,V,V,V,35.00,35.00
07/12/2024,23:00,[22:45-23:00[,S,V,V,V,V,35.00,35.00
07/12/2024,23:15,[23:00-23:15[,S,V,V,V,V,18.64,18.64
07/12/2024,23:30,[23:15-23:30[,S,V,V,V,V,18.64,18.64
07/12/2024,23:45,[23:30-23:45[,S,V,V,V,V,18.64,18.64
07/12/2024,23:59,[23:45-00:00[,S,V,V,V,V,18.64,18.64
08/12/2024,00:15,[00:00-00:15[,S,V,V,V,V,13.90,13.90
08/12/2024,00:30,[00:15-00:30[,S,V,V,V,V,13.90,13.90
08/12/2024,00:45,[00:30-00:45[,S,V,V,V,V,13.90,13.90
08/12/2024,01:00,[00:45-01:00[,S,V,V,V,V,13.90,13.90
08/12/2024,01:15,[01:00-01:15[,S,V,V,V,V,8.19,8.19
08/12/2024,01:30,[01:15-01:30[,S,V,V,V,V,8.19,8.19
08/12/2024,01:45,[01:30-01:45[,S,V,V,V,V,8.19,8.19
08/12/2024,02:00,[01:45-02:00[,S,V,V,V,V,8.19,8.19
08/12/2024,02:15,[02:00-02:15[,S,V,V,V,V,3.60,3.60
08/12/2024,02:30,[02:15-02:30[,S,V,V,V,V,3.60,3.60
08/12/2024,02:45,[02:30-02:45[,S,V,V,V,V,3.60,3.60
08/12/2024,03:00,[02:45-03:00[,S,V,V,V,V,3.60,3.60
08/12/2024,03:15,[03:00-03:15[,S,V,V,V,V,3.32,3.32
08/12/2024,03:30,[03:15-03:30[,S,V,V,V,V,3.32,3.32
08/12/2024,03:45,[03:30-03:45[,S,V,V,V,V,3.32,3.32
08/12/2024,04:00,[03:45-04:00[,S,V,V,V,V,3.32,3.32
08/12/2024,04:15,[04:00-04:15[,S,V,V,V,V,3.32,3.32
08/12/2024,04:30,[04:15-04:30[,S,V,V,V,V,3.32,3.32
08/12/2024,04:45,[04:30-04:45[,S,V,V,V,V,3.32,3.32
08/12/2024,05:00,[04:45-05:00[,S,V,V,V,V,3.32,3.32
08/12/2024,05:15,[05:00-05:15[,S,V,V,V,V,3.32,3.32
08/12/2024,05:30,[05:15-05:30[,S,V,V,V,V,3.32,3.32
08/12/2024,05:45,[05:30-05:45[,S,V,V,V,V,3.32,3.32
08/12/2024,06:00,[05:45-06:00[,S,V,V,V,V,3.32,3.32
08/12/2024,06:15,[06:00-06:15[,S,V,V,V,V,5.00,5.00
08/12/2024,06:30,[06:15-06:30[,S,V,V,V,V,5.00,5.00
08/12/2024,06:45,[06:30-06:45[,S,V,V,V,V,5.00,5.00
08/12/2024,07:00,[06:45-07:00[,S,V,V,V,V,5.00,5.00
08/12/2024,07:15,[07:00-07:15[,S,V,V,V,V,5.00,5.00
08/12/2024,07:30,[07:15-07:30[,S,V,V,V,V,5.00,5.00
08/12/2024,07:45,[07:30-07:45[,S,V,V,V,V,5.00,5.00
08/12/2024,08:00,[07:45-08:00[,S,V,V,V,V,5.00,5.00
08/12/2024,08:15,[08:00-08:15[,S,F,V,C,V,3.32,3.32
08/12/2024,08:30,[08:15-08:30[,S,F,V,C,V,3.32,3.32
08/12/2024,08:45,[08:30-08:45[,S,F,V,C,V,3.32,3.32
08/12/2024,09:00,[08:45-09:00[,S,F,V,C,V,3.32,3.32
08/12/2024,09:15,[09:00-09:15[,S,F,V,P,V,3.04,3.04
08/12/2024,09:30,[09:15-09:30[,S,F,V,P,V,3.04,3.04
08/12/2024,09:45,[09:30-09:45[,S,F,V,P,V,3.04,3.04
08/12/2024,10:00,[09:45-10:00[,S,F,V,P,V,3.04,3.04
08/12/2024,10:15,[10:00-10:15[,S,F,V,P,V,0.44,0.44
08/12/2024,10:30,[10:15-10:30[,S,F,V,P,V,0.44,0.44
08/12/2024,10:45,[10:30-10:45[,S,F,V,C,V,0.44,0.44
08/12/2024,11:00,[10:45-11:00[,S,F,V,C,V,0.44,0.44
08/12/2024,11:15,[11:00-11:15[,S,F,V,C,V,0.44,0.44
08/12/2024,11:30,[11:15-11:30[,S,F,V,C,V,0.44,0.44
08/12/2024,11:45,[11:30-11:45[,S,F,V,C,V,0.44,0.44
08/12/2024,12:00,[11:45-12:00[,S,F,V,C,V,0.44,0.44
08/12/2024,12:15,[12:00-12:15[,S,F,V,C,V,0.44,0.44
08/12/2024,12:30,[12:15-12:30[,S,F,V,C,V,0.44,0.44
08/12/2024,12:45,[12:30-12:45[,S,F,V,C,V,0.44,0.44
08/12/2024,13:00,[12:45-13:00[,S,F,V,C,V,0.44,0.44
08/12/2024,13:15,[13:00-13:15[,S,F,V,C,V,0.44,0.44
08/12/2024,13:30,[13:15-13:30[,S,F,V,C,V,0.44,0.44
08/12/2024,13:45,[13:30-13:45[,S,F,V,C,V,0.44,0.44
08/12/2024,14:00,[13:45-14:00[,S,F,V,C,V,0.44,0.44
08/12/2024,14:15,[14:00-14:15[,S,F,V,C,V,0.44,0.44
08/12/2024,14:30,[14:15-14:30[,S,F,V,C,V,0.44,0.44
08/12/2024,14:45,[14:30-14:45[,S,F,V,C,V,0.44,0.44
08/12/2024,15:00,[14:45-15:00[,S,F,V,C,V,0.44,0.44
08/12/2024,15:15,[15:00-15:15[,S,F,V,C,V,3.32,3.32
08/12/2024,15:30,[15:15-15:30[,S,F,V,C,V,3.32,3.32
08/12/2024,15:45,[15:30-15:45[,S,F,V,C,V,3.32,3.32
08/12/2024,16:00,[15:45-16:00[,S,F,V,C,V,3.32,3.32
08/12/2024,16:15,[16:00-16:15[,S,F,V,C,V,41.24,41.24
08/12/2024,16:30,[16:15-16:30[,S,F,V,C,V,41.24,41.24
08/12/2024,16:45,[16:30-16:45[,S,F,V,C,V,41.24,41.24
08/12/2024,17:00,[16:45-17:00[,S,F,V,C,V,41.24,41.24
08/12/2024,17:15,[17:00-17:15[,S,F,V,C,V,74.97,74.97
08/12/2024,17:30,[17:15-17:30[,S,F,V,C,V,74.97,74.97
08/12/2024,17:45,[17:30-17:45[,S,F,V,C,V,74.97,74.97
08/12/2024,18:00,[17:45-18:00[,S,F,V,C,V,74.97,74.97
08/12/2024,18:15,[18:00-18:15[,S,F,V,P,V,72.50,72.50
08/12/2024,18:30,[18:15-18:30[,S,F,V,P,V,72.50,72.50
08/12/2024,18:45,[18:30-18:45[,S,F,V,P,V,72.50,72.50
08/12/2024,19:00,[18:45-19:00[,S,F,V,P,V,72.50,72.50
08/12/2024,19:15,[19:00-19:15[,S,F,V,P,V,71.68,71.68
08/12/2024,19:30,[19:15-19:30[,S,F,V,P,V,71.68,71.68
08/12/2024,19:45,[19:30-19:45[,S,F,V,P,V,71.68,71.68
08/12/2024,20:00,[19:45-20:00[,S,F,V,P,V,71.68,71.68
08/12/2024,20:15,[20:00-20:15[,S,F,V,P,V,72.40,72.40
08/12/2024,20:30,[20:15-20:30[,S,F,V,P,V,72.40,72.40
08/12/2024,20:45,[20:30-20:45[,S,F,V,C,V,72.40,72.40
08/12/2024,21:00,[20:45-21:00[,S,F,V,C,V,72.40,72.40
08/12/2024,21:15,[21:00-21:15[,S,F,V,C,V,68.50,68.50
08/12/2024,21:30,[21:15-21:30[,S,F,V,C,V,68.50,68.50
08/12/2024,21:45,[21:30-21:45[,S,F,V,C,V,68.50,68.50
08/12/2024,22:00,[21:45-22:00[,S,F,V,C,V,68.50,68.50
08/12/2024,22:15,[22:00-22:15[,S,V,V,V,V,55.06,55.06
08/12/2024,22:30,[22:15-22:30[,S,V,V,V,V,55.06,55.06
08/12/2024,22:45,[22:30-22:45[,S,V,V,V,V,55.06,55.06
08/12/2024,23:00,[22:45-23:00[,S,V,V,V,V,55.06,55.06
08/12/2024,23:15,[23:00-23:15[,S,V,V,V,V,55.00,55.00
08/12/2024,23:30,[23:15-23:30[,S,V,V,V,V,55.00,55.00
08/12/2024,23:45,[23:30-23:45[,S,V,V,V,V,55.00,55.00
08/12/2024,23:59,[23:45-00:00[,S,V,V,V,V,55.00,55.00
09/12/2024,00:15,[00:00-00:15[,S,V,V,V,V,37.55,37.55
09/12/2024,00:30,[00:15-00:30[,S,V,V,V,V,37.55,37.55
09/12/2024,00:45,[00:30-00:45[,S,V,V,V,V,37.55,37.55
09/12/2024,01:00,[00:45-01:00[,S,V,V,V,V,37.55,37.55
09/12/2024,01:15,[01:00-01:15[,S,V,V,V,V,31.82,31.82
09/12/2024,01:30,[01:15-01:30[,S,V,V,V,V,31.82,31.82
09/12/2024,01:45,[01:30-01:45[,S,V,V,V,V,31.82,31.82
09/12/2024,02:00,[01:45-02:00[,S,V,V,V,V,31.82,31.82
09/12/2024,02:15,[02:00-02:15[,S,V,V,V,V,13.99,13.99
09/12/2024,02:30,[02:15-02:30[,S,V,V,V,V,13.99,13.99
09/12/2024,02:45,[02:30-02:45[,S,V,V,V,V,13.99,13.99
09/12/2024,03:00,[02:45-03:00[,S,V,V,V,V,13.99,13.99
09/12/2024,03:15,[03:00-03:15[,S,V,V,V,V,5.43,5.43
09/12/2024,03:30,[03:15-03:30[,S,V,V,V,V,5.43,5.43
09/12/2024,03:45,[03:30-03:45[,S,V,V,V,V,5.43,5.43
09/12/2024,04:00,[03:45-04:00[,S,V,V,V,V,5.43,5.43
09/12/2024,04:15,[04:00-04:15[,S,V,V,V,V,25.95,25.95
09/12/2024,04:30,[04:15-04:30[,S,V,V,V,V,25.95,25.95
09/12/2024,04:45,[04:30-04:45[,S,V,V,V,V,25.95,25.95
09/12/2024,05:00,[04:45-05:00[,S,V,V,V,V,25.95,25.95
09/12/2024,05:15,[05:00-05:15[,S,V,V,V,V,67.44,67.44
09/12/2024,05:30,[05:15-05:30[,S,V,V,V,V,67.44,67.44
09/12/2024,05:45,[05:30-05:45[,S,V,V,V,V,67.44,67.44
09/12/2024,06:00,[05:45-06:00[,S,V,V,V,V,67.44,67.44
09/12/2024,06:15,[06:00-06:15[,S,V,V,V,V,111.16,111.16
09/12/2024,06:30,[06:15-06:30[,S,V,V,V,V,111.16,111.16
09/12/2024,06:45,[06:30-06:45[,S,V,V,V,V,111.16,111.16
09/12/2024,07:00,[06:45-07:00[,S,V,V,V,V,111.16,111.16
09/12/2024,07:15,[07:00-07:15[,S,V,F,V,C,122.98,122.98
09/12/2024,07:30,[07:15-07:30[,S,V,F,V,C,122.98,122.98
09/12/2024,07:45,[07:30-07:45[,S,V,F,V,C,122.98,122.98
09/12/2024,08:00,[07:45-08:00[,S,V,F,V,C,122.98,122.98
09/12/2024,08:15,[08:00-08:15[,S,F,F,C,C,85.30,85.30
09/12/2024,08:30,[08:15-08:30[,S,F,F,C,C,85.30,85.30
09/12/2024,08:45,[08:30-08:45[,S,F,F,C,C,85.30,85.30
09/12/2024,09:00,[08:45-09:00[,S,F,F,C,C,85.30,85.30
09/12/2024,09:15,[09:00-09:15[,S,F,F,P,C,40.50,40.50
09/12/2024,09:30,[09:15-09:30[,S,F,F,P,C,40.50,40.50
09/12/2024,09:45,[09:30-09:45[,S,F,F,P,P,40.50,40.50
09/12/2024,10:00,[09:45-10:00[,S,F,F,P,P,40.50,40.50
09/12/2024,10:15,[10:00-10:15[,S,F,F,P,P,14.00,14.00
09/12/2024,10:30,[10:15-10:30[,S,F,F,P,P,14.00,14.00
09/12/2024,10:45,[10:30-10:45[,S,F,F,C,P,14.00,14.00
09/12/2024,11:00,[10:45-11:00[,S,F,F,C,P,14.00,14.00
09/12/2024,11:15,[11:00-11:15[,S,F,F,C,P,5.00,5.00
09/12/2024,11:30,[11:15-11:30[,S,F,F,C,P,5.00,5.00
09/12/2024,11:45,[11:30-11:45[,S,F,F,C,P,5.00,5.00
09/12/2024,12:00,[11:45-12:00[,S,F,F,C,P,5.00,5.00
09/12/2024,12:15,[12:00-12:15[,S,F,F,C,C,3.85,3.85
09/12/2024,12:30,[12:15-12:30[,S,F,F,C,C,3.85,3.85
09/12/2024,12:45,[12:30-12:45[,S,F,F,C,C,3.85,3.85
09/12/2024,13:00,[12:45-13:00[,S,F,F,C,C,3.85,3.85
09/12/2024,13:15,[13:00-13:15[,S,F,F,C,C,3.85,3.85
09/12/2024,13:30,[13:15-13:30[,S,F,F,C,C,3.85,3.85
09/12/2024,13:45,[13:30-13:45[,S,F,F,C,C,3.85,3.85
09/12/2024,14:00,[13:45-14:00[,S,F,F,C,C,3.85,3.85
09/12/2024,14:15,[14:00-14:15[,S,F,F,C,C,9.07,9.07
09/12/2024,14:30,[14:15-14:30[,S,F,F,C,C,9.07,9.07
09/12/2024,14:45,[14:30-14:45[,S,F,F,C,C,9.07,9.07
09/12/2024,15:00,[14:45-15:00[,S,F,F,C,C,9.07,9.07
09/12/2024,15:15,[15:00-15:15[,S,F,F,C,C,74.78,74.78
09/12/2024,15:30,[15:15-15:30[,S,F,F,C,C,74.78,74.78
09/12/2024,15:45,[15:30-15:45[,S,F,F,C,C,74.78,74.78
09/12/2024,16:00,[15:45-16:00[,S,F,F,C,C,74.78,74.78
09/12/2024,16:15,[16:00-16:15[,S,F,F,C,C,125.34,125.34
09/12/2024,16:30,[16:15-16:30[,S,F,F,C,C,125.34,125.34
09/12/2024,16:45,[16:30-16:45[,S,F,F,C,C,125.34,125.34
09/12/2024,17:00,[16:45-17:00[,S,F,F,C,C,125.34,125.34
09/12/2024,17:15,[17:00-17:15[,S,F,F,C,C,132.06,132.06
09/12/2024,17:30,[17:15-17:30[,S,F,F,C,C,132.06,132.06
09/12/2024,17:45,[17:30-17:45[,S,F,F,C,C,132.06,132.06
09/12/2024,18:00,[17:45-18:00[,S,F,F,C,C,132.06,132.06
09/12/2024,18:15,[18:00-18:15[,S,F,F,P,C,130.00,130.00
09/12/2024,18:30,[18:15-18:30[,S,F,F,P,C,130.00,130.00
09/12/2024,18:45,[18:30-18:45[,S,F,F,P,P,130.00,130.00
09/12/2024,19:00,[18:45-19:00[,S,F,F,P,P,130.00,130.00
09/12/2024,19:15,[19:00-19:15[,S,F,F,P,P,132.95,132.95
09/12/2024,19:30,[19:15-19:30[,S,F,F,P,P,132.95,132.95
09/12/2024,19:45,[19:30-19:45[,S,F,F,P,P,132.95,132.95
09/12/2024,20:00,[19:45-20:00[,S,F,F,P,P,132.95,132.95
09/12/2024,20:15,[20:00-20:15[,S,F,F,P,P,137.21,137.21
09/12/2024,20:30,[20:15-20:30[,S,F,F,P,P,137.21,137.21
09/12/2024,20:45,[20:30-20:45[,S,F,F,C,P,137.21,137.21
09/12/2024,21:00,[20:45-21:00[,S,F,F,C,P,137.21,137.21
09/12/2024,21:15,[21:00-21:15[,S,F,F,C,C,132.95,132.95
09/12/2024,21:30,[21:15-21:30[,S,F,F,C,C,132.95,132.95
09/12/2024,21:45,[21:30-21:45[,S,F,F,C,C,132.95,132.95
09/12/2024,22:00,[21:45-22:00[,S,F,F,C,C,132.95,132.95
09/12/2024,22:15,[22:00-22:15[,S,V,F,V,C,114.35,114.35
09/12/2024,22:30,[22:15-22:30[,S,V,F,V,C,114.35,114.35
09/12/2024,22:45,[22:30-22:45[,S,V,F,V,C,114.35,114.35
09/12/2024,23:00,[22:45-23:00[,S,V,F,V,C,114.35,114.35
09/12/2024,23:15,[23:00-23:15[,S,V,F,V,C,122.19,122.19
09/12/2024,23:30,[23:15-23:30[,S,V,F,V,C,122.19,122.19
09/12/2024,23:45,[23:30-23:45[,S,V,F,V,C,122.19,122.19
09/12/2024,23:59,[23:45-00:00[,S,V,F,V,C,122.19,122.19
10/12/2024,00:15,[00:00-00:15[,S,V,V,V,V,109.02,109.02
10/12/2024,00:30,[00:15-00:30[,S,V,V,V,V,109.02,109.02
10/12/2024,00:45,[00:30-00:45[,S,V,V,V,V,109.02,109.02
10/12/2024,01:00,[00:45-01:00[,S,V,V,V,V,109.02,109.02
10/12/2024,01:15,[01:00-01:15[,S,V,V,V,V,100.70,100.70
10/12/2024,01:30,[01:15-01:30[,S,V,V,V,V,100.70,100.70
10/12/2024,01:45,[01:30-01:45[,S,V,V,V,V,100.70,100.70
10/12/2024,02:00,[01:45-02:00[,S,V,V,V,V,100.70,100.70
10/12/2024,02:15,[02:00-02:15[,S,V,V,V,V,100.70,100.70
10/12/2024,02:30,[02:15-02:30[,S,V,V,V,V,100.70,100.70
10/12/2024,02:45,[02:30-02:45[,S,V,V,V,V,100.70,100.70
10/12/2024,03:00,[02:45-03:00[,S,V,V,V,V,100.70,100.70
10/12/2024,03:15,[03:00-03:15[,S,V,V,V,V,105.00,105.00
10/12/2024,03:30,[03:15-03:30[,S,V,V,V,V,105.00,105.00
10/12/2024,03:45,[03:30-03:45[,S,V,V,V,V,105.00,105.00
10/12/2024,04:00,[03:45-04:00[,S,V,V,V,V,105.00,105.00
10/12/2024,04:15,[04:00-04:15[,S,V,V,V,V,115.00,115.00
10/12/2024,04:30,[04:15-04:30[,S,V,V,V,V,115.00,115.00
10/12/2024,04:45,[04:30-04:45[,S,V,V,V,V,115.00,115.00
10/12/2024,05:00,[04:45-05:00[,S,V,V,V,V,115.00,115.00
10/12/2024,05:15,[05:00-05:15[,S,V,V,V,V,116.00,116.00
10/12/2024,05:30,[05:15-05:30[,S,V,V,V,V,116.00,116.00
10/12/2024,05:45,[05:30-05:45[,S,V,V,V,V,116.00,116.00
10/12/2024,06:00,[05:45-06:00[,S,V,V,V,V,116.00,116.00
10/12/2024,06:15,[06:00-06:15[,S,V,V,V,V,140.00,140.00
10/12/2024,06:30,[06:15-06:30[,S,V,V,V,V,140.00,140.00
10/12/2024,06:45,[06:30-06:45[,S,V,V,V,V,140.00,140.00
10/12/2024,07:00,[06:45-07:00[,S,V,V,V,V,140.00,140.00
10/12/2024,07:15,[07:00-07:15[,S,V,F,V,C,150.32,150.32
10/12/2024,07:30,[07:15-07:30[,S,V,F,V,C,150.32,150.32
10/12/2024,07:45,[07:30-07:45[,S,V,F,V,C,150.32,150.32
10/12/2024,08:00,[07:45-08:00[,S,V,F,V,C,150.32,150.32
10/12/2024,08:15,[08:00-08:15[,S,F,F,C,C,142.18,142.18
10/12/2024,08:30,[08:15-08:30[,S,F,F,C,C,142.18,142.18
10/12/2024,08:45,[08:30-08:45[,S,F,F,C,C,142.18,142.18
10/12/2024,09:00,[08:45-09:00[,S,F,F,C,C,142.18,142.18
10/12/2024,09:15,[09:00-09:15[,S,F,F,P,C,132.77,132.77
10/12/2024,09:30,[09:15-09:30[,S,F,F,P,C,132.77,132.77
10/12/2024,09:45,[09:30-09:45[,S,F,F,P,P,132.77,132.77
10/12/2024,10:00,[09:45-10:00[,S,F,F,P,P,132.77,132.77
10/12/2024,10:15,[10:00-10:15[,S,F,F,P,P,119.00,119.00
10/12/2024,10:30,[10:15-10:30[,S,F,F,P,P,119.00,119.00
10/12/2024,10:45,[10:30-10:45[,S,F,F,C,P,119.00,119.00
10/12/2024,11:00,[10:45-11:00[,S,F,F,C,P,119.00,119.00
10/12/2024,11:15,[11:00-11:15[,S,F,F,C,P,117.35,117.35
10/12/2024,11:30,[11:15-11:30[,S,F,F,C,P,117.35,117.35
10/12/2024,11:45,[11:30-11:45[,S,F,F,C,P,117.35,117.35
10/12/2024,12:00,[11:45-12:00[,S,F,F,C,P,117.35,117.35
10/12/2024,12:15,[12:00-12:15[,S,F,F,C,C,115.21,115.21
10/12/2024,12:30,[12:15-12:30[,S,F,F,C,C,115.21,115.21
10/12/2024,12:45,[12:30-12:45[,S,F,F,C,C,115.21,115.21
10/12/2024,13:00,[12:45-13:00[,S,F,F,C,C,115.21,115.21
10/12/2024,13:15,[13:00-13:15[,S,F,F,C,C,120.72,120.72
10/12/2024,13:30,[13:15-13:30[,S,F,F,C,C,120.72,120.72
10/12/2024,13:45,[13:30-13:45[,S,F,F,C,C,120.72,120.72
10/12/2024,14:00,[13:45-14:00[,S,F,F,C,C,120.72,120.72
10/12/2024,14:15,[14:00-14:15[,S,F,F,C,C,131.00,131.00
10/12/2024,14:30,[14:15-14:30[,S,F,F,C,C,131.00,131.00
10/12/2024,14:45,[14:30-14:45[,S,F,F,C,C,131.00,131.00
10/12/2024,15:00,[14:45-15:00[,S,F,F,C,C,131.00,131.00
10/12/2024,15:15,[15:00-15:15[,S,F,F,C,C,145.01,145.01
10/12/2024,15:30,[15:15-15:30[,S,F,F,C,C,145.01,145.01
10/12/2024,15:45,[15:30-15:45[,S,F,F,C,C,145.01,145.01
10/12/2024,16:00,[15:45-16:00[,S,F,F,C,C,145.01,145.01
10/12/2024,16:15,[16:00-16:15[,S,F,F,C,C,160.60,160.60
10/12/2024,16:30,[16:15-16:30[,S,F,F,C,C,160.60,160.60
10/12/2024,16:45,[16:30-16:45[,S,F,F,C,C,160.60,160.60
10/12/2024,17:00,[16:45-17:00[,S,F,F,C,C,160.60,160.60
10/12/2024,17:15,[17:00-17:15[,S,F,F,C,C,181.00,181.00
10/12/2024,17:30,[17:15-17:30[,S,F,F,C,C,181.00,181.00
10/12/2024,17:45,[17:30-17:45[,S,F,F,C,C,181.00,181.00
10/12/2024,18:00,[17:45-18:00[,S,F,F,C,C,181.00,181.00
10/12/2024,18:15,[18:00-18:15[,S,F,F,P,C,178.28,178.28
10/12/2024,18:30,[18:15-18:30[,S,F,F,P,C,178.28,178.28
10/12/2024,18:45,[18:30-18:45[,S,F,F,P,P,178.28,178.28
10/12/2024,19:00,[18:45-19:00[,S,F,F,P,P,178.28,178.28
10/12/2024,19:15,[19:00-19:15[,S,F,F,P,P,167.13,167.13
10/12/2024,19:30,[19:15-19:30[,S,F,F,P,P,167.13,167.13
10/12/2024,19:45,[19:30-19:45[,S,F,F,P,P,167.13,167.13
10/12/2024,20:00,[19:45-20:00[,S,F,F,P,P,167.13,167.13
10/12/2024,20:15,[20:00-20:15[,S,F,F,P,P,162.00,162.00
10/12/2024,20:30,[20:15-20:30[,S,F,F,P,P,162.00,162.00
10/12/2024,20:45,[20:30-20:45[,S,F,F,C,P,162.00,162.00
10/12/2024,21:00,[20:45-21:00[,S,F,F,C,P,162.00,162.00
10/12/2024,21:15,[21:00-21:15[,S,F,F,C,C,150.20,150.20
10/12/2024,21:30,[21:15-21:30[,S,F,F,C,C,150.20,150.20
10/12/2024,21:45,[21:30-21:45[,S,F,F,C,C,150.20,150.20
10/12/2024,22:00,[21:45-22:00[,S,F,F,C,C,150.20,150.20
10/12/2024,22:15,[22:00-22:15[,S,V,F,V,C,140.00,140.00
10/12/2024,22:30,[22:15-22:30[,S,V,F,V,C,140.00,140.00
10/12/2024,22:45,[22:30-22:45[,S,V,F,V,C,140.00,140.00
10/12/2024,23:00,[22:45-23:00[,S,V,F,V,C,140.00,140.00
10/12/2024,23:15,[23:00-23:15[,S,V,F,V,C,129.00,129.00
10/12/2024,23:30,[23:15-23:30[,S,V,F,V,C,129.00,129.00
10/12/2024,23:45,[23:30-23:45[,S,V,F,V,C,129.00,129.00
10/12/2024,23:59,[23:45-00:00[,S,V,F,V,C,129.00,129.00
11/12/2024,00:15,[00:00-00:15[,S,V,V,V,V,114.49,114.49
11/12/2024,00:30,[00:15-00:30[,S,V,V,V,V,114.49,114.49
11/12/2024,00:45,[00:30-00:45[,S,V,V,V,V,114.49,114.49
11/12/2024,01:00,[00:45-01:00[,S,V,V,V,V,114.49,114.49
11/12/2024,01:15,[01:00-01:15[,S,V,V,V,V,114.49,114.49
11/12/2024,01:30,[01:15-01:30[,S,V,V,V,V,114.49,114.49
11/12/2024,01:45,[01:30-01:45[,S,V,V,V,V,114.49,114.49
11/12/2024,02:00,[01:45-02:00[,S,V,V,V,V,114.49,114.49
11/12/2024,02:15,[02:00-02:15[,S,V,V,V,V,113.05,113.05
11/12/2024,02:30,[02:15-02:30[,S,V,V,V,V,113.05,113.05
11/12/2024,02:45,[02:30-02:45[,S,V,V,V,V,113.05,113.05
11/12/2024,03:00,[02:45-03:00[,S,V,V,V,V,113.05,113.05
11/12/2024,03:15,[03:00-03:15[,S,V,V,V,V,113.12,113.12
11/12/2024,03:30,[03:15-03:30[,S,V,V,V,V,113.12,113.12
11/12/2024,03:45,[03:30-03:45[,S,V,V,V,V,113.12,113.12
11/12/2024,04:00,[03:45-04:00[,S,V,V,V,V,113.12,113.12
11/12/2024,04:15,[04:00-04:15[,S,V,V,V,V,114.16,114.16
11/12/2024,04:30,[04:15-04:30[,S,V,V,V,V,114.16,114.16
11/12/2024,04:45,[04:30-04:45[,S,V,V,V,V,114.16,114.16
11/12/2024,05:00,[04:45-05:00[,S,V,V,V,V,114.16,114.16
11/12/2024,05:15,[05:00-05:15[,S,V,V,V,V,123.45,123.45
11/12/2024,05:30,[05:15-05:30[,S,V,V,V,V,123.45,123.45
11/12/2024,05:45,[05:30-05:45[,S,V,V,V,V,123.45,123.45
11/12/2024,06:00,[05:45-06:00[,S,V,V,V,V,123.45,123.45
11/12/2024,06:15,[06:00-06:15[,S,V,V,V,V,155.64,155.64
11/12/2024,06:30,[06:15-06:30[,S,V,V,V,V,155.64,155.64
11/12/2024,06:45,[06:30-06:45[,S,V,V,V,V,155.64,155.64
11/12/2024,07:00,[06:45-07:00[,S,V,V,V,V,155.64,155.64
11/12/2024,07:15,[07:00-07:15[,S,V,F,V,C,165.50,165.50
11/12/2024,07:30,[07:15-07:30[,S,V,F,V,C,165.50,165.50
11/12/2024,07:45,[07:30-07:45[,S,V,F,V,C,165.50,165.50
11/12/2024,08:00,[07:45-08:00[,S,V,F,V,C,165.50,165.50
11/12/2024,08:15,[08:00-08:15[,S,F,F,C,C,157.50,157.50
11/12/2024,08:30,[08:15-08:30[,S,F,F,C,C,157.50,157.50
11/12/2024,08:45,[08:30-08:45[,S,F,F,C,C,157.50,157.50
11/12/2024,09:00,[08:45-09:00[,S,F,F,C,C,157.50,157.50
11/12/2024,09:15,[09:00-09:15[,S,F,F,P,C,139.50,139.50
11/12/2024,09:30,[09:15-09:30[,S,F,F,P,C,139.50,139.50
11/12/2024,09:45,[09:30-09:45[,S,F,F,P,P,139.50,139.50
11/12/2024,10:00,[09:45-10:00[,S,F,F,P,P,139.50,139.50
11/12/2024,10:15,[10:00-10:15[,S,F,F,P,P,125.00,125.00
11/12/2024,10:30,[10:15-10:30[,S,F,F,P,P,125.00,125.00
11/12/2024,10:45,[10:30-10:45[,S,F,F,C,P,125.00,125.00
11/12/2024,11:00,[10:45-11:00[,S,F,F,C,P,125.00,125.00
11/12/2024,11:15,[11:00-11:15[,S,F,F,C,P,119.31,119.31
11/12/2024,11:30,[11:15-11:30[,S,F,F,C,P,119.31,119.31
11/12/2024,11:45,[11:30-11:45[,S,F,F,C,P,119.31,119.31
11/12/2024,12:00,[11:45-12:00[,S,F,F,C,P,119.31,119.31
11/12/2024,12:15,[12:00-12:15[,S,F,F,C,C,121.60,121.60
11/12/2024,12:30,[12:15-12:30[,S,F,F,C,C,121.60,121.60
11/12/2024,12:45,[12:30-12:45[,S,F,F,C,C,121.60,121.60
11/12/2024,13:00,[12:45-13:00[,S,F,F,C,C,121.60,121.60
11/12/2024,13:15,[13:00-13:15[,S,F,F,C,C,130.00,130.00
11/12/2024,13:30,[13:15-13:30[,S,F,F,C,C,130.00,130.00
11/12/2024,13:45,[13:30-13:45[,S,F,F,C,C,130.00,130.00
11/12/2024,14:00,[13:45-14:00[,S,F,F,C,C,130.00,130.00
11/12/2024,14:15,[14:00-14:15[,S,F,F,C,C,134.76,134.76
11/12/2024,14:30,[14:15-14:30[,S,F,F,C,C,134.76,134.76
11/12/2024,14:45,[14:30-14:45[,S,F,F,C,C,134.76,134.76
11/12/2024,15:00,[14:45-15:00[,S,F,F,C,C,134.76,134.76
11/12/2024,15:15,[15:00-15:15[,S,F,F,C,C,141.00,141.00
11/12/2024,15:30,[15:15-15:30[,S,F,F,C,C,141.00,141.00
11/12/2024,15:45,[15:30-15:45[,S,F,F,C,C,141.00,141.00
11/12/2024,16:00,[15:45-16:00[,S,F,F,C,C,141.00,141.00
11/12/2024,16:15,[16:00-16:15[,S,F,F,C,C,158.66,158.66
11/12/2024,16:30,[16:15-16:30[,S,F,F,C,C,158.66,158.66
11/12/2024,16:45,[16:30-16:45[,S,F,F,C,C,158.66,158.66
11/12/2024,17:00,[16:45-17:00[,S,F,F,C,C,158.66,158.66
11/12/2024,17:15,[17:00-17:15[,S,F,F,C,C,167.62,167.62
11/12/2024,17:30,[17:15-17:30[,S,F,F,C,C,167.62,167.62
11/12/2024,17:45,[17:30-17:45[,S,F,F,C,C,167.62,167.62
11/12/2024,18:00,[17:45-18:00[,S,F,F,C,C,167.62,167.62
11/12/2024,18:15,[18:00-18:15[,S,F,F,P,C,170.00,170.00
11/12/2024,18:30,[18:15-18:30[,S,F,F,P,C,170.00,170.00
11/12/2024,18:45,[18:30-18:45[,S,F,F,P,P,170.00,170.00
11/12/2024,19:00,[18:45-19:00[,S,F,F,P,P,170.00,170.00
11/12/2024,19:15,[19:00-19:15[,S,F,F,P,P,179.07,179.07
11/12/2024,19:30,[19:15-19:30[,S,F,F,P,P,179.07,179.07
11/12/2024,19:45,[19:30-19:45[,S,F,F,P,P,179.07,179.07
11/12/2024,20:00,[19:45-20:00[,S,F,F,P,P,179.07,179.07
11/12/2024,20:15,[20:00-20:15[,S,F,F,P,P,165.20,165.20
11/12/2024,20:30,[20:15-20:30[,S,F,F,P,P,165.20,165.20
11/12/2024,20:45,[20:30-20:45[,S,F,F,C,P,165.20,165.20
11/12/2024,21:00,[20:45-21:00[,S,F,F,C,P,165.20,165.20
11/12/2024,21:15,[21:00-21:15[,S,F,F,C,C,161.25,150.00
11/12/2024,21:30,[21:15-21:30[,S,F,F,C,C,161.25,150.00
11/12/2024,21:45,[21:30-21:45[,S,F,F,C,C,161.25,150.00
11/12/2024,22:00,[21:45-22:00[,S,F,F,C,C,161.25,150.00
11/12/2024,22:15,[22:00-22:15[,S,V,F,V,C,161.25,136.10
11/12/2024,22:30,[22:15-22:30[,S,V,F,V,C,161.25,136.10
11/12/2024,22:45,[22:30-22:45[,S,V,F,V,C,161.25,136.10
11/12/2024,23:00,[22:45-23:00[,S,V,F,V,C,161.25,136.10
11/12/2024,23:15,[23:00-23:15[,S,V,F,V,C,136.50,136.50
11/12/2024,23:30,[23:15-23:30[,S,V,F,V,C,136.50,136.50
11/12/2024,23:45,[23:30-23:45[,S,V,F,V,C,136.50,136.50
11/12/2024,23:59,[23:45-00:00[,S,V,F,V,C,136.50,136.50
12/12/2024,00:15,[00:00-00:15[,S,V,V,V,V,120.77,120.77
12/12/2024,00:30,[00:15-00:30[,S,V,V,V,V,120.77,120.77
12/12/2024,00:45,[00:30-00:45[,S,V,V,V,V,120.77,120.77
12/12/2024,01:00,[00:45-01:00[,S,V,V,V,V,120.77,120.77
12/12/2024,01:15,[01:00-01:15[,S,V,V,V,V,116.00,116.00
12/12/2024,01:30,[01:15-01:30[,S,V,V,V,V,116.00,116.00
12/12/2024,01:45,[01:30-01:45[,S,V,V,V,V,116.00,116.00
12/12/2024,02:00,[01:45-02:00[,S,V,V,V,V,116.00,116.00
12/12/2024,02:15,[02:00-02:15[,S,V,V,V,V,113.23,113.23
12/12/2024,02:30,[02:15-02:30[,S,V,V,V,V,113.23,113.23
12/12/2024,02:45,[02:30-02:45[,S,V,V,V,V,113.23,113.23
12/12/2024,03:00,[02:45-03:00[,S,V,V,V,V,113.23,113.23
12/12/2024,03:15,[03:00-03:15[,S,V,V,V,V,112.60,112.60
12/12/2024,03:30,[03:15-03:30[,S,V,V,V,V,112.60,112.60
12/12/2024,03:45,[03:30-03:45[,S,V,V,V,V,112.60,112.60
12/12/2024,04:00,[03:45-04:00[,S,V,V,V,V,112.60,112.60
12/12/2024,04:15,[04:00-04:15[,S,V,V,V,V,120.92,120.92
12/12/2024,04:30,[04:15-04:30[,S,V,V,V,V,120.92,120.92
12/12/2024,04:45,[04:30-04:45[,S,V,V,V,V,120.92,120.92
12/12/2024,05:00,[04:45-05:00[,S,V,V,V,V,120.92,120.92
12/12/2024,05:15,[05:00-05:15[,S,V,V,V,V,137.51,137.51
12/12/2024,05:30,[05:15-05:30[,S,V,V,V,V,137.51,137.51
12/12/2024,05:45,[05:30-05:45[,S,V,V,V,V,137.51,137.51
12/12/2024,06:00,[05:45-06:00[,S,V,V,V,V,137.51,137.51
12/12/2024,06:15,[06:00-06:15[,S,V,V,V,V,162.12,162.12
12/12/2024,06:30,[06:15-06:30[,S,V,V,V,V,162.12,162.12
12/12/2024,06:45,[06:30-06:45[,S,V,V,V,V,162.12,162.12
12/12/2024,07:00,[06:45-07:00[,S,V,V,V,V,162.12,162.12
12/12/2024,07:15,[07:00-07:15[,S,V,F,V,C,177.38,177.38
12/12/2024,07:30,[07:15-07:30[,S,V,F,V,C,177.38,177.38
12/12/2024,07:45,[07:30-07:45[,S,V,F,V,C,177.38,177.38
12/12/2024,08:00,[07:45-08:00[,S,V,F,V,C,177.38,177.38
12/12/2024,08:15,[08:00-08:15[,S,F,F,C,C,167.63,167.63
12/12/2024,08:30,[08:15-08:30[,S,F,F,C,C,167.63,167.63
12/12/2024,08:45,[08:30-08:45[,S,F,F,C,C,167.63,167.63
12/12/2024,09:00,[08:45-09:00[,S,F,F,C,C,167.63,167.63
12/12/2024,09:15,[09:00-09:15[,S,F,F,P,C,153.85,153.85
12/12/2024,09:30,[09:15-09:30[,S,F,F,P,C,153.85,153.85
12/12/2024,09:45,[09:30-09:45[,S,F,F,P,P,153.85,153.85
12/12/2024,10:00,[09:45-10:00[,S,F,F,P,P,153.85,153.85
12/12/2024,10:15,[10:00-10:15[,S,F,F,P,P,140.01,140.01
12/12/2024,10:30,[10:15-10:30[,S,F,F,P,P,140.01,140.01
12/12/2024,10:45,[10:30-10:45[,S,F,F,C,P,140.01,140.01
12/12/2024,11:00,[10:45-11:00[,S,F,F,C,P,140.01,140.01
12/12/2024,11:15,[11:00-11:15[,S,F,F,C,P,137.97,137.97
12/12/2024,11:30,[11:15-11:30[,S,F,F,C,P,137.97,137.97
12/12/2024,11:45,[11:30-11:45[,S,F,F,C,P,137.97,137.97
12/12/2024,12:00,[11:45-12:00[,S,F,F,C,P,137.97,137.97
12/12/2024,12:15,[12:00-12:15[,S,F,F,C,C,139.00,139.00
12/12/2024,12:30,[12:15-12:30[,S,F,F,C,C,139.00,139.00
12/12/2024,12:45,[12:30-12:45[,S,F,F,C,C,139.00,139.00
12/12/2024,13:00,[12:45-13:00[,S,F,F,C,C,139.00,139.00
12/12/2024,13:15,[13:00-13:15[,S,F,F,C,C,142.91,142.91
12/12/2024,13:30,[13:15-13:30[,S,F,F,C,C,142.91,142.91
12/12/2024,13:45,[13:30-13:45[,S,F,F,C,C,142.91,142.91
12/12/2024,14:00,[13:45-14:00[,S,F,F,C,C,142.91,142.91
12/12/2024,14:15,[14:00-14:15[,S,F,F,C,C,148.00,148.00
12/12/2024,14:30,[14:15-14:30[,S,F,F,C,C,148.00,148.00
12/12/2024,14:45,[14:30-14:45[,S,F,F,C,C,148.00,148.00
12/12/2024,15:00,[14:45-15:00[,S,F,F,C,C,148.00,148.00
12/12/2024,15:15,[15:00-15:15[,S,F,F,C,C,163.03,163.03
12/12/2024,15:30,[15:15-15:30[,S,F,F,C,C,163.03,163.03
12/12/2024,15:45,[15:30-15:45[,S,F,F,C,C,163.03,163.03
12/12/2024,16:00,[15:45-16:00[,S,F,F,C,C,163.03,163.03
12/12/2024,16:15,[16:00-16:15[,S,F,F,C,C,162.42,162.42
12/12/2024,16:30,[16:15-16:30[,S,F,F,C,C,162.42,162.42
12/12/2024,16:45,[16:30-16:45[,S,F,F,C,C,162.42,162.42
12/12/2024,17:00,[16:45-17:00[,S,F,F,C,C,162.42,162.42
12/12/2024,17:15,[17:00-17:15[,S,F,F,C,C,167.84,167.84
12/12/2024,17:30,[17:15-17:30[,S,F,F,C,C,167.84,167.84
12/12/2024,17:45,[17:30-17:45[,S,F,F,C,C,167.84,167.84
12/12/2024,18:00,[17:45-18:00[,S,F,F,C,C,167.84,167.84
12/12/2024,18:15,[18:00-18:15[,S,F,F,P,C,172.06,172.06
12/12/2024,18:30,[18:15-18:30[,S,F,F,P,C,172.06,172.06
12/12/2024,18:45,[18:30-18:45[,S,F,F,P,P,172.06,172.06
12/12/2024,19:00,[18:45-19:00[,S,F,F,P,P,172.06,172.06
12/12/2024,19:15,[19:00-19:15[,S,F,F,P,P,174.25,174.25
12/12/2024,19:30,[19:15-19:30[,S,F,F,P,P,174.25,174.25
12/12/2024,19:45,[19:30-19:45[,S,F,F,P,P,174.25,174.25
12/12/2024,20:00,[19:45-20:00[,S,F,F,P,P,174.25,174.25
12/12/2024,20:15,[20:00-20:15[,S,F,F,P,P,169.40,169.40
12/12/2024,20:30,[20:15-20:30[,S,F,F,P,P,169.40,169.40
12/12/2024,20:45,[20:30-20:45[,S,F,F,C,P,169.40,169.40
12/12/2024,21:00,[20:45-21:00[,S,F,F,C,P,169.40,169.40
12/12/2024,21:15,[21:00-21:15[,S,F,F,C,C,150.00,150.00
12/12/2024,21:30,[21:15-21:30[,S,F,F,C,C,150.00,150.00
12/12/2024,21:45,[21:30-21:45[,S,F,F,C,C,150.00,150.00
12/12/2024,22:00,[21:45-22:00[,S,F,F,C,C,150.00,150.00
12/12/2024,22:15,[22:00-22:15[,S,V,F,V,C,134.75,134.75
12/12/2024,22:30,[22:15-22:30[,S,V,F,V,C,134.75,134.75
12/12/2024,22:45,[22:30-22:45[,S,V,F,V,C,134.75,134.75
12/12/2024,23:00,[22:45-23:00[,S,V,F,V,C,134.75,134.75
12/12/2024,23:15,[23:00-23:15[,S,V,F,V,C,132.71,132.71
12/12/2024,23:30,[23:15-23:30[,S,V,F,V,C,132.71,132.71
12/12/2024,23:45,[23:30-23:45[,S,V,F,V,C,132.71,132.71
12/12/2024,23:59,[23:45-00:00[,S,V,F,V,C,132.71,132.71
13/12/2024,00:15,[00:00-00:15[,S,V,V,V,V,125.00,125.00
13/12/2024,00:30,[00:15-00:30[,S,V,V,V,V,125.00,125.00
13/12/2024,00:45,[00:30-00:45[,S,V,V,V,V,125.00,125.00
13/12/2024,01:00,[00:45-01:00[,S,V,V,V,V,125.00,125.00
13/12/2024,01:15,[01:00-01:15[,S,V,V,V,V,118.97,118.97
13/12/2024,01:30,[01:15-01:30[,S,V,V,V,V,118.97,118.97
13/12/2024,01:45,[01:30-01:45[,S,V,V,V,V,118.97,118.97
13/12/2024,02:00,[01:45-02:00[,S,V,V,V,V,118.97,118.97
13/12/2024,02:15,[02:00-02:15[,S,V,V,V,V,114.95,114.95
13/12/2024,02:30,[02:15-02:30[,S,V,V,V,V,114.95,114.95
13/12/2024,02:45,[02:30-02:45[,S,V,V,V,V,114.95,114.95
13/12/2024,03:00,[02:45-03:00[,S,V,V,V,V,114.95,114.95
13/12/2024,03:15,[03:00-03:15[,S,V,V,V,V,115.64,115.64
13/12/2024,03:30,[03:15-03:30[,S,V,V,V,V,115.64,115.64
13/12/2024,03:45,[03:30-03:45[,S,V,V,V,V,115.64,115.64
13/12/2024,04:00,[03:45-04:00[,S,V,V,V,V,115.64,115.64
13/12/2024,04:15,[04:00-04:15[,S,V,V,V,V,123.96,123.96
13/12/2024,04:30,[04:15-04:30[,S,V,V,V,V,123.96,123.96
13/12/2024,04:45,[04:30-04:45[,S,V,V,V,V,123.96,123.96
13/12/2024,05:00,[04:45-05:00[,S,V,V,V,V,123.96,123.96
13/12/2024,05:15,[05:00-05:15[,S,V,V,V,V,138.00,138.00
13/12/2024,05:30,[05:15-05:30[,S,V,V,V,V,138.00,138.00
13/12/2024,05:45,[05:30-05:45[,S,V,V,V,V,138.00,138.00
13/12/2024,06:00,[05:45-06:00[,S,V,V,V,V,138.00,138.00
13/12/2024,06:15,[06:00-06:15[,S,V,V,V,V,154.90,154.90
13/12/2024,06:30,[06:15-06:30[,S,V,V,V,V,154.90,154.90
13/12/2024,06:45,[06:30-06:45[,S,V,V,V,V,154.90,154.90
13/12/2024,07:00,[06:45-07:00[,S,V,V,V,V,154.90,154.90
13/12/2024,07:15,[07:00-07:15[,S,V,F,V,C,164.07,164.07
13/12/2024,07:30,[07:15-07:30[,S,V,F,V,C,164.07,164.07
13/12/2024,07:45,[07:30-07:45[,S,V,F,V,C,164.07,164.07
13/12/2024,08:00,[07:45-08:00[,S,V,F,V,C,164.07,164.07
13/12/2024,08:15,[08:00-08:15[,S,F,F,C,C,163.80,163.80
13/12/2024,08:30,[08:15-08:30[,S,F,F,C,C,163.80,163.80
13/12/2024,08:45,[08:30-08:45[,S,F,F,C,C,163.80,163.80
13/12/2024,09:00,[08:45-09:00[,S,F,F,C,C,163.80,163.80
13/12/2024,09:15,[09:00-09:15[,S,F,F,P,C,150.35,150.35
13/12/2024,09:30,[09:15-09:30[,S,F,F,P,C,150.35,150.35
13/12/2024,09:45,[09:30-09:45[,S,F,F,P,P,150.35,150.35
13/12/2024,10:00,[09:45-10:00[,S,F,F,P,P,150.35,150.35
13/12/2024,10:15,[10:00-10:15[,S,F,F,P,P,145.01,145.01
13/12/2024,10:30,[10:15-10:30[,S,F,F,P,P,145.01,145.01
13/12/2024,10:45,[10:30-10:45[,S,F,F,C,P,145.01,145.01
13/12/2024,11:00,[10:45-11:00[,S,F,F,C,P,145.01,145.01
13/12/2024,11:15,[11:00-11:15[,S,F,F,C,P,141.00,141.00
13/12/2024,11:30,[11:15-11:30[,S,F,F,C,P,141.00,141.00
13/12/2024,11:45,[11:30-11:45[,S,F,F,C,P,141.00,141.00
13/12/2024,12:00,[11:45-12:00[,S,F,F,C,P,141.00,141.00
13/12/2024,12:15,[12:00-12:15[,S,F,F,C,C,137.76,137.76
13/12/2024,12:30,[12:15-12:30[,S,F,F,C,C,137.76,137.76
13/12/2024,12:45,[12:30-12:45[,S,F,F,C,C,137.76,137.76
13/12/2024,13:00,[12:45-13:00[,S,F,F,C,C,137.76,137.76
13/12/2024,13:15,[13:00-13:15[,S,F,F,C,C,137.76,137.76
13/12/2024,13:30,[13:15-13:30[,S,F,F,C,C,137.76,137.76
13/12/2024,13:45,[13:30-13:45[,S,F,F,C,C,137.76,137.76
13/12/2024,14:00,[13:45-14:00[,S,F,F,C,C,137.76,137.76
13/12/2024,14:15,[14:00-14:15[,S,F,F,C,C,143.18,143.18
13/12/2024,14:30,[14:15-14:30[,S,F,F,C,C,143.18,143.18
13/12/2024,14:45,[14:30-14:45[,S,F,F,C,C,143.18,143.18
13/12/2024,15:00,[14:45-15:00[,S,F,F,C,C,143.18,143.18
13/12/2024,15:15,[15:00-15:15[,S,F,F,C,C,151.66,151.66
13/12/2024,15:30,[15:15-15:30[,S,F,F,C,C,151.66,151.66
13/12/2024,15:45,[15:30-15:45[,S,F,F,C,C,151.66,151.66
13/12/2024,16:00,[15:45-16:00[,S,F,F,C,C,151.66,151.66
13/12/2024,16:15,[16:00-16:15[,S,F,F,C,C,156.06,156.06
13/12/2024,16:30,[16:15-16:30[,S,F,F,C,C,156.06,156.06
13/12/2024,16:45,[16:30-16:45[,S,F,F,C,C,156.06,156.06
13/12/2024,17:00,[16:45-17:00[,S,F,F,C,C,156.06,156.06
13/12/2024,17:15,[17:00-17:15[,S,F,F,C,C,172.35,172.35
13/12/2024,17:30,[17:15-17:30[,S,F,F,C,C,172.35,172.35
13/12/2024,17:45,[17:30-17:45[,S,F,F,C,C,172.35,172.35
13/12/2024,18:00,[17:45-18:00[,S,F,F,C,C,172.35,172.35
13/12/2024,18:15,[18:00-18:15[,S,F,F,P,C,172.35,172.35
13/12/2024,18:30,[18:15-18:30[,S,F,F,P,C,172.35,172.35
13/12/2024,18:45,[18:30-18:45[,S,F,F,P,P,172.35,172.35
13/12/2024,19:00,[18:45-19:00[,S,F,F,P,P,172.35,172.35
13/12/2024,19:15,[19:00-19:15[,S,F,F,P,P,172.35,172.35
13/12/2024,19:30,[19:15-19:30[,S,F,F,P,P,172.35,172.35
13/12/2024,19:45,[19:30-19:45[,S,F,F,P,P,172.35,172.35
13/12/2024,20:00,[19:45-20:00[,S,F,F,P,P,172.35,172.35
13/12/2024,20:15,[20:00-20:15[,S,F,F,P,P,164.52,146.22
13/12/2024,20:30,[20:15-20:30[,S,F,F,P,P,164.52,146.22
13/12/2024,20:45,[20:30-20:45[,S,F,F,C,P,164.52,146.22
13/12/2024,21:00,[20:45-21:00[,S,F,F,C,P,164.52,146.22
13/12/2024,21:15,[21:00-21:15[,S,F,F,C,C,150.00,141.45
13/12/2024,21:30,[21:15-21:30[,S,F,F,C,C,150.00,141.45
13/12/2024,21:45,[21:30-21:45[,S,F,F,C,C,150.00,141.45
13/12/2024,22:00,[21:45-22:00[,S,F,F,C,C,150.00,141.45
13/12/2024,22:15,[22:00-22:15[,S,V,F,V,C,140.62,129.96
13/12/2024,22:30,[22:15-22:30[,S,V,F,V,C,140.62,129.96
13/12/2024,22:45,[22:30-22:45[,S,V,F,V,C,140.62,129.96
13/12/2024,23:00,[22:45-23:00[,S,V,F,V,C,140.62,129.96
13/12/2024,23:15,[23:00-23:15[,S,V,F,V,C,141.17,141.17
13/12/2024,23:30,[23:15-23:30[,S,V,F,V,C,141.17,141.17
13/12/2024,23:45,[23:30-23:45[,S,V,F,V,C,141.17,141.17
13/12/2024,23:59,[23:45-00:00[,S,V,F,V,C,141.17,141.17
14/12/2024,00:15,[00:00-00:15[,S,V,V,V,V,130.93,130.93
14/12/2024,00:30,[00:15-00:30[,S,V,V,V,V,130.93,130.93
14/12/2024,00:45,[00:30-00:45[,S,V,V,V,V,130.93,130.93
14/12/2024,01:00,[00:45-01:00[,S,V,V,V,V,130.93,130.93
14/12/2024,01:15,[01:00-01:15[,S,V,V,V,V,130.18,130.18
14/12/2024,01:30,[01:15-01:30[,S,V,V,V,V,130.18,130.18
14/12/2024,01:45,[01:30-01:45[,S,V,V,V,V,130.18,130.18
14/12/2024,02:00,[01:45-02:00[,S,V,V,V,V,130.18,130.18
14/12/2024,02:15,[02:00-02:15[,S,V,V,V,V,129.47,129.47
14/12/2024,02:30,[02:15-02:30[,S,V,V,V,V,129.47,129.47
14/12/2024,02:45,[02:30-02:45[,S,V,V,V,V,129.47,129.47
14/12/2024,03:00,[02:45-03:00[,S,V,V,V,V,129.47,129.47
14/12/2024,03:15,[03:00-03:15[,S,V,V,V,V,126.87,126.87
14/12/2024,03:30,[03:15-03:30[,S,V,V,V,V,126.87,126.87
14/12/2024,03:45,[03:30-03:45[,S,V,V,V,V,126.87,126.87
14/12/2024,04:00,[03:45-04:00[,S,V,V,V,V,126.87,126.87
14/12/2024,04:15,[04:00-04:15[,S,V,V,V,V,126.15,126.15
14/12/2024,04:30,[04:15-04:30[,S,V,V,V,V,126.15,126.15
14/12/2024,04:45,[04:30-04:45[,S,V,V,V,V,126.15,126.15
14/12/2024,05:00,[04:45-05:00[,S,V,V,V,V,126.15,126.15
14/12/2024,05:15,[05:00-05:15[,S,V,V,V,V,129.47,129.47
14/12/2024,05:30,[05:15-05:30[,S,V,V,V,V,129.47,129.47
14/12/2024,05:45,[05:30-05:45[,S,V,V,V,V,129.47,129.47
14/12/2024,06:00,[05:45-06:00[,S,V,V,V,V,129.47,129.47
14/12/2024,06:15,[06:00-06:15[,S,V,V,V,V,133.37,133.37
14/12/2024,06:30,[06:15-06:30[,S,V,V,V,V,133.37,133.37
14/12/2024,06:45,[06:30-06:45[,S,V,V,V,V,133.37,133.37
14/12/2024,07:00,[06:45-07:00[,S,V,V,V,V,133.37,133.37
14/12/2024,07:15,[07:00-07:15[,S,V,V,V,V,137.27,137.27
14/12/2024,07:30,[07:15-07:30[,S,V,V,V,V,137.27,137.27
14/12/2024,07:45,[07:30-07:45[,S,V,V,V,V,137.27,137.27
14/12/2024,08:00,[07:45-08:00[,S,V,V,V,V,137.27,137.27
14/12/2024,08:15,[08:00-08:15[,S,F,V,C,V,132.07,132.07
14/12/2024,08:30,[08:15-08:30[,S,F,V,C,V,132.07,132.07
14/12/2024,08:45,[08:30-08:45[,S,F,V,C,V,132.07,132.07
14/12/2024,09:00,[08:45-09:00[,S,F,V,C,V,132.07,132.07
14/12/2024,09:15,[09:00-09:15[,S,F,V,P,V,122.00,122.00
14/12/2024,09:30,[09:15-09:30[,S,F,V,P,V,122.00,122.00
14/12/2024,09:45,[09:30-09:45[,S,F,F,P,C,122.00,122.00
14/12/2024,10:00,[09:45-10:00[,S,F,F,P,C,122.00,122.00
14/12/2024,10:15,[10:00-10:15[,S,F,F,P,C,110.43,110.43
14/12/2024,10:30,[10:15-10:30[,S,F,F,P,C,110.43,110.43
14/12/2024,10:45,[10:30-10:45[,S,F,F,C,C,110.43,110.43
14/12/2024,11:00,[10:45-11:00[,S,F,F,C,C,110.43,110.43
14/12/2024,11:15,[11:00-11:15[,S,F,F,C,C,109.73,109.73
14/12/2024,11:30,[11:15-11:30[,S,F,F,C,C,109.73,109.73
14/12/2024,11:45,[11:30-11:45[,S,F,F,C,C,109.73,109.73
14/12/2024,12:00,[11:45-12:00[,S,F,F,C,C,109.73,109.73
14/12/2024,12:15,[12:00-12:15[,S,F,F,C,C,107.95,107.95
14/12/2024,12:30,[12:15-12:30[,S,F,F,C,C,107.95,107.95
14/12/2024,12:45,[12:30-12:45[,S,F,F,C,C,107.95,107.95
14/12/2024,13:00,[12:45-13:00[,S,F,F,C,C,107.95,107.95
14/12/2024,13:15,[13:00-13:15[,S,F,V,C,V,104.07,104.07
14/12/2024,13:30,[13:15-13:30[,S,F,V,C,V,104.07,104.07
14/12/2024,13:45,[13:30-13:45[,S,F,V,C,V,104.07,104.07
14/12/2024,14:00,[13:45-14:00[,S,F,V,C,V,104.07,104.07
14/12/2024,14:15,[14:00-14:15[,S,F,V,C,V,104.58,104.58
14/12/2024,14:30,[14:15-14:30[,S,F,V,C,V,104.58,104.58
14/12/2024,14:45,[14:30-14:45[,S,F,V,C,V,104.58,104.58
14/12/2024,15:00,[14:45-15:00[,S,F,V,C,V,104.58,104.58
14/12/2024,15:15,[15:00-15:15[,S,F,V,C,V,112.29,112.29
14/12/2024,15:30,[15:15-15:30[,S,F,V,C,V,112.29,112.29
14/12/2024,15:45,[15:30-15:45[,S,F,V,C,V,112.29,112.29
14/12/2024,16:00,[15:45-16:00[,S,F,V,C,V,112.29,112.29
14/12/2024,16:15,[16:00-16:15[,S,F,V,C,V,134.67,134.67
14/12/2024,16:30,[16:15-16:30[,S,F,V,C,V,134.67,134.67
14/12/2024,16:45,[16:30-16:45[,S,F,V,C,V,134.67,134.67
14/12/2024,17:00,[16:45-17:00[,S,F,V,C,V,134.67,134.67
14/12/2024,17:15,[17:00-17:15[,S,F,V,C,V,151.32,151.32
14/12/2024,17:30,[17:15-17:30[,S,F,V,C,V,151.32,151.32
14/12/2024,17:45,[17:30-17:45[,S,F,V,C,V,151.32,151.32
14/12/2024,18:00,[17:45-18:00[,S,F,V,C,V,151.32,151.32
14/12/2024,18:15,[18:00-18:15[,S,F,V,P,V,149.43,149.43
14/12/2024,18:30,[18:15-18:30[,S,F,V,P,V,149.43,149.43
14/12/2024,18:45,[18:30-18:45[,S,F,F,P,C,149.43,149.43
14/12/2024,19:00,[18:45-19:00[,S,F,F,P,C,149.43,149.43
14/12/2024,19:15,[19:00-19:15[,S,F,F,P,C,150.00,150.00
14/12/2024,19:30,[19:15-19:30[,S,F,F,P,C,150.00,150.00
14/12/2024,19:45,[19:30-19:45[,S,F,F,P,C,150.00,150.00
14/12/2024,20:00,[19:45-20:00[,S,F,F,P,C,150.00,150.00
14/12/2024,20:15,[20:00-20:15[,S,F,F,P,C,144.80,144.80
14/12/2024,20:30,[20:15-20:30[,S,F,F,P,C,144.80,144.80
14/12/2024,20:45,[20:30-20:45[,S,F,F,C,C,144.80,144.80
14/12/2024,21:00,[20:45-21:00[,S,F,F,C,C,144.80,144.80
14/12/2024,21:15,[21:00-21:15[,S,F,F,C,C,142.37,142.37
14/12/2024,21:30,[21:15-21:30[,S,F,F,C,C,142.37,142.37
14/12/2024,21:45,[21:30-21:45[,S,F,F,C,C,142.37,142.37
14/12/2024,22:00,[21:45-22:00[,S,F,F,C,C,142.37,142.37
14/12/2024,22:15,[22:00-22:15[,S,V,V,V,V,131.69,131.69
14/12/2024,22:30,[22:15-22:30[,S,V,V,V,V,131.69,131.69
14/12/2024,22:45,[22:30-22:45[,S,V,V,V,V,131.69,131.69
14/12/2024,23:00,[22:45-23:00[,S,V,V,V,V,131.69,131.69
14/12/2024,23:15,[23:00-23:15[,S,V,V,V,V,125.92,125.92
14/12/2024,23:30,[23:15-23:30[,S,V,V,V,V,125.92,125.92
14/12/2024,23:45,[23:30-23:45[,S,V,V,V,V,125.92,125.92
14/12/2024,23:59,[23:45-00:00[,S,V,V,V,V,125.92,125.92
15/12/2024,00:15,[00:00-00:15[,S,V,V,V,V,110.89,110.89
15/12/2024,00:30,[00:15-00:30[,S,V,V,V,V,110.89,110.89
15/12/2024,00:45,[00:30-00:45[,S,V,V,V,V,110.89,110.89
15/12/2024,01:00,[00:45-01:00[,S,V,V,V,V,110.89,110.89
15/12/2024,01:15,[01:00-01:15[,S,V,V,V,V,108.00,108.00
15/12/2024,01:30,[01:15-01:30[,S,V,V,V,V,108.00,108.00
15/12/2024,01:45,[01:30-01:45[,S,V,V,V,V,108.00,108.00
15/12/2024,02:00,[01:45-02:00[,S,V,V,V,V,108.00,108.00
15/12/2024,02:15,[02:00-02:15[,S,V,V,V,V,105.65,105.65
15/12/2024,02:30,[02:15-02:30[,S,V,V,V,V,105.65,105.65
15/12/2024,02:45,[02:30-02:45[,S,V,V,V,V,105.65,105.65
15/12/2024,03:00,[02:45-03:00[,S,V,V,V,V,105.65,105.65
15/12/2024,03:15,[03:00-03:15[,S,V,V,V,V,100.45,100.45
15/12/2024,03:30,[03:15-03:30[,S,V,V,V,V,100.45,100.45
15/12/2024,03:45,[03:30-03:45[,S,V,V,V,V,100.45,100.45
15/12/2024,04:00,[03:45-04:00[,S,V,V,V,V,100.45,100.45
15/12/2024,04:15,[04:00-04:15[,S,V,V,V,V,95.70,95.70
15/12/2024,04:30,[04:15-04:30[,S,V,V,V,V,95.70,95.70
15/12/2024,04:45,[04:30-04:45[,S,V,V,V,V,95.70,95.70
15/12/2024,05:00,[04:45-05:00[,S,V,V,V,V,95.70,95.70
15/12/2024,05:15,[05:00-05:15[,S,V,V,V,V,95.70,95.70
15/12/2024,05:30,[05:15-05:30[,S,V,V,V,V,95.70,95.70
15/12/2024,05:45,[05:30-05:45[,S,V,V,V,V,95.70,95.70
15/12/2024,06:00,[05:45-06:00[,S,V,V,V,V,95.70,95.70
15/12/2024,06:15,[06:00-06:15[,S,V,V,V,V,95.30,95.30
15/12/2024,06:30,[06:15-06:30[,S,V,V,V,V,95.30,95.30
15/12/2024,06:45,[06:30-06:45[,S,V,V,V,V,95.30,95.30
15/12/2024,07:00,[06:45-07:00[,S,V,V,V,V,95.30,95.30
15/12/2024,07:15,[07:00-07:15[,S,V,V,V,V,103.33,103.33
15/12/2024,07:30,[07:15-07:30[,S,V,V,V,V,103.33,103.33
15/12/2024,07:45,[07:30-07:45[,S,V,V,V,V,103.33,103.33
15/12/2024,08:00,[07:45-08:00[,S,V,V,V,V,103.33,103.33
15/12/2024,08:15,[08:00-08:15[,S,F,V,C,V,85.18,85.18
15/12/2024,08:30,[08:15-08:30[,S,F,V,C,V,85.18,85.18
15/12/2024,08:45,[08:30-08:45[,S,F,V,C,V,85.18,85.18
15/12/2024,09:00,[08:45-09:00[,S,F,V,C,V,85.18,85.18
15/12/2024,09:15,[09:00-09:15[,S,F,V,P,V,74.57,74.57
15/12/2024,09:30,[09:15-09:30[,S,F,V,P,V,74.57,74.57
15/12/2024,09:45,[09:30-09:45[,S,F,V,P,V,74.57,74.57
15/12/2024,10:00,[09:45-10:00[,S,F,V,P,V,74.57,74.57
15/12/2024,10:15,[10:00-10:15[,S,F,V,P,V,72.69,72.69
15/12/2024,10:30,[10:15-10:30[,S,F,V,P,V,72.69,72.69
15/12/2024,10:45,[10:30-10:45[,S,F,V,C,V,72.69,72.69
15/12/2024,11:00,[10:45-11:00[,S,F,V,C,V,72.69,72.69
15/12/2024,11:15,[11:00-11:15[,S,F,V,C,V,77.87,77.87
15/12/2024,11:30,[11:15-11:30[,S,F,V,C,V,77.87,77.87
15/12/2024,11:45,[11:30-11:45[,S,F,V,C,V,77.87,77.87
15/12/2024,12:00,[11:45-12:00[,S,F,V,C,V,77.87,77.87
15/12/2024,12:15,[12:00-12:15[,S,F,V,C,V,75.82,75.82
15/12/2024,12:30,[12:15-12:30[,S,F,V,C,V,75.82,75.82
15/12/2024,12:45,[12:30-12:45[,S,F,V,C,V,75.82,75.82
15/12/2024,13:00,[12:45-13:00[,S,F,V,C,V,75.82,75.82
15/12/2024,13:15,[13:00-13:15[,S,F,V,C,V,71.89,71.89
15/12/2024,13:30,[13:15-13:30[,S,F,V,C,V,71.89,71.89
15/12/2024,13:45,[13:30-13:45[,S,F,V,C,V,71.89,71.89
15/12/2024,14:00,[13:45-14:00[,S,F,V,C,V,71.89,71.89
15/12/2024,14:15,[14:00-14:15[,S,F,V,C,V,70.47,70.47
15/12/2024,14:30,[14:15-14:30[,S,F,V,C,V,70.47,70.47
15/12/2024,14:45,[14:30-14:45[,S,F,V,C,V,70.47,70.47
15/12/2024,15:00,[14:45-15:00[,S,F,V,C,V,70.47,70.47
15/12/2024,15:15,[15:00-15:15[,S,F,V,C,V,85.18,85.18
15/12/2024,15:30,[15:15-15:30[,S,F,V,C,V,85.18,85.18
15/12/2024,15:45,[15:30-15:45[,S,F,V,C,V,85.18,85.18
15/12/2024,16:00,[15:45-16:00[,S,F,V,C,V,85.18,85.18
15/12/2024,16:15,[16:00-16:15[,S,F,V,C,V,115.90,115.90
15/12/2024,16:30,[16:15-16:30[,S,F,V,C,V,115.90,115.90
15/12/2024,16:45,[16:30-16:45[,S,F,V,C,V,115.90,115.90
15/12/2024,17:00,[16:45-17:00[,S,F,V,C,V,115.90,115.90
15/12/2024,17:15,[17:00-17:15[,S,F,V,C,V,133.95,133.95
15/12/2024,17:30,[17:15-17:30[,S,F,V,C,V,133.95,133.95
15/12/2024,17:45,[17:30-17:45[,S,F,V,C,V,133.95,133.95
15/12/2024,18:00,[17:45-18:00[,S,F,V,C,V,133.95,133.95
15/12/2024,18:15,[18:00-18:15[,S,F,V,P,V,133.95,133.95
15/12/2024,18:30,[18:15-18:30[,S,F,V,P,V,133.95,133.95
15/12/2024,18:45,[18:30-18:45[,S,F,V,P,V,133.95,133.95
15/12/2024,19:00,[18:45-19:00[,S,F,V,P,V,133.95,133.95
15/12/2024,19:15,[19:00-19:15[,S,F,V,P,V,138.84,138.84
15/12/2024,19:30,[19:15-19:30[,S,F,V,P,V,138.84,138.84
15/12/2024,19:45,[19:30-19:45[,S,F,V,P,V,138.84,138.84
15/12/2024,20:00,[19:45-20:00[,S,F,V,P,V,138.84,138.84
15/12/2024,20:15,[20:00-20:15[,S,F,V,P,V,135.07,135.07
15/12/2024,20:30,[20:15-20:30[,S,F,V,P,V,135.07,135.07
15/12/2024,20:45,[20:30-20:45[,S,F,V,C,V,135.07,135.07
15/12/2024,21:00,[20:45-21:00[,S,F,V,C,V,135.07,135.07
15/12/2024,21:15,[21:00-21:15[,S,F,V,C,V,131.71,131.71
15/12/2024,21:30,[21:15-21:30[,S,F,V,C,V,131.71,131.71
15/12/2024,21:45,[21:30-21:45[,S,F,V,C,V,131.71,131.71
15/12/2024,22:00,[21:45-22:00[,S,F,V,C,V,131.71,131.71
15/12/2024,22:15,[22:00-22:15[,S,V,V,V,V,127.84,127.84
15/12/2024,22:30,[22:15-22:30[,S,V,V,V,V,127.84,127.84
15/12/2024,22:45,[22:30-22:45[,S,V,V,V,V,127.84,127.84
15/12/2024,23:00,[22:45-23:00[,S,V,V,V,V,127.84,127.84
15/12/2024,23:15,[23:00-23:15[,S,V,V,V,V,110.00,110.00
15/12/2024,23:30,[23:15-23:30[,S,V,V,V,V,110.00,110.00
15/12/2024,23:45,[23:30-23:45[,S,V,V,V,V,110.00,110.00
15/12/2024,23:59,[23:45-00:00[,S,V,V,V,V,110.00,110.00
16/12/2024,00:15,[00:00-00:15[,S,V,V,V,V,103.51,103.51
16/12/2024,00:30,[00:15-00:30[,S,V,V,V,V,103.51,103.51
16/12/2024,00:45,[00:30-00:45[,S,V,V,V,V,103.51,103.51
16/12/2024,01:00,[00:45-01:00[,S,V,V,V,V,103.51,103.51
16/12/2024,01:15,[01:00-01:15[,S,V,V,V,V,101.20,101.20
16/12/2024,01:30,[01:15-01:30[,S,V,V,V,V,101.20,101.20
16/12/2024,01:45,[01:30-01:45[,S,V,V,V,V,101.20,101.20
16/12/2024,02:00,[01:45-02:00[,S,V,V,V,V,101.20,101.20
16/12/2024,02:15,[02:00-02:15[,S,V,V,V,V,100.63,100.63
16/12/2024,02:30,[02:15-02:30[,S,V,V,V,V,100.63,100.63
16/12/2024,02:45,[02:30-02:45[,S,V,V,V,V,100.63,100.63
16/12/2024,03:00,[02:45-03:00[,S,V,V,V,V,100.63,100.63
16/12/2024,03:15,[03:00-03:15[,S,V,V,V,V,100.14,100.14
16/12/2024,03:30,[03:15-03:30[,S,V,V,V,V,100.14,100.14
16/12/2024,03:45,[03:30-03:45[,S,V,V,V,V,100.14,100.14
16/12/2024,04:00,[03:45-04:00[,S,V,V,V,V,100.14,100.14
16/12/2024,04:15,[04:00-04:15[,S,V,V,V,V,99.14,99.14
16/12/2024,04:30,[04:15-04:30[,S,V,V,V,V,99.14,99.14
16/12/2024,04:45,[04:30-04:45[,S,V,V,V,V,99.14,99.14
16/12/2024,05:00,[04:45-05:00[,S,V,V,V,V,99.14,99.14
16/12/2024,05:15,[05:00-05:15[,S,V,V,V,V,110.90,110.90
16/12/2024,05:30,[05:15-05:30[,S,V,V,V,V,110.90,110.90
16/12/2024,05:45,[05:30-05:45[,S,V,V,V,V,110.90,110.90
16/12/2024,06:00,[05:45-06:00[,S,V,V,V,V,110.90,110.90
16/12/2024,06:15,[06:00-06:15[,S,V,V,V,V,131.15,131.15
16/12/2024,06:30,[06:15-06:30[,S,V,V,V,V,131.15,131.15
16/12/2024,06:45,[06:30-06:45[,S,V,V,V,V,131.15,131.15
16/12/2024,07:00,[06:45-07:00[,S,V,V,V,V,131.15,131.15
16/12/2024,07:15,[07:00-07:15[,S,V,F,V,C,141.04,141.04
16/12/2024,07:30,[07:15-07:30[,S,V,F,V,C,141.04,141.04
16/12/2024,07:45,[07:30-07:45[,S,V,F,V,C,141.04,141.04
16/12/2024,08:00,[07:45-08:00[,S,V,F,V,C,141.04,141.04
16/12/2024,08:15,[08:00-08:15[,S,F,F,C,C,135.22,135.22
16/12/2024,08:30,[08:15-08:30[,S,F,F,C,C,135.22,135.22
16/12/2024,08:45,[08:30-08:45[,S,F,F,C,C,135.22,135.22
16/12/2024,09:00,[08:45-09:00[,S,F,F,C,C,135.22,135.22
16/12/2024,09:15,[09:00-09:15[,S,F,F,P,C,111.60,111.60
16/12/2024,09:30,[09:15-09:30[,S,F,F,P,C,111.60,111.60
16/12/2024,09:45,[09:30-09:45[,S,F,F,P,P,111.60,111.60
16/12/2024,10:00,[09:45-10:00[,S,F,F,P,P,111.60,111.60
16/12/2024,10:15,[10:00-10:15[,S,F,F,P,P,97.14,97.14
16/12/2024,10:30,[10:15-10:30[,S,F,F,P,P,97.14,97.14
16/12/2024,10:45,[10:30-10:45[,S,F,F,C,P,97.14,97.14
16/12/2024,11:00,[10:45-11:00[,S,F,F,C,P,97.14,97.14
16/12/2024,11:15,[11:00-11:15[,S,F,F,C,P,95.19,95.19
16/12/2024,11:30,[11:15-11:30[,S,F,F,C,P,95.19,95.19
16/12/2024,11:45,[11:30-11:45[,S,F,F,C,P,95.19,95.19
16/12/2024,12:00,[11:45-12:00[,S,F,F,C,P,95.19,95.19
16/12/2024,12:15,[12:00-12:15[,S,F,F,C,C,96.43,96.43
16/12/2024,12:30,[12:15-12:30[,S,F,F,C,C,96.43,96.43
16/12/2024,12:45,[12:30-12:45[,S,F,F,C,C,96.43,96.43
16/12/2024,13:00,[12:45-13:00[,S,F,F,C,C,96.43,96.43
16/12/2024,13:15,[13:00-13:15[,S,F,F,C,C,96.89,96.89
16/12/2024,13:30,[13:15-13:30[,S,F,F,C,C,96.89,96.89
16/12/2024,13:45,[13:30-13:45[,S,F,F,C,C,96.89,96.89
16/12/2024,14:00,[13:45-14:00[,S,F,F,C,C,96.89,96.89
16/12/2024,14:15,[14:00-14:15[,S,F,F,C,C,101.83,101.83
16/12/2024,14:30,[14:15-14:30[,S,F,F,C,C,101.83,101.83
16/12/2024,14:45,[14:30-14:45[,S,F,F,C,C,101.83,101.83
16/12/2024,15:00,[14:45-15:00[,S,F,F,C,C,101.83,101.83
16/12/2024,15:15,[15:00-15:15[,S,F,F,C,C,121.50,121.50
16/12/2024,15:30,[15:15-15:30[,S,F,F,C,C,121.50,121.50
16/12/2024,15:45,[15:30-15:45[,S,F,F,C,C,121.50,121.50
16/12/2024,16:00,[15:45-16:00[,S,F,F,C,C,121.50,121.50
16/12/2024,16:15,[16:00-16:15[,S,F,F,C,C,137.80,137.80
16/12/2024,16:30,[16:15-16:30[,S,F,F,C,C,137.80,137.80
16/12/2024,16:45,[16:30-16:45[,S,F,F,C,C,137.80,137.80
16/12/2024,17:00,[16:45-17:00[,S,F,F,C,C,137.80,137.80
16/12/2024,17:15,[17:00-17:15[,S,F,F,C,C,163.43,163.43
16/12/2024,17:30,[17:15-17:30[,S,F,F,C,C,163.43,163.43
16/12/2024,17:45,[17:30-17:45[,S,F,F,C,C,163.43,163.43
16/12/2024,18:00,[17:45-18:00[,S,F,F,C,C,163.43,163.43
16/12/2024,18:15,[18:00-18:15[,S,F,F,P,C,165.23,165.23
16/12/2024,18:30,[18:15-18:30[,S,F,F,P,C,165.23,165.23
16/12/2024,18:45,[18:30-18:45[,S,F,F,P,P,165.23,165.23
16/12/2024,19:00,[18:45-19:00[,S,F,F,P,P,165.23,165.23
16/12/2024,19:15,[19:00-19:15[,S,F,F,P,P,166.89,166.89
16/12/2024,19:30,[19:15-19:30[,S,F,F,P,P,166.89,166.89
16/12/2024,19:45,[19:30-19:45[,S,F,F,P,P,166.89,166.89
16/12/2024,20:00,[19:45-20:00[,S,F,F,P,P,166.89,166.89
16/12/2024,20:15,[20:00-20:15[,S,F,F,P,P,152.94,152.94
16/12/2024,20:30,[20:15-20:30[,S,F,F,P,P,152.94,152.94
16/12/2024,20:45,[20:30-20:45[,S,F,F,C,P,152.94,152.94
16/12/2024,21:00,[20:45-21:00[,S,F,F,C,P,152.94,152.94
16/12/2024,21:15,[21:00-21:15[,S,F,F,C,C,135.50,135.50
16/12/2024,21:30,[21:15-21:30[,S,F,F,C,C,135.50,135.50
16/12/2024,21:45,[21:30-21:45[,S,F,F,C,C,135.50,135.50
16/12/2024,22:00,[21:45-22:00[,S,F,F,C,C,135.50,135.50
16/12/2024,22:15,[22:00-22:15[,S,V,F,V,C,125.38,125.38
16/12/2024,22:30,[22:15-22:30[,S,V,F,V,C,125.38,125.38
16/12/2024,22:45,[22:30-22:45[,S,V,F,V,C,125.38,125.38
16/12/2024,23:00,[22:45-23:00[,S,V,F,V,C,125.38,125.38
16/12/2024,23:15,[23:00-23:15[,S,V,F,V,C,122.13,122.13
16/12/2024,23:30,[23:15-23:30[,S,V,F,V,C,122.13,122.13
16/12/2024,23:45,[23:30-23:45[,S,V,F,V,C,122.13,122.13
16/12/2024,23:59,[23:45-00:00[,S,V,F,V,C,122.13,122.13
17/12/2024,00:15,[00:00-00:15[,S,V,V,V,V,116.13,116.13
17/12/2024,00:30,[00:15-00:30[,S,V,V,V,V,116.13,116.13
17/12/2024,00:45,[00:30-00:45[,S,V,V,V,V,116.13,116.13
17/12/2024,01:00,[00:45-01:00[,S,V,V,V,V,116.13,116.13
17/12/2024,01:15,[01:00-01:15[,S,V,V,V,V,106.25,106.25
17/12/2024,01:30,[01:15-01:30[,S,V,V,V,V,106.25,106.25
17/12/2024,01:45,[01:30-01:45[,S,V,V,V,V,106.25,106.25
17/12/2024,02:00,[01:45-02:00[,S,V,V,V,V,106.25,106.25
17/12/2024,02:15,[02:00-02:15[,S,V,V,V,V,104.99,104.99
17/12/2024,02:30,[02:15-02:30[,S,V,V,V,V,104.99,104.99
17/12/2024,02:45,[02:30-02:45[,S,V,V,V,V,104.99,104.99
17/12/2024,03:00,[02:45-03:00[,S,V,V,V,V,104.99,104.99
17/12/2024,03:15,[03:00-03:15[,S,V,V,V,V,101.24,101.24
17/12/2024,03:30,[03:15-03:30[,S,V,V,V,V,101.24,101.24
17/12/2024,03:45,[03:30-03:45[,S,V,V,V,V,101.24,101.24
17/12/2024,04:00,[03:45-04:00[,S,V,V,V,V,101.24,101.24
17/12/2024,04:15,[04:00-04:15[,S,V,V,V,V,104.13,104.13
17/12/2024,04:30,[04:15-04:30[,S,V,V,V,V,104.13,104.13
17/12/2024,04:45,[04:30-04:45[,S,V,V,V,V,104.13,104.13
17/12/2024,05:00,[04:45-05:00[,S,V,V,V,V,104.13,104.13
17/12/2024,05:15,[05:00-05:15[,S,V,V,V,V,110.50,110.50
17/12/2024,05:30,[05:15-05:30[,S,V,V,V,V,110.50,110.50
17/12/2024,05:45,[05:30-05:45[,S,V,V,V,V,110.50,110.50
17/12/2024,06:00,[05:45-06:00[,S,V,V,V,V,110.50,110.50
17/12/2024,06:15,[06:00-06:15[,S,V,V,V,V,128.80,128.80
17/12/2024,06:30,[06:15-06:30[,S,V,V,V,V,128.80,128.80
17/12/2024,06:45,[06:30-06:45[,S,V,V,V,V,128.80,128.80
17/12/2024,07:00,[06:45-07:00[,S,V,V,V,V,128.80,128.80
17/12/2024,07:15,[07:00-07:15[,S,V,F,V,C,145.00,145.00
17/12/2024,07:30,[07:15-07:30[,S,V,F,V,C,145.00,145.00
17/12/2024,07:45,[07:30-07:45[,S,V,F,V,C,145.00,145.00
17/12/2024,08:00,[07:45-08:00[,S,V,F,V,C,145.00,145.00
17/12/2024,08:15,[08:00-08:15[,S,F,F,C,C,140.78,140.78
17/12/2024,08:30,[08:15-08:30[,S,F,F,C,C,140.78,140.78
17/12/2024,08:45,[08:30-08:45[,S,F,F,C,C,140.78,140.78
17/12/2024,09:00,[08:45-09:00[,S,F,F,C,C,140.78,140.78
17/12/2024,09:15,[09:00-09:15[,S,F,F,P,C,124.10,124.10
17/12/2024,09:30,[09:15-09:30[,S,F,F,P,C,124.10,124.10
17/12/2024,09:45,[09:30-09:45[,S,F,F,P,P,124.10,124.10
17/12/2024,10:00,[09:45-10:00[,S,F,F,P,P,124.10,124.10
17/12/2024,10:15,[10:00-10:15[,S,F,F,P,P,107.13,107.13
17/12/2024,10:30,[10:15-10:30[,S,F,F,P,P,107.13,107.13
17/12/2024,10:45,[10:30-10:45[,S,F,F,C,P,107.13,107.13
17/12/2024,11:00,[10:45-11:00[,S,F,F,C,P,107.13,107.13
17/12/2024,11:15,[11:00-11:15[,S,F,F,C,P,102.91,102.91
17/12/2024,11:30,[11:15-11:30[,S,F,F,C,P,102.91,102.91
17/12/2024,11:45,[11:30-11:45[,S,F,F,C,P,102.91,102.91
17/12/2024,12:00,[11:45-12:00[,S,F,F,C,P,102.91,102.91
17/12/2024,12:15,[12:00-12:15[,S,F,F,C,C,106.43,106.43
17/12/2024,12:30,[12:15-12:30[,S,F,F,C,C,106.43,106.43
17/12/2024,12:45,[12:30-12:45[,S,F,F,C,C,106.43,106.43
17/12/2024,13:00,[12:45-13:00[,S,F,F,C,C,106.43,106.43
17/12/2024,13:15,[13:00-13:15[,S,F,F,C,C,109.93,109.93
17/12/2024,13:30,[13:15-13:30[,S,F,F,C,C,109.93,109.93
17/12/2024,13:45,[13:30-13:45[,S,F,F,C,C,109.93,109.93
17/12/2024,14:00,[13:45-14:00[,S,F,F,C,C,109.93,109.93
17/12/2024,14:15,[14:00-14:15[,S,F,F,C,C,113.61,113.61
17/12/2024,14:30,[14:15-14:30[,S,F,F,C,C,113.61,113.61
17/12/2024,14:45,[14:30-14:45[,S,F,F,C,C,113.61,113.61
17/12/2024,15:00,[14:45-15:00[,S,F,F,C,C,113.61,113.61
17/12/2024,15:15,[15:00-15:15[,S,F,F,C,C,123.80,123.80
17/12/2024,15:30,[15:15-15:30[,S,F,F,C,C,123.80,123.80
17/12/2024,15:45,[15:30-15:45[,S,F,F,C,C,123.80,123.80
17/12/2024,16:00,[15:45-16:00[,S,F,F,C,C,123.80,123.80
17/12/2024,16:15,[16:00-16:15[,S,F,F,C,C,135.74,135.74
17/12/2024,16:30,[16:15-16:30[,S,F,F,C,C,135.74,135.74
17/12/2024,16:45,[16:30-16:45[,S,F,F,C,C,135.74,135.74
17/12/2024,17:00,[16:45-17:00[,S,F,F,C,C,135.74,135.74
17/12/2024,17:15,[17:00-17:15[,S,F,F,C,C,143.33,143.33
17/12/2024,17:30,[17:15-17:30[,S,F,F,C,C,143.33,143.33
17/12/2024,17:45,[17:30-17:45[,S,F,F,C,C,143.33,143.33
17/12/2024,18:00,[17:45-18:00[,S,F,F,C,C,143.33,143.33
17/12/2024,18:15,[18:00-18:15[,S,F,F,P,C,145.01,145.01
17/12/2024,18:30,[18:15-18:30[,S,F,F,P,C,145.01,145.01
17/12/2024,18:45,[18:30-18:45[,S,F,F,P,P,145.01,145.01
17/12/2024,19:00,[18:45-19:00[,S,F,F,P,P,145.01,145.01
17/12/2024,19:15,[19:00-19:15[,S,F,F,P,P,146.24,146.24
17/12/2024,19:30,[19:15-19:30[,S,F,F,P,P,146.24,146.24
17/12/2024,19:45,[19:30-19:45[,S,F,F,P,P,146.24,146.24
17/12/2024,20:00,[19:45-20:00[,S,F,F,P,P,146.24,146.24
17/12/2024,20:15,[20:00-20:15[,S,F,F,P,P,139.03,139.03
17/12/2024,20:30,[20:15-20:30[,S,F,F,P,P,139.03,139.03
17/12/2024,20:45,[20:30-20:45[,S,F,F,C,P,139.03,139.03
17/12/2024,21:00,[20:45-21:00[,S,F,F,C,P,139.03,139.03
17/12/2024,21:15,[21:00-21:15[,S,F,F,C,C,125.16,125.16
17/12/2024,21:30,[21:15-21:30[,S,F,F,C,C,125.16,125.16
17/12/2024,21:45,[21:30-21:45[,S,F,F,C,C,125.16,125.16
17/12/2024,22:00,[21:45-22:00[,S,F,F,C,C,125.16,125.16
17/12/2024,22:15,[22:00-22:15[,S,V,F,V,C,122.13,122.13
17/12/2024,22:30,[22:15-22:30[,S,V,F,V,C,122.13,122.13
17/12/2024,22:45,[22:30-22:45[,S,V,F,V,C,122.13,122.13
17/12/2024,23:00,[22:45-23:00[,S,V,F,V,C,122.13,122.13
17/12/2024,23:15,[23:00-23:15[,S,V,F,V,C,116.90,116.90
17/12/2024,23:30,[23:15-23:30[,S,V,F,V,C,116.90,116.90
17/12/2024,23:45,[23:30-23:45[,S,V,F,V,C,116.90,116.90
17/12/2024,23:59,[23:45-00:00[,S,V,F,V,C,116.90,116.90
18/12/2024,00:15,[00:00-00:15[,S,V,V,V,V,104.15,104.15
18/12/2024,00:30,[00:15-00:30[,S,V,V,V,V,104.15,104.15
18/12/2024,00:45,[00:30-00:45[,S,V,V,V,V,104.15,104.15
18/12/2024,01:00,[00:45-01:00[,S,V,V,V,V,104.15,104.15
18/12/2024,01:15,[01:00-01:15[,S,V,V,V,V,91.89,91.89
18/12/2024,01:30,[01:15-01:30[,S,V,V,V,V,91.89,91.89
18/12/2024,01:45,[01:30-01:45[,S,V,V,V,V,91.89,91.89
18/12/2024,02:00,[01:45-02:00[,S,V,V,V,V,91.89,91.89
18/12/2024,02:15,[02:00-02:15[,S,V,V,V,V,91.68,91.68
18/12/2024,02:30,[02:15-02:30[,S,V,V,V,V,91.68,91.68
18/12/2024,02:45,[02:30-02:45[,S,V,V,V,V,91.68,91.68
18/12/2024,03:00,[02:45-03:00[,S,V,V,V,V,91.68,91.68
18/12/2024,03:15,[03:00-03:15[,S,V,V,V,V,91.89,91.89
18/12/2024,03:30,[03:15-03:30[,S,V,V,V,V,91.89,91.89
18/12/2024,03:45,[03:30-03:45[,S,V,V,V,V,91.89,91.89
18/12/2024,04:00,[03:45-04:00[,S,V,V,V,V,91.89,91.89
18/12/2024,04:15,[04:00-04:15[,S,V,V,V,V,98.96,98.96
18/12/2024,04:30,[04:15-04:30[,S,V,V,V,V,98.96,98.96
18/12/2024,04:45,[04:30-04:45[,S,V,V,V,V,98.96,98.96
18/12/2024,05:00,[04:45-05:00[,S,V,V,V,V,98.96,98.96
18/12/2024,05:15,[05:00-05:15[,S,V,V,V,V,119.41,119.41
18/12/2024,05:30,[05:15-05:30[,S,V,V,V,V,119.41,119.41
18/12/2024,05:45,[05:30-05:45[,S,V,V,V,V,119.41,119.41
18/12/2024,06:00,[05:45-06:00[,S,V,V,V,V,119.41,119.41
18/12/2024,06:15,[06:00-06:15[,S,V,V,V,V,129.05,129.05
18/12/2024,06:30,[06:15-06:30[,S,V,V,V,V,129.05,129.05
18/12/2024,06:45,[06:30-06:45[,S,V,V,V,V,129.05,129.05
18/12/2024,07:00,[06:45-07:00[,S,V,V,V,V,129.05,129.05
18/12/2024,07:15,[07:00-07:15[,S,V,F,V,C,146.54,146.54
18/12/2024,07:30,[07:15-07:30[,S,V,F,V,C,146.54,146.54
18/12/2024,07:45,[07:30-07:45[,S,V,F,V,C,146.54,146.54
18/12/2024,08:00,[07:45-08:00[,S,V,F,V,C,146.54,146.54
18/12/2024,08:15,[08:00-08:15[,S,F,F,C,C,134.12,134.12
18/12/2024,08:30,[08:15-08:30[,S,F,F,C,C,134.12,134.12
18/12/2024,08:45,[08:30-08:45[,S,F,F,C,C,134.12,134.12
18/12/2024,09:00,[08:45-09:00[,S,F,F,C,C,134.12,134.12
18/12/2024,09:15,[09:00-09:15[,S,F,F,P,C,119.41,119.41
18/12/2024,09:30,[09:15-09:30[,S,F,F,P,C,119.41,119.41
18/12/2024,09:45,[09:30-09:45[,S,F,F,P,P,119.41,119.41
18/12/2024,10:00,[09:45-10:00[,S,F,F,P,P,119.41,119.41
18/12/2024,10:15,[10:00-10:15[,S,F,F,P,P,98.00,98.00
18/12/2024,10:30,[10:15-10:30[,S,F,F,P,P,98.00,98.00
18/12/2024,10:45,[10:30-10:45[,S,F,F,C,P,98.00,98.00
18/12/2024,11:00,[10:45-11:00[,S,F,F,C,P,98.00,98.00
18/12/2024,11:15,[11:00-11:15[,S,F,F,C,P,90.80,90.80
18/12/2024,11:30,[11:15-11:30[,S,F,F,C,P,90.80,90.80
18/12/2024,11:45,[11:30-11:45[,S,F,F,C,P,90.80,90.80
18/12/2024,12:00,[11:45-12:00[,S,F,F,C,P,90.80,90.80
18/12/2024,12:15,[12:00-12:15[,S,F,F,C,C,90.46,90.46
18/12/2024,12:30,[12:15-12:30[,S,F,F,C,C,90.46,90.46
18/12/2024,12:45,[12:30-12:45[,S,F,F,C,C,90.46,90.46
18/12/2024,13:00,[12:45-13:00[,S,F,F,C,C,90.46,90.46
18/12/2024,13:15,[13:00-13:15[,S,F,F,C,C,90.00,90.00
18/12/2024,13:30,[13:15-13:30[,S,F,F,C,C,90.00,90.00
18/12/2024,13:45,[13:30-13:45[,S,F,F,C,C,90.00,90.00
18/12/2024,14:00,[13:45-14:00[,S,F,F,C,C,90.00,90.00
18/12/2024,14:15,[14:00-14:15[,S,F,F,C,C,101.15,101.15
18/12/2024,14:30,[14:15-14:30[,S,F,F,C,C,101.15,101.15
18/12/2024,14:45,[14:30-14:45[,S,F,F,C,C,101.15,101.15
18/12/2024,15:00,[14:45-15:00[,S,F,F,C,C,101.15,101.15
18/12/2024,15:15,[15:00-15:15[,S,F,F,C,C,120.44,120.44
18/12/2024,15:30,[15:15-15:30[,S,F,F,C,C,120.44,120.44
18/12/2024,15:45,[15:30-15:45[,S,F,F,C,C,120.44,120.44
18/12/2024,16:00,[15:45-16:00[,S,F,F,C,C,120.44,120.44
18/12/2024,16:15,[16:00-16:15[,S,F,F,C,C,132.55,132.55
18/12/2024,16:30,[16:15-16:30[,S,F,F,C,C,132.55,132.55
18/12/2024,16:45,[16:30-16:45[,S,F,F,C,C,132.55,132.55
18/12/2024,17:00,[16:45-17:00[,S,F,F,C,C,132.55,132.55
18/12/2024,17:15,[17:00-17:15[,S,F,F,C,C,136.14,136.14
18/12/2024,17:30,[17:15-17:30[,S,F,F,C,C,136.14,136.14
18/12/2024,17:45,[17:30-17:45[,S,F,F,C,C,136.14,136.14
18/12/2024,18:00,[17:45-18:00[,S,F,F,C,C,136.14,136.14
18/12/2024,18:15,[18:00-18:15[,S,F,F,P,C,135.15,135.15
18/12/2024,18:30,[18:15-18:30[,S,F,F,P,C,135.15,135.15
18/12/2024,18:45,[18:30-18:45[,S,F,F,P,P,135.15,135.15
18/12/2024,19:00,[18:45-19:00[,S,F,F,P,P,135.15,135.15
18/12/2024,19:15,[19:00-19:15[,S,F,F,P,P,135.01,135.01
18/12/2024,19:30,[19:15-19:30[,S,F,F,P,P,135.01,135.01
18/12/2024,19:45,[19:30-19:45[,S,F,F,P,P,135.01,135.01
18/12/2024,20:00,[19:45-20:00[,S,F,F,P,P,135.01,135.01
18/12/2024,20:15,[20:00-20:15[,S,F,F,P,P,129.95,129.95
18/12/2024,20:30,[20:15-20:30[,S,F,F,P,P,129.95,129.95
18/12/2024,20:45,[20:30-20:45[,S,F,F,C,P,129.95,129.95
18/12/2024,21:00,[20:45-21:00[,S,F,F,C,P,129.95,129.95
18/12/2024,21:15,[21:00-21:15[,S,F,F,C,C,122.03,122.03
18/12/2024,21:30,[21:15-21:30[,S,F,F,C,C,122.03,122.03
18/12/2024,21:45,[21:30-21:45[,S,F,F,C,C,122.03,122.03
18/12/2024,22:00,[21:45-22:00[,S,F,F,C,C,122.03,122.03
18/12/2024,22:15,[22:00-22:15[,S,V,F,V,C,97.00,97.00
18/12/2024,22:30,[22:15-22:30[,S,V,F,V,C,97.00,97.00
18/12/2024,22:45,[22:30-22:45[,S,V,F,V,C,97.00,97.00
18/12/2024,23:00,[22:45-23:00[,S,V,F,V,C,97.00,97.00
18/12/2024,23:15,[23:00-23:15[,S,V,F,V,C,75.00,75.00
18/12/2024,23:30,[23:15-23:30[,S,V,F,V,C,75.00,75.00
18/12/2024,23:45,[23:30-23:45[,S,V,F,V,C,75.00,75.00
18/12/2024,23:59,[23:45-00:00[,S,V,F,V,C,75.00,75.00
19/12/2024,00:15,[00:00-00:15[,S,V,V,V,V,56.98,30.10
19/12/2024,00:30,[00:15-00:30[,S,V,V,V,V,56.98,30.10
19/12/2024,00:45,[00:30-00:45[,S,V,V,V,V,56.98,30.10
19/12/2024,01:00,[00:45-01:00[,S,V,V,V,V,56.98,30.10
19/12/2024,01:15,[01:00-01:15[,S,V,V,V,V,26.29,10.00
19/12/2024,01:30,[01:15-01:30[,S,V,V,V,V,26.29,10.00
19/12/2024,01:45,[01:30-01:45[,S,V,V,V,V,26.29,10.00
19/12/2024,02:00,[01:45-02:00[,S,V,V,V,V,26.29,10.00
19/12/2024,02:15,[02:00-02:15[,S,V,V,V,V,26.29,6.00
19/12/2024,02:30,[02:15-02:30[,S,V,V,V,V,26.29,6.00
19/12/2024,02:45,[02:30-02:45[,S,V,V,V,V,26.29,6.00
19/12/2024,03:00,[02:45-03:00[,S,V,V,V,V,26.29,6.00
19/12/2024,03:15,[03:00-03:15[,S,V,V,V,V,26.29,5.00
19/12/2024,03:30,[03:15-03:30[,S,V,V,V,V,26.29,5.00
19/12/2024,03:45,[03:30-03:45[,S,V,V,V,V,26.29,5.00
19/12/2024,04:00,[03:45-04:00[,S,V,V,V,V,26.29,5.00
19/12/2024,04:15,[04:00-04:15[,S,V,V,V,V,22.33,14.00
19/12/2024,04:30,[04:15-04:30[,S,V,V,V,V,22.33,14.00
19/12/2024,04:45,[04:30-04:45[,S,V,V,V,V,22.33,14.00
19/12/2024,05:00,[04:45-05:00[,S,V,V,V,V,22.33,14.00
19/12/2024,05:15,[05:00-05:15[,S,V,V,V,V,58.12,58.12
19/12/2024,05:30,[05:15-05:30[,S,V,V,V,V,58.12,58.12
19/12/2024,05:45,[05:30-05:45[,S,V,V,V,V,58.12,58.12
19/12/2024,06:00,[05:45-06:00[,S,V,V,V,V,58.12,58.12
19/12/2024,06:15,[06:00-06:15[,S,V,V,V,V,86.09,86.09
19/12/2024,06:30,[06:15-06:30[,S,V,V,V,V,86.09,86.09
19/12/2024,06:45,[06:30-06:45[,S,V,V,V,V,86.09,86.09
19/12/2024,07:00,[06:45-07:00[,S,V,V,V,V,86.09,86.09
19/12/2024,07:15,[07:00-07:15[,S,V,F,V,C,111.00,111.00
19/12/2024,07:30,[07:15-07:30[,S,V,F,V,C,111.00,111.00
19/12/2024,07:45,[07:30-07:45[,S,V,F,V,C,111.00,111.00
19/12/2024,08:00,[07:45-08:00[,S,V,F,V,C,111.00,111.00
19/12/2024,08:15,[08:00-08:15[,S,F,F,C,C,109.79,109.79
19/12/2024,08:30,[08:15-08:30[,S,F,F,C,C,109.79,109.79
19/12/2024,08:45,[08:30-08:45[,S,F,F,C,C,109.79,109.79
19/12/2024,09:00,[08:45-09:00[,S,F,F,C,C,109.79,109.79
19/12/2024,09:15,[09:00-09:15[,S,F,F,P,C,86.30,86.30
19/12/2024,09:30,[09:15-09:30[,S,F,F,P,C,86.30,86.30
19/12/2024,09:45,[09:30-09:45[,S,F,F,P,P,86.30,86.30
19/12/2024,10:00,[09:45-10:00[,S,F,F,P,P,86.30,86.30
19/12/2024,10:15,[10:00-10:15[,S,F,F,P,P,76.96,76.96
19/12/2024,10:30,[10:15-10:30[,S,F,F,P,P,76.96,76.96
19/12/2024,10:45,[10:30-10:45[,S,F,F,C,P,76.96,76.96
19/12/2024,11:00,[10:45-11:00[,S,F,F,C,P,76.96,76.96
19/12/2024,11:15,[11:00-11:15[,S,F,F,C,P,74.16,74.16
19/12/2024,11:30,[11:15-11:30[,S,F,F,C,P,74.16,74.16
19/12/2024,11:45,[11:30-11:45[,S,F,F,C,P,74.16,74.16
19/12/2024,12:00,[11:45-12:00[,S,F,F,C,P,74.16,74.16
19/12/2024,12:15,[12:00-12:15[,S,F,F,C,C,70.40,70.40
19/12/2024,12:30,[12:15-12:30[,S,F,F,C,C,70.40,70.40
19/12/2024,12:45,[12:30-12:45[,S,F,F,C,C,70.40,70.40
19/12/2024,13:00,[12:45-13:00[,S,F,F,C,C,70.40,70.40
19/12/2024,13:15,[13:00-13:15[,S,F,F,C,C,60.38,60.38
19/12/2024,13:30,[13:15-13:30[,S,F,F,C,C,60.38,60.38
19/12/2024,13:45,[13:30-13:45[,S,F,F,C,C,60.38,60.38
19/12/2024,14:00,[13:45-14:00[,S,F,F,C,C,60.38,60.38
19/12/2024,14:15,[14:00-14:15[,S,F,F,C,C,61.20,61.20
19/12/2024,14:30,[14:15-14:30[,S,F,F,C,C,61.20,61.20
19/12/2024,14:45,[14:30-14:45[,S,F,F,C,C,61.20,61.20
19/12/2024,15:00,[14:45-15:00[,S,F,F,C,C,61.20,61.20
19/12/2024,15:15,[15:00-15:15[,S,F,F,C,C,83.17,83.17
19/12/2024,15:30,[15:15-15:30[,S,F,F,C,C,83.17,83.17
19/12/2024,15:45,[15:30-15:45[,S,F,F,C,C,83.17,83.17
19/12/2024,16:00,[15:45-16:00[,S,F,F,C,C,83.17,83.17
19/12/2024,16:15,[16:00-16:15[,S,F,F,C,C,100.79,100.79
19/12/2024,16:30,[16:15-16:30[,S,F,F,C,C,100.79,100.79
19/12/2024,16:45,[16:30-16:45[,S,F,F,C,C,100.79,100.79
19/12/2024,17:00,[16:45-17:00[,S,F,F,C,C,100.79,100.79
19/12/2024,17:15,[17:00-17:15[,S,F,F,C,C,112.79,112.79
19/12/2024,17:30,[17:15-17:30[,S,F,F,C,C,112.79,112.79
19/12/2024,17:45,[17:30-17:45[,S,F,F,C,C,112.79,112.79
19/12/2024,18:00,[17:45-18:00[,S,F,F,C,C,112.79,112.79
19/12/2024,18:15,[18:00-18:15[,S,F,F,P,C,120.68,120.68
19/12/2024,18:30,[18:15-18:30[,S,F,F,P,C,120.68,120.68
19/12/2024,18:45,[18:30-18:45[,S,F,F,P,P,120.68,120.68
19/12/2024,19:00,[18:45-19:00[,S,F,F,P,P,120.68,120.68
19/12/2024,19:15,[19:00-19:15[,S,F,F,P,P,122.78,122.78
19/12/2024,19:30,[19:15-19:30[,S,F,F,P,P,122.78,122.78
19/12/2024,19:45,[19:30-19:45[,S,F,F,P,P,122.78,122.78
19/12/2024,20:00,[19:45-20:00[,S,F,F,P,P,122.78,122.78
19/12/2024,20:15,[20:00-20:15[,S,F,F,P,P,122.78,122.78
19/12/2024,20:30,[20:15-20:30[,S,F,F,P,P,122.78,122.78
19/12/2024,20:45,[20:30-20:45[,S,F,F,C,P,122.78,122.78
19/12/2024,21:00,[20:45-21:00[,S,F,F,C,P,122.78,122.78
19/12/2024,21:15,[21:00-21:15[,S,F,F,C,C,120.68,120.68
19/12/2024,21:30,[21:15-21:30[,S,F,F,C,C,120.68,120.68
19/12/2024,21:45,[21:30-21:45[,S,F,F,C,C,120.68,120.68
19/12/2024,22:00,[21:45-22:00[,S,F,F,C,C,120.68,120.68
19/12/2024,22:15,[22:00-22:15[,S,V,F,V,C,103.90,103.90
19/12/2024,22:30,[22:15-22:30[,S,V,F,V,C,103.90,103.90
19/12/2024,22:45,[22:30-22:45[,S,V,F,V,C,103.90,103.90
19/12/2024,23:00,[22:45-23:00[,S,V,F,V,C,103.90,103.90
19/12/2024,23:15,[23:00-23:15[,S,V,F,V,C,118.04,118.04
19/12/2024,23:30,[23:15-23:30[,S,V,F,V,C,118.04,118.04
19/12/2024,23:45,[23:30-23:45[,S,V,F,V,C,118.04,118.04
19/12/2024,23:59,[23:45-00:00[,S,V,F,V,C,118.04,118.04
20/12/2024,00:15,[00:00-00:15[,S,V,V,V,V,109.18,109.18
20/12/2024,00:30,[00:15-00:30[,S,V,V,V,V,109.18,109.18
20/12/2024,00:45,[00:30-00:45[,S,V,V,V,V,109.18,109.18
20/12/2024,01:00,[00:45-01:00[,S,V,V,V,V,109.18,109.18
20/12/2024,01:15,[01:00-01:15[,S,V,V,V,V,89.49,89.49
20/12/2024,01:30,[01:15-01:30[,S,V,V,V,V,89.49,89.49
20/12/2024,01:45,[01:30-01:45[,S,V,V,V,V,89.49,89.49
20/12/2024,02:00,[01:45-02:00[,S,V,V,V,V,89.49,89.49
20/12/2024,02:15,[02:00-02:15[,S,V,V,V,V,86.20,86.20
20/12/2024,02:30,[02:15-02:30[,S,V,V,V,V,86.20,86.20
20/12/2024,02:45,[02:30-02:45[,S,V,V,V,V,86.20,86.20
20/12/2024,03:00,[02:45-03:00[,S,V,V,V,V,86.20,86.20
20/12/2024,03:15,[03:00-03:15[,S,V,V,V,V,86.20,86.20
20/12/2024,03:30,[03:15-03:30[,S,V,V,V,V,86.20,86.20
20/12/2024,03:45,[03:30-03:45[,S,V,V,V,V,86.20,86.20
20/12/2024,04:00,[03:45-04:00[,S,V,V,V,V,86.20,86.20
20/12/2024,04:15,[04:00-04:15[,S,V,V,V,V,89.99,89.99
20/12/2024,04:30,[04:15-04:30[,S,V,V,V,V,89.99,89.99
20/12/2024,04:45,[04:30-04:45[,S,V,V,V,V,89.99,89.99
20/12/2024,05:00,[04:45-05:00[,S,V,V,V,V,89.99,89.99
20/12/2024,05:15,[05:00-05:15[,S,V,V,V,V,112.18,112.18
20/12/2024,05:30,[05:15-05:30[,S,V,V,V,V,112.18,112.18
20/12/2024,05:45,[05:30-05:45[,S,V,V,V,V,112.18,112.18
20/12/2024,06:00,[05:45-06:00[,S,V,V,V,V,112.18,112.18
20/12/2024,06:15,[06:00-06:15[,S,V,V,V,V,130.60,130.60
20/12/2024,06:30,[06:15-06:30[,S,V,V,V,V,130.60,130.60
20/12/2024,06:45,[06:30-06:45[,S,V,V,V,V,130.60,130.60
20/12/2024,07:00,[06:45-07:00[,S,V,V,V,V,130.60,130.60
20/12/2024,07:15,[07:00-07:15[,S,V,F,V,C,141.08,141.08
20/12/2024,07:30,[07:15-07:30[,S,V,F,V,C,141.08,141.08
20/12/2024,07:45,[07:30-07:45[,S,V,F,V,C,141.08,141.08
20/12/2024,08:00,[07:45-08:00[,S,V,F,V,C,141.08,141.08
20/12/2024,08:15,[08:00-08:15[,S,F,F,C,C,131.98,131.98
20/12/2024,08:30,[08:15-08:30[,S,F,F,C,C,131.98,131.98
20/12/2024,08:45,[08:30-08:45[,S,F,F,C,C,131.98,131.98
20/12/2024,09:00,[08:45-09:00[,S,F,F,C,C,131.98,131.98
20/12/2024,09:15,[09:00-09:15[,S,F,F,P,C,114.20,114.20
20/12/2024,09:30,[09:15-09:30[,S,F,F,P,C,114.20,114.20
20/12/2024,09:45,[09:30-09:45[,S,F,F,P,P,114.20,114.20
20/12/2024,10:00,[09:45-10:00[,S,F,F,P,P,114.20,114.20
20/12/2024,10:15,[10:00-10:15[,S,F,F,P,P,99.27,99.27
20/12/2024,10:30,[10:15-10:30[,S,F,F,P,P,99.27,99.27
20/12/2024,10:45,[10:30-10:45[,S,F,F,C,P,99.27,99.27
20/12/2024,11:00,[10:45-11:00[,S,F,F,C,P,99.27,99.27
20/12/2024,11:15,[11:00-11:15[,S,F,F,C,P,89.37,89.37
20/12/2024,11:30,[11:15-11:30[,S,F,F,C,P,89.37,89.37
20/12/2024,11:45,[11:30-11:45[,S,F,F,C,P,89.37,89.37
20/12/2024,12:00,[11:45-12:00[,S,F,F,C,P,89.37,89.37
20/12/2024,12:15,[12:00-12:15[,S,F,F,C,C,85.81,85.81
20/12/2024,12:30,[12:15-12:30[,S,F,F,C,C,85.81,85.81
20/12/2024,12:45,[12:30-12:45[,S,F,F,C,C,85.81,85.81
20/12/2024,13:00,[12:45-13:00[,S,F,F,C,C,85.81,85.81
20/12/2024,13:15,[13:00-13:15[,S,F,F,C,C,90.63,90.63
20/12/2024,13:30,[13:15-13:30[,S,F,F,C,C,90.63,90.63
20/12/2024,13:45,[13:30-13:45[,S,F,F,C,C,90.63,90.63
20/12/2024,14:00,[13:45-14:00[,S,F,F,C,C,90.63,90.63
20/12/2024,14:15,[14:00-14:15[,S,F,F,C,C,101.19,101.19
20/12/2024,14:30,[14:15-14:30[,S,F,F,C,C,101.19,101.19
20/12/2024,14:45,[14:30-14:45[,S,F,F,C,C,101.19,101.19
20/12/2024,15:00,[14:45-15:00[,S,F,F,C,C,101.19,101.19
20/12/2024,15:15,[15:00-15:15[,S,F,F,C,C,112.18,112.18
20/12/2024,15:30,[15:15-15:30[,S,F,F,C,C,112.18,112.18
20/12/2024,15:45,[15:30-15:45[,S,F,F,C,C,112.18,112.18
20/12/2024,16:00,[15:45-16:00[,S,F,F,C,C,112.18,112.18
20/12/2024,16:15,[16:00-16:15[,S,F,F,C,C,135.01,135.01
20/12/2024,16:30,[16:15-16:30[,S,F,F,C,C,135.01,135.01
20/12/2024,16:45,[16:30-16:45[,S,F,F,C,C,135.01,135.01
20/12/2024,17:00,[16:45-17:00[,S,F,F,C,C,135.01,135.01
20/12/2024,17:15,[17:00-17:15[,S,F,F,C,C,141.08,141.08
20/12/2024,17:30,[17:15-17:30[,S,F,F,C,C,141.08,141.08
20/12/2024,17:45,[17:30-17:45[,S,F,F,C,C,141.08,141.08
20/12/2024,18:00,[17:45-18:00[,S,F,F,C,C,141.08,141.08
20/12/2024,18:15,[18:00-18:15[,S,F,F,P,C,145.39,145.39
20/12/2024,18:30,[18:15-18:30[,S,F,F,P,C,145.39,145.39
20/12/2024,18:45,[18:30-18:45[,S,F,F,P,P,145.39,145.39
20/12/2024,19:00,[18:45-19:00[,S,F,F,P,P,145.39,145.39
20/12/2024,19:15,[19:00-19:15[,S,F,F,P,P,145.38,145.38
20/12/2024,19:30,[19:15-19:30[,S,F,F,P,P,145.38,145.38
20/12/2024,19:45,[19:30-19:45[,S,F,F,P,P,145.38,145.38
20/12/2024,20:00,[19:45-20:00[,S,F,F,P,P,145.38,145.38
20/12/2024,20:15,[20:00-20:15[,S,F,F,P,P,140.01,140.01
20/12/2024,20:30,[20:15-20:30[,S,F,F,P,P,140.01,140.01
20/12/2024,20:45,[20:30-20:45[,S,F,F,C,P,140.01,140.01
20/12/2024,21:00,[20:45-21:00[,S,F,F,C,P,140.01,140.01
20/12/2024,21:15,[21:00-21:15[,S,F,F,C,C,131.98,131.98
20/12/2024,21:30,[21:15-21:30[,S,F,F,C,C,131.98,131.98
20/12/2024,21:45,[21:30-21:45[,S,F,F,C,C,131.98,131.98
20/12/2024,22:00,[21:45-22:00[,S,F,F,C,C,131.98,131.98
20/12/2024,22:15,[22:00-22:15[,S,V,F,V,C,125.68,125.68
20/12/2024,22:30,[22:15-22:30[,S,V,F,V,C,125.68,125.68
20/12/2024,22:45,[22:30-22:45[,S,V,F,V,C,125.68,125.68
20/12/2024,23:00,[22:45-23:00[,S,V,F,V,C,125.68,125.68
20/12/2024,23:15,[23:00-23:15[,S,V,F,V,C,125.80,125.80
20/12/2024,23:30,[23:15-23:30[,S,V,F,V,C,125.80,125.80
20/12/2024,23:45,[23:30-23:45[,S,V,F,V,C,125.80,125.80
20/12/2024,23:59,[23:45-00:00[,S,V,F,V,C,125.80,125.80
21/12/2024,00:15,[00:00-00:15[,S,V,V,V,V,112.76,112.76
21/12/2024,00:30,[00:15-00:30[,S,V,V,V,V,112.76,112.76
21/12/2024,00:45,[00:30-00:45[,S,V,V,V,V,112.76,112.76
21/12/2024,01:00,[00:45-01:00[,S,V,V,V,V,112.76,112.76
21/12/2024,01:15,[01:00-01:15[,S,V,V,V,V,97.00,97.00
21/12/2024,01:30,[01:15-01:30[,S,V,V,V,V,97.00,97.00
21/12/2024,01:45,[01:30-01:45[,S,V,V,V,V,97.00,97.00
21/12/2024,02:00,[01:45-02:00[,S,V,V,V,V,97.00,97.00
21/12/2024,02:15,[02:00-02:15[,S,V,V,V,V,87.30,87.30
21/12/2024,02:30,[02:15-02:30[,S,V,V,V,V,87.30,87.30
21/12/2024,02:45,[02:30-02:45[,S,V,V,V,V,87.30,87.30
21/12/2024,03:00,[02:45-03:00[,S,V,V,V,V,87.30,87.30
21/12/2024,03:15,[03:00-03:15[,S,V,V,V,V,87.09,87.09
21/12/2024,03:30,[03:15-03:30[,S,V,V,V,V,87.09,87.09
21/12/2024,03:45,[03:30-03:45[,S,V,V,V,V,87.09,87.09
21/12/2024,04:00,[03:45-04:00[,S,V,V,V,V,87.09,87.09
21/12/2024,04:15,[04:00-04:15[,S,V,V,V,V,86.88,86.88
21/12/2024,04:30,[04:15-04:30[,S,V,V,V,V,86.88,86.88
21/12/2024,04:45,[04:30-04:45[,S,V,V,V,V,86.88,86.88
21/12/2024,05:00,[04:45-05:00[,S,V,V,V,V,86.88,86.88
21/12/2024,05:15,[05:00-05:15[,S,V,V,V,V,90.80,90.80
21/12/2024,05:30,[05:15-05:30[,S,V,V,V,V,90.80,90.80
21/12/2024,05:45,[05:30-05:45[,S,V,V,V,V,90.80,90.80
21/12/2024,06:00,[05:45-06:00[,S,V,V,V,V,90.80,90.80
21/12/2024,06:15,[06:00-06:15[,S,V,V,V,V,108.59,108.59
21/12/2024,06:30,[06:15-06:30[,S,V,V,V,V,108.59,108.59
21/12/2024,06:45,[06:30-06:45[,S,V,V,V,V,108.59,108.59
21/12/2024,07:00,[06:45-07:00[,S,V,V,V,V,108.59,108.59
21/12/2024,07:15,[07:00-07:15[,S,V,V,V,V,114.98,114.98
21/12/2024,07:30,[07:15-07:30[,S,V,V,V,V,114.98,114.98
21/12/2024,07:45,[07:30-07:45[,S,V,V,V,V,114.98,114.98
21/12/2024,08:00,[07:45-08:00[,S,V,V,V,V,114.98,114.98
21/12/2024,08:15,[08:00-08:15[,S,F,V,C,V,95.00,95.00
21/12/2024,08:30,[08:15-08:30[,S,F,V,C,V,95.00,95.00
21/12/2024,08:45,[08:30-08:45[,S,F,V,C,V,95.00,95.00
21/12/2024,09:00,[08:45-09:00[,S,F,V,C,V,95.00,95.00
21/12/2024,09:15,[09:00-09:15[,S,F,V,P,V,80.00,80.00
21/12/2024,09:30,[09:15-09:30[,S,F,V,P,V,80.00,80.00
21/12/2024,09:45,[09:30-09:45[,S,F,F,P,C,80.00,80.00
21/12/2024,10:00,[09:45-10:00[,S,F,F,P,C,80.00,80.00
21/12/2024,10:15,[10:00-10:15[,S,F,F,P,C,43.00,43.00
21/12/2024,10:30,[10:15-10:30[,S,F,F,P,C,43.00,43.00
21/12/2024,10:45,[10:30-10:45[,S,F,F,C,C,43.00,43.00
21/12/2024,11:00,[10:45-11:00[,S,F,F,C,C,43.00,43.00
21/12/2024,11:15,[11:00-11:15[,S,F,F,C,C,36.09,36.09
21/12/2024,11:30,[11:15-11:30[,S,F,F,C,C,36.09,36.09
21/12/2024,11:45,[11:30-11:45[,S,F,F,C,C,36.09,36.09
21/12/2024,12:00,[11:45-12:00[,S,F,F,C,C,36.09,36.09
21/12/2024,12:15,[12:00-12:15[,S,F,F,C,C,35.78,35.78
21/12/2024,12:30,[12:15-12:30[,S,F,F,C,C,35.78,35.78
21/12/2024,12:45,[12:30-12:45[,S,F,F,C,C,35.78,35.78
21/12/2024,13:00,[12:45-13:00[,S,F,F,C,C,35.78,35.78
21/12/2024,13:15,[13:00-13:15[,S,F,V,C,V,35.07,35.07
21/12/2024,13:30,[13:15-13:30[,S,F,V,C,V,35.07,35.07
21/12/2024,13:45,[13:30-13:45[,S,F,V,C,V,35.07,35.07
21/12/2024,14:00,[13:45-14:00[,S,F,V,C,V,35.07,35.07
21/12/2024,14:15,[14:00-14:15[,S,F,V,C,V,38.98,38.98
21/12/2024,14:30,[14:15-14:30[,S,F,V,C,V,38.98,38.98
21/12/2024,14:45,[14:30-14:45[,S,F,V,C,V,38.98,38.98
21/12/2024,15:00,[14:45-15:00[,S,F,V,C,V,38.98,38.98
21/12/2024,15:15,[15:00-15:15[,S,F,V,C,V,85.00,85.00
21/12/2024,15:30,[15:15-15:30[,S,F,V,C,V,85.00,85.00
21/12/2024,15:45,[15:30-15:45[,S,F,V,C,V,85.00,85.00
21/12/2024,16:00,[15:45-16:00[,S,F,V,C,V,85.00,85.00
21/12/2024,16:15,[16:00-16:15[,S,F,V,C,V,126.20,126.20
21/12/2024,16:30,[16:15-16:30[,S,F,V,C,V,126.20,126.20
21/12/2024,16:45,[16:30-16:45[,S,F,V,C,V,126.20,126.20
21/12/2024,17:00,[16:45-17:00[,S,F,V,C,V,126.20,126.20
21/12/2024,17:15,[17:00-17:15[,S,F,V,C,V,130.12,130.12
21/12/2024,17:30,[17:15-17:30[,S,F,V,C,V,130.12,130.12
21/12/2024,17:45,[17:30-17:45[,S,F,V,C,V,130.12,130.12
21/12/2024,18:00,[17:45-18:00[,S,F,V,C,V,130.12,130.12
21/12/2024,18:15,[18:00-18:15[,S,F,V,P,V,133.24,133.24
21/12/2024,18:30,[18:15-18:30[,S,F,V,P,V,133.24,133.24
21/12/2024,18:45,[18:30-18:45[,S,F,F,P,C,133.24,133.24
21/12/2024,19:00,[18:45-19:00[,S,F,F,P,C,133.24,133.24
21/12/2024,19:15,[19:00-19:15[,S,F,F,P,C,133.48,133.48
21/12/2024,19:30,[19:15-19:30[,S,F,F,P,C,133.48,133.48
21/12/2024,19:45,[19:30-19:45[,S,F,F,P,C,133.48,133.48
21/12/2024,20:00,[19:45-20:00[,S,F,F,P,C,133.48,133.48
21/12/2024,20:15,[20:00-20:15[,S,F,F,P,C,133.48,133.48
21/12/2024,20:30,[20:15-20:30[,S,F,F,P,C,133.48,133.48
21/12/2024,20:45,[20:30-20:45[,S,F,F,C,C,133.48,133.48
21/12/2024,21:00,[20:45-21:00[,S,F,F,C,C,133.48,133.48
21/12/2024,21:15,[21:00-21:15[,S,F,F,C,C,130.01,130.01
21/12/2024,21:30,[21:15-21:30[,S,F,F,C,C,130.01,130.01
21/12/2024,21:45,[21:30-21:45[,S,F,F,C,C,130.01,130.01
21/12/2024,22:00,[21:45-22:00[,S,F,F,C,C,130.01,130.01
21/12/2024,22:15,[22:00-22:15[,S,V,V,V,V,126.78,126.78
21/12/2024,22:30,[22:15-22:30[,S,V,V,V,V,126.78,126.78
21/12/2024,22:45,[22:30-22:45[,S,V,V,V,V,126.78,126.78
21/12/2024,23:00,[22:45-23:00[,S,V,V,V,V,126.78,126.78
21/12/2024,23:15,[23:00-23:15[,S,V,V,V,V,100.50,100.50
21/12/2024,23:30,[23:15-23:30[,S,V,V,V,V,100.50,100.50
21/12/2024,23:45,[23:30-23:45[,S,V,V,V,V,100.50,100.50
21/12/2024,23:59,[23:45-00:00[,S,V,V,V,V,100.50,100.50
22/12/2024,00:15,[00:00-00:15[,S,V,V,V,V,85.00,85.00
22/12/2024,00:30,[00:15-00:30[,S,V,V,V,V,85.00,85.00
22/12/2024,00:45,[00:30-00:45[,S,V,V,V,V,85.00,85.00
22/12/2024,01:00,[00:45-01:00[,S,V,V,V,V,85.00,85.00
22/12/2024,01:15,[01:00-01:15[,S,V,V,V,V,72.62,72.62
22/12/2024,01:30,[01:15-01:30[,S,V,V,V,V,72.62,72.62
22/12/2024,01:45,[01:30-01:45[,S,V,V,V,V,72.62,72.62
22/12/2024,02:00,[01:45-02:00[,S,V,V,V,V,72.62,72.62
22/12/2024,02:15,[02:00-02:15[,S,V,V,V,V,64.99,64.99
22/12/2024,02:30,[02:15-02:30[,S,V,V,V,V,64.99,64.99
22/12/2024,02:45,[02:30-02:45[,S,V,V,V,V,64.99,64.99
22/12/2024,03:00,[02:45-03:00[,S,V,V,V,V,64.99,64.99
22/12/2024,03:15,[03:00-03:15[,S,V,V,V,V,59.88,59.88
22/12/2024,03:30,[03:15-03:30[,S,V,V,V,V,59.88,59.88
22/12/2024,03:45,[03:30-03:45[,S,V,V,V,V,59.88,59.88
22/12/2024,04:00,[03:45-04:00[,S,V,V,V,V,59.88,59.88
22/12/2024,04:15,[04:00-04:15[,S,V,V,V,V,59.20,59.20
22/12/2024,04:30,[04:15-04:30[,S,V,V,V,V,59.20,59.20
22/12/2024,04:45,[04:30-04:45[,S,V,V,V,V,59.20,59.20
22/12/2024,05:00,[04:45-05:00[,S,V,V,V,V,59.20,59.20
22/12/2024,05:15,[05:00-05:15[,S,V,V,V,V,59.63,59.63
22/12/2024,05:30,[05:15-05:30[,S,V,V,V,V,59.63,59.63
22/12/2024,05:45,[05:30-05:45[,S,V,V,V,V,59.63,59.63
22/12/2024,06:00,[05:45-06:00[,S,V,V,V,V,59.63,59.63
22/12/2024,06:15,[06:00-06:15[,S,V,V,V,V,60.28,60.28
22/12/2024,06:30,[06:15-06:30[,S,V,V,V,V,60.28,60.28
22/12/2024,06:45,[06:30-06:45[,S,V,V,V,V,60.28,60.28
22/12/2024,07:00,[06:45-07:00[,S,V,V,V,V,60.28,60.28
22/12/2024,07:15,[07:00-07:15[,S,V,V,V,V,60.30,60.30
22/12/2024,07:30,[07:15-07:30[,S,V,V,V,V,60.30,60.30
22/12/2024,07:45,[07:30-07:45[,S,V,V,V,V,60.30,60.30
22/12/2024,08:00,[07:45-08:00[,S,V,V,V,V,60.30,60.30
22/12/2024,08:15,[08:00-08:15[,S,F,V,C,V,50.24,50.24
22/12/2024,08:30,[08:15-08:30[,S,F,V,C,V,50.24,50.24
22/12/2024,08:45,[08:30-08:45[,S,F,V,C,V,50.24,50.24
22/12/2024,09:00,[08:45-09:00[,S,F,V,C,V,50.24,50.24
22/12/2024,09:15,[09:00-09:15[,S,F,V,P,V,20.00,20.00
22/12/2024,09:30,[09:15-09:30[,S,F,V,P,V,20.00,20.00
22/12/2024,09:45,[09:30-09:45[,S,F,V,P,V,20.00,20.00
22/12/2024,10:00,[09:45-10:00[,S,F,V,P,V,20.00,20.00
22/12/2024,10:15,[10:00-10:15[,S,F,V,P,V,16.01,16.01
22/12/2024,10:30,[10:15-10:30[,S,F,V,P,V,16.01,16.01
22/12/2024,10:45,[10:30-10:45[,S,F,V,C,V,16.01,16.01
22/12/2024,11:00,[10:45-11:00[,S,F,V,C,V,16.01,16.01
22/12/2024,11:15,[11:00-11:15[,S,F,V,C,V,18.67,18.67
22/12/2024,11:30,[11:15-11:30[,S,F,V,C,V,18.67,18.67
22/12/2024,11:45,[11:30-11:45[,S,F,V,C,V,18.67,18.67
22/12/2024,12:00,[11:45-12:00[,S,F,V,C,V,18.67,18.67
22/12/2024,12:15,[12:00-12:15[,S,F,V,C,V,15.38,15.38
22/12/2024,12:30,[12:15-12:30[,S,F,V,C,V,15.38,15.38
22/12/2024,12:45,[12:30-12:45[,S,F,V,C,V,15.38,15.38
22/12/2024,13:00,[12:45-13:00[,S,F,V,C,V,15.38,15.38
22/12/2024,13:15,[13:00-13:15[,S,F,V,C,V,10.96,10.96
22/12/2024,13:30,[13:15-13:30[,S,F,V,C,V,10.96,10.96
22/12/2024,13:45,[13:30-13:45[,S,F,V,C,V,10.96,10.96
22/12/2024,14:00,[13:45-14:00[,S,F,V,C,V,10.96,10.96
22/12/2024,14:15,[14:00-14:15[,S,F,V,C,V,5.00,5.00
22/12/2024,14:30,[14:15-14:30[,S,F,V,C,V,5.00,5.00
22/12/2024,14:45,[14:30-14:45[,S,F,V,C,V,5.00,5.00
22/12/2024,15:00,[14:45-15:00[,S,F,V,C,V,5.00,5.00
22/12/2024,15:15,[15:00-15:15[,S,F,V,C,V,18.60,18.60
22/12/2024,15:30,[15:15-15:30[,S,F,V,C,V,18.60,18.60
22/12/2024,15:45,[15:30-15:45[,S,F,V,C,V,18.60,18.60
22/12/2024,16:00,[15:45-16:00[,S,F,V,C,V,18.60,18.60
22/12/2024,16:15,[16:00-16:15[,S,F,V,C,V,55.00,55.00
22/12/2024,16:30,[16:15-16:30[,S,F,V,C,V,55.00,55.00
22/12/2024,16:45,[16:30-16:45[,S,F,V,C,V,55.00,55.00
22/12/2024,17:00,[16:45-17:00[,S,F,V,C,V,55.00,55.00
22/12/2024,17:15,[17:00-17:15[,S,F,V,C,V,77.44,77.44
22/12/2024,17:30,[17:15-17:30[,S,F,V,C,V,77.44,77.44
22/12/2024,17:45,[17:30-17:45[,S,F,V,C,V,77.44,77.44
22/12/2024,18:00,[17:45-18:00[,S,F,V,C,V,77.44,77.44
22/12/2024,18:15,[18:00-18:15[,S,F,V,P,V,79.97,79.97
22/12/2024,18:30,[18:15-18:30[,S,F,V,P,V,79.97,79.97
22/12/2024,18:45,[18:30-18:45[,S,F,V,P,V,79.97,79.97
22/12/2024,19:00,[18:45-19:00[,S,F,V,P,V,79.97,79.97
22/12/2024,19:15,[19:00-19:15[,S,F,V,P,V,84.75,84.75
22/12/2024,19:30,[19:15-19:30[,S,F,V,P,V,84.75,84.75
22/12/2024,19:45,[19:30-19:45[,S,F,V,P,V,84.75,84.75
22/12/2024,20:00,[19:45-20:00[,S,F,V,P,V,84.75,84.75
22/12/2024,20:15,[20:00-20:15[,S,F,V,P,V,84.97,84.97
22/12/2024,20:30,[20:15-20:30[,S,F,V,P,V,84.97,84.97
22/12/2024,20:45,[20:30-20:45[,S,F,V,C,V,84.97,84.97
22/12/2024,21:00,[20:45-21:00[,S,F,V,C,V,84.97,84.97
22/12/2024,21:15,[21:00-21:15[,S,F,V,C,V,70.30,70.30
22/12/2024,21:30,[21:15-21:30[,S,F,V,C,V,70.30,70.30
22/12/2024,21:45,[21:30-21:45[,S,F,V,C,V,70.30,70.30
22/12/2024,22:00,[21:45-22:00[,S,F,V,C,V,70.30,70.30
22/12/2024,22:15,[22:00-22:15[,S,V,V,V,V,64.60,64.60
22/12/2024,22:30,[22:15-22:30[,S,V,V,V,V,64.60,64.60
22/12/2024,22:45,[22:30-22:45[,S,V,V,V,V,64.60,64.60
22/12/2024,23:00,[22:45-23:00[,S,V,V,V,V,64.60,64.60
22/12/2024,23:15,[23:00-23:15[,S,V,V,V,V,17.27,17.27
22/12/2024,23:30,[23:15-23:30[,S,V,V,V,V,17.27,17.27
22/12/2024,23:45,[23:30-23:45[,S,V,V,V,V,17.27,17.27
22/12/2024,23:59,[23:45-00:00[,S,V,V,V,V,17.27,17.27
23/12/2024,00:15,[00:00-00:15[,S,V,V,V,V,11.48,11.48
23/12/2024,00:30,[00:15-00:30[,S,V,V,V,V,11.48,11.48
23/12/2024,00:45,[00:30-00:45[,S,V,V,V,V,11.48,11.48
23/12/2024,01:00,[00:45-01:00[,S,V,V,V,V,11.48,11.48
23/12/2024,01:15,[01:00-01:15[,S,V,V,V,V,10.19,10.19
23/12/2024,01:30,[01:15-01:30[,S,V,V,V,V,10.19,10.19
23/12/2024,01:45,[01:30-01:45[,S,V,V,V,V,10.19,10.19
23/12/2024,02:00,[01:45-02:00[,S,V,V,V,V,10.19,10.19
23/12/2024,02:15,[02:00-02:15[,S,V,V,V,V,7.33,7.33
23/12/2024,02:30,[02:15-02:30[,S,V,V,V,V,7.33,7.33
23/12/2024,02:45,[02:30-02:45[,S,V,V,V,V,7.33,7.33
23/12/2024,03:00,[02:45-03:00[,S,V,V,V,V,7.33,7.33
23/12/2024,03:15,[03:00-03:15[,S,V,V,V,V,6.00,6.00
23/12/2024,03:30,[03:15-03:30[,S,V,V,V,V,6.00,6.00
23/12/2024,03:45,[03:30-03:45[,S,V,V,V,V,6.00,6.00
23/12/2024,04:00,[03:45-04:00[,S,V,V,V,V,6.00,6.00
23/12/2024,04:15,[04:00-04:15[,S,V,V,V,V,7.07,7.07
23/12/2024,04:30,[04:15-04:30[,S,V,V,V,V,7.07,7.07
23/12/2024,04:45,[04:30-04:45[,S,V,V,V,V,7.07,7.07
23/12/2024,05:00,[04:45-05:00[,S,V,V,V,V,7.07,7.07
23/12/2024,05:15,[05:00-05:15[,S,V,V,V,V,25.95,25.95
23/12/2024,05:30,[05:15-05:30[,S,V,V,V,V,25.95,25.95
23/12/2024,05:45,[05:30-05:45[,S,V,V,V,V,25.95,25.95
23/12/2024,06:00,[05:45-06:00[,S,V,V,V,V,25.95,25.95
23/12/2024,06:15,[06:00-06:15[,S,V,V,V,V,61.20,61.20
23/12/2024,06:30,[06:15-06:30[,S,V,V,V,V,61.20,61.20
23/12/2024,06:45,[06:30-06:45[,S,V,V,V,V,61.20,61.20
23/12/2024,07:00,[06:45-07:00[,S,V,V,V,V,61.20,61.20
23/12/2024,07:15,[07:00-07:15[,S,V,F,V,C,72.47,72.47
23/12/2024,07:30,[07:15-07:30[,S,V,F,V,C,72.47,72.47
23/12/2024,07:45,[07:30-07:45[,S,V,F,V,C,72.47,72.47
23/12/2024,08:00,[07:45-08:00[,S,V,F,V,C,72.47,72.47
23/12/2024,08:15,[08:00-08:15[,S,F,F,C,C,70.93,70.93
23/12/2024,08:30,[08:15-08:30[,S,F,F,C,C,70.93,70.93
23/12/2024,08:45,[08:30-08:45[,S,F,F,C,C,70.93,70.93
23/12/2024,09:00,[08:45-09:00[,S,F,F,C,C,70.93,70.93
23/12/2024,09:15,[09:00-09:15[,S,F,F,P,C,25.00,25.00
23/12/2024,09:30,[09:15-09:30[,S,F,F,P,C,25.00,25.00
23/12/2024,09:45,[09:30-09:45[,S,F,F,P,P,25.00,25.00
23/12/2024,10:00,[09:45-10:00[,S,F,F,P,P,25.00,25.00
23/12/2024,10:15,[10:00-10:15[,S,F,F,P,P,5.11,5.11
23/12/2024,10:30,[10:15-10:30[,S,F,F,P,P,5.11,5.11
23/12/2024,10:45,[10:30-10:45[,S,F,F,C,P,5.11,5.11
23/12/2024,11:00,[10:45-11:00[,S,F,F,C,P,5.11,5.11
23/12/2024,11:15,[11:00-11:15[,S,F,F,C,P,3.32,3.32
23/12/2024,11:30,[11:15-11:30[,S,F,F,C,P,3.32,3.32
23/12/2024,11:45,[11:30-11:45[,S,F,F,C,P,3.32,3.32
23/12/2024,12:00,[11:45-12:00[,S,F,F,C,P,3.32,3.32
23/12/2024,12:15,[12:00-12:15[,S,F,F,C,C,3.32,3.32
23/12/2024,12:30,[12:15-12:30[,S,F,F,C,C,3.32,3.32
23/12/2024,12:45,[12:30-12:45[,S,F,F,C,C,3.32,3.32
23/12/2024,13:00,[12:45-13:00[,S,F,F,C,C,3.32,3.32
23/12/2024,13:15,[13:00-13:15[,S,F,F,C,C,3.60,3.60
23/12/2024,13:30,[13:15-13:30[,S,F,F,C,C,3.60,3.60
23/12/2024,13:45,[13:30-13:45[,S,F,F,C,C,3.60,3.60
23/12/2024,14:00,[13:45-14:00[,S,F,F,C,C,3.60,3.60
23/12/2024,14:15,[14:00-14:15[,S,F,F,C,C,5.00,5.00
23/12/2024,14:30,[14:15-14:30[,S,F,F,C,C,5.00,5.00
23/12/2024,14:45,[14:30-14:45[,S,F,F,C,C,5.00,5.00
23/12/2024,15:00,[14:45-15:00[,S,F,F,C,C,5.00,5.00
23/12/2024,15:15,[15:00-15:15[,S,F,F,C,C,30.90,30.90
23/12/2024,15:30,[15:15-15:30[,S,F,F,C,C,30.90,30.90
23/12/2024,15:45,[15:30-15:45[,S,F,F,C,C,30.90,30.90
23/12/2024,16:00,[15:45-16:00[,S,F,F,C,C,30.90,30.90
23/12/2024,16:15,[16:00-16:15[,S,F,F,C,C,87.11,87.11
23/12/2024,16:30,[16:15-16:30[,S,F,F,C,C,87.11,87.11
23/12/2024,16:45,[16:30-16:45[,S,F,F,C,C,87.11,87.11
23/12/2024,17:00,[16:45-17:00[,S,F,F,C,C,87.11,87.11
23/12/2024,17:15,[17:00-17:15[,S,F,F,C,C,114.72,114.72
23/12/2024,17:30,[17:15-17:30[,S,F,F,C,C,114.72,114.72
23/12/2024,17:45,[17:30-17:45[,S,F,F,C,C,114.72,114.72
23/12/2024,18:00,[17:45-18:00[,S,F,F,C,C,114.72,114.72
23/12/2024,18:15,[18:00-18:15[,S,F,F,P,C,124.89,124.89
23/12/2024,18:30,[18:15-18:30[,S,F,F,P,C,124.89,124.89
23/12/2024,18:45,[18:30-18:45[,S,F,F,P,P,124.89,124.89
23/12/2024,19:00,[18:45-19:00[,S,F,F,P,P,124.89,124.89
23/12/2024,19:15,[19:00-19:15[,S,F,F,P,P,118.97,118.97
23/12/2024,19:30,[19:15-19:30[,S,F,F,P,P,118.97,118.97
23/12/2024,19:45,[19:30-19:45[,S,F,F,P,P,118.97,118.97
23/12/2024,20:00,[19:45-20:00[,S,F,F,P,P,118.97,118.97
23/12/2024,20:15,[20:00-20:15[,S,F,F,P,P,109.28,109.28
23/12/2024,20:30,[20:15-20:30[,S,F,F,P,P,109.28,109.28
23/12/2024,20:45,[20:30-20:45[,S,F,F,C,P,109.28,109.28
23/12/2024,21:00,[20:45-21:00[,S,F,F,C,P,109.28,109.28
23/12/2024,21:15,[21:00-21:15[,S,F,F,C,C,105.82,105.82
23/12/2024,21:30,[21:15-21:30[,S,F,F,C,C,105.82,105.82
23/12/2024,21:45,[21:30-21:45[,S,F,F,C,C,105.82,105.82
23/12/2024,22:00,[21:45-22:00[,S,F,F,C,C,105.82,105.82
23/12/2024,22:15,[22:00-22:15[,S,V,F,V,C,90.80,90.80
23/12/2024,22:30,[22:15-22:30[,S,V,F,V,C,90.80,90.80
23/12/2024,22:45,[22:30-22:45[,S,V,F,V,C,90.80,90.80
23/12/2024,23:00,[22:45-23:00[,S,V,F,V,C,90.80,90.80
23/12/2024,23:15,[23:00-23:15[,S,V,F,V,C,85.08,85.08
23/12/2024,23:30,[23:15-23:30[,S,V,F,V,C,85.08,85.08
23/12/2024,23:45,[23:30-23:45[,S,V,F,V,C,85.08,85.08
23/12/2024,23:59,[23:45-00:00[,S,V,F,V,C,85.08,85.08
24/12/2024,00:15,[00:00-00:15[,S,V,V,V,V,82.84,82.84
24/12/2024,00:30,[00:15-00:30[,S,V,V,V,V,82.84,82.84
24/12/2024,00:45,[00:30-00:45[,S,V,V,V,V,82.84,82.84
24/12/2024,01:00,[00:45-01:00[,S,V,V,V,V,82.84,82.84
24/12/2024,01:15,[01:00-01:15[,S,V,V,V,V,75.18,75.18
24/12/2024,01:30,[01:15-01:30[,S,V,V,V,V,75.18,75.18
24/12/2024,01:45,[01:30-01:45[,S,V,V,V,V,75.18,75.18
24/12/2024,02:00,[01:45-02:00[,S,V,V,V,V,75.18,75.18
24/12/2024,02:15,[02:00-02:15[,S,V,V,V,V,65.00,65.00
24/12/2024,02:30,[02:15-02:30[,S,V,V,V,V,65.00,65.00
24/12/2024,02:45,[02:30-02:45[,S,V,V,V,V,65.00,65.00
24/12/2024,03:00,[02:45-03:00[,S,V,V,V,V,65.00,65.00
24/12/2024,03:15,[03:00-03:15[,S,V,V,V,V,57.88,57.88
24/12/2024,03:30,[03:15-03:30[,S,V,V,V,V,57.88,57.88
24/12/2024,03:45,[03:30-03:45[,S,V,V,V,V,57.88,57.88
24/12/2024,04:00,[03:45-04:00[,S,V,V,V,V,57.88,57.88
24/12/2024,04:15,[04:00-04:15[,S,V,V,V,V,58.30,58.30
24/12/2024,04:30,[04:15-04:30[,S,V,V,V,V,58.30,58.30
24/12/2024,04:45,[04:30-04:45[,S,V,V,V,V,58.30,58.30
24/12/2024,05:00,[04:45-05:00[,S,V,V,V,V,58.30,58.30
24/12/2024,05:15,[05:00-05:15[,S,V,V,V,V,65.00,65.00
24/12/2024,05:30,[05:15-05:30[,S,V,V,V,V,65.00,65.00
24/12/2024,05:45,[05:30-05:45[,S,V,V,V,V,65.00,65.00
24/12/2024,06:00,[05:45-06:00[,S,V,V,V,V,65.00,65.00
24/12/2024,06:15,[06:00-06:15[,S,V,V,V,V,84.16,84.16
24/12/2024,06:30,[06:15-06:30[,S,V,V,V,V,84.16,84.16
24/12/2024,06:45,[06:30-06:45[,S,V,V,V,V,84.16,84.16
24/12/2024,07:00,[06:45-07:00[,S,V,V,V,V,84.16,84.16
24/12/2024,07:15,[07:00-07:15[,S,V,F,V,C,101.00,101.00
24/12/2024,07:30,[07:15-07:30[,S,V,F,V,C,101.00,101.00
24/12/2024,07:45,[07:30-07:45[,S,V,F,V,C,101.00,101.00
24/12/2024,08:00,[07:45-08:00[,S,V,F,V,C,101.00,101.00
24/12/2024,08:15,[08:00-08:15[,S,F,F,C,C,84.97,84.97
24/12/2024,08:30,[08:15-08:30[,S,F,F,C,C,84.97,84.97
24/12/2024,08:45,[08:30-08:45[,S,F,F,C,C,84.97,84.97
24/12/2024,09:00,[08:45-09:00[,S,F,F,C,C,84.97,84.97
24/12/2024,09:15,[09:00-09:15[,S,F,F,P,C,50.24,50.24
24/12/2024,09:30,[09:15-09:30[,S,F,F,P,C,50.24,50.24
24/12/2024,09:45,[09:30-09:45[,S,F,F,P,P,50.24,50.24
24/12/2024,10:00,[09:45-10:00[,S,F,F,P,P,50.24,50.24
24/12/2024,10:15,[10:00-10:15[,S,F,F,P,P,40.00,40.00
24/12/2024,10:30,[10:15-10:30[,S,F,F,P,P,40.00,40.00
24/12/2024,10:45,[10:30-10:45[,S,F,F,C,P,40.00,40.00
24/12/2024,11:00,[10:45-11:00[,S,F,F,C,P,40.00,40.00
24/12/2024,11:15,[11:00-11:15[,S,F,F,C,P,36.00,36.00
24/12/2024,11:30,[11:15-11:30[,S,F,F,C,P,36.00,36.00
24/12/2024,11:45,[11:30-11:45[,S,F,F,C,P,36.00,36.00
24/12/2024,12:00,[11:45-12:00[,S,F,F,C,P,36.00,36.00
24/12/2024,12:15,[12:00-12:15[,S,F,F,C,C,35.78,35.78
24/12/2024,12:30,[12:15-12:30[,S,F,F,C,C,35.78,35.78
24/12/2024,12:45,[12:30-12:45[,S,F,F,C,C,35.78,35.78
24/12/2024,13:00,[12:45-13:00[,S,F,F,C,C,35.78,35.78
24/12/2024,13:15,[13:00-13:15[,S,F,F,C,C,35.00,35.00
24/12/2024,13:30,[13:15-13:30[,S,F,F,C,C,35.00,35.00
24/12/2024,13:45,[13:30-13:45[,S,F,F,C,C,35.00,35.00
24/12/2024,14:00,[13:45-14:00[,S,F,F,C,C,35.00,35.00
24/12/2024,14:15,[14:00-14:15[,S,F,F,C,C,36.00,36.00
24/12/2024,14:30,[14:15-14:30[,S,F,F,C,C,36.00,36.00
24/12/2024,14:45,[14:30-14:45[,S,F,F,C,C,36.00,36.00
24/12/2024,15:00,[14:45-15:00[,S,F,F,C,C,36.00,36.00
24/12/2024,15:15,[15:00-15:15[,S,F,F,C,C,65.00,65.00
24/12/2024,15:30,[15:15-15:30[,S,F,F,C,C,65.00,65.00
24/12/2024,15:45,[15:30-15:45[,S,F,F,C,C,65.00,65.00
24/12/2024,16:00,[15:45-16:00[,S,F,F,C,C,65.00,65.00
24/12/2024,16:15,[16:00-16:15[,S,F,F,C,C,112.21,112.21
24/12/2024,16:30,[16:15-16:30[,S,F,F,C,C,112.21,112.21
24/12/2024,16:45,[16:30-16:45[,S,F,F,C,C,112.21,112.21
24/12/2024,17:00,[16:45-17:00[,S,F,F,C,C,112.21,112.21
24/12/2024,17:15,[17:00-17:15[,S,F,F,C,C,110.98,110.98
24/12/2024,17:30,[17:15-17:30[,S,F,F,C,C,110.98,110.98
24/12/2024,17:45,[17:30-17:45[,S,F,F,C,C,110.98,110.98
24/12/2024,18:00,[17:45-18:00[,S,F,F,C,C,110.98,110.98
24/12/2024,18:15,[18:00-18:15[,S,F,F,P,C,105.66,105.66
24/12/2024,18:30,[18:15-18:30[,S,F,F,P,C,105.66,105.66
24/12/2024,18:45,[18:30-18:45[,S,F,F,P,P,105.66,105.66
24/12/2024,19:00,[18:45-19:00[,S,F,F,P,P,105.66,105.66
24/12/2024,19:15,[19:00-19:15[,S,F,F,P,P,102.56,102.56
24/12/2024,19:30,[19:15-19:30[,S,F,F,P,P,102.56,102.56
24/12/2024,19:45,[19:30-19:45[,S,F,F,P,P,102.56,102.56
24/12/2024,20:00,[19:45-20:00[,S,F,F,P,P,102.56,102.56
24/12/2024,20:15,[20:00-20:15[,S,F,F,P,P,94.63,94.63
24/12/2024,20:30,[20:15-20:30[,S,F,F,P,P,94.63,94.63
24/12/2024,20:45,[20:30-20:45[,S,F,F,C,P,94.63,94.63
24/12/2024,21:00,[20:45-21:00[,S,F,F,C,P,94.63,94.63
24/12/2024,21:15,[21:00-21:15[,S,F,F,C,C,99.04,99.04
24/12/2024,21:30,[21:15-21:30[,S,F,F,C,C,99.04,99.04
24/12/2024,21:45,[21:30-21:45[,S,F,F,C,C,99.04,99.04
24/12/2024,22:00,[21:45-22:00[,S,F,F,C,C,99.04,99.04
24/12/2024,22:15,[22:00-22:15[,S,V,F,V,C,90.00,90.00
24/12/2024,22:30,[22:15-22:30[,S,V,F,V,C,90.00,90.00
24/12/2024,22:45,[22:30-22:45[,S,V,F,V,C,90.00,90.00
24/12/2024,23:00,[22:45-23:00[,S,V,F,V,C,90.00,90.00
24/12/2024,23:15,[23:00-23:15[,S,V,F,V,C,91.37,91.37
24/12/2024,23:30,[23:15-23:30[,S,V,F,V,C,91.37,91.37
24/12/2024,23:45,[23:30-23:45[,S,V,F,V,C,91.37,91.37
24/12/2024,23:59,[23:45-00:00[,S,V,F,V,C,91.37,91.37
25/12/2024,00:15,[00:00-00:15[,S,V,V,V,V,86.44,86.44
25/12/2024,00:30,[00:15-00:30[,S,V,V,V,V,86.44,86.44
25/12/2024,00:45,[00:30-00:45[,S,V,V,V,V,86.44,86.44
25/12/2024,01:00,[00:45-01:00[,S,V,V,V,V,86.44,86.44
25/12/2024,01:15,[01:00-01:15[,S,V,V,V,V,85.07,85.07
25/12/2024,01:30,[01:15-01:30[,S,V,V,V,V,85.07,85.07
25/12/2024,01:45,[01:30-01:45[,S,V,V,V,V,85.07,85.07
25/12/2024,02:00,[01:45-02:00[,S,V,V,V,V,85.07,85.07
25/12/2024,02:15,[02:00-02:15[,S,V,V,V,V,80.81,80.81
25/12/2024,02:30,[02:15-02:30[,S,V,V,V,V,80.81,80.81
25/12/2024,02:45,[02:30-02:45[,S,V,V,V,V,80.81,80.81
25/12/2024,03:00,[02:45-03:00[,S,V,V,V,V,80.81,80.81
25/12/2024,03:15,[03:00-03:15[,S,V,V,V,V,75.99,75.99
25/12/2024,03:30,[03:15-03:30[,S,V,V,V,V,75.99,75.99
25/12/2024,03:45,[03:30-03:45[,S,V,V,V,V,75.99,75.99
25/12/2024,04:00,[03:45-04:00[,S,V,V,V,V,75.99,75.99
25/12/2024,04:15,[04:00-04:15[,S,V,V,V,V,80.81,80.81
25/12/2024,04:30,[04:15-04:30[,S,V,V,V,V,80.81,80.81
25/12/2024,04:45,[04:30-04:45[,S,V,V,V,V,80.81,80.81
25/12/2024,05:00,[04:45-05:00[,S,V,V,V,V,80.81,80.81
25/12/2024,05:15,[05:00-05:15[,S,V,V,V,V,83.18,83.18
25/12/2024,05:30,[05:15-05:30[,S,V,V,V,V,83.18,83.18
25/12/2024,05:45,[05:30-05:45[,S,V,V,V,V,83.18,83.18
25/12/2024,06:00,[05:45-06:00[,S,V,V,V,V,83.18,83.18
25/12/2024,06:15,[06:00-06:15[,S,V,V,V,V,84.94,84.94
25/12/2024,06:30,[06:15-06:30[,S,V,V,V,V,84.94,84.94
25/12/2024,06:45,[06:30-06:45[,S,V,V,V,V,84.94,84.94
25/12/2024,07:00,[06:45-07:00[,S,V,V,V,V,84.94,84.94
25/12/2024,07:15,[07:00-07:15[,S,V,F,V,C,90.21,90.21
25/12/2024,07:30,[07:15-07:30[,S,V,F,V,C,90.21,90.21
25/12/2024,07:45,[07:30-07:45[,S,V,F,V,C,90.21,90.21
25/12/2024,08:00,[07:45-08:00[,S,V,F,V,C,90.21,90.21
25/12/2024,08:15,[08:00-08:15[,S,F,F,C,C,99.24,99.24
25/12/2024,08:30,[08:15-08:30[,S,F,F,C,C,99.24,99.24
25/12/2024,08:45,[08:30-08:45[,S,F,F,C,C,99.24,99.24
25/12/2024,09:00,[08:45-09:00[,S,F,F,C,C,99.24,99.24
25/12/2024,09:15,[09:00-09:15[,S,F,F,P,C,86.70,86.70
25/12/2024,09:30,[09:15-09:30[,S,F,F,P,C,86.70,86.70
25/12/2024,09:45,[09:30-09:45[,S,F,F,P,P,86.70,86.70
25/12/2024,10:00,[09:45-10:00[,S,F,F,P,P,86.70,86.70
25/12/2024,10:15,[10:00-10:15[,S,F,F,P,P,85.08,85.08
25/12/2024,10:30,[10:15-10:30[,S,F,F,P,P,85.08,85.08
25/12/2024,10:45,[10:30-10:45[,S,F,F,C,P,85.08,85.08
25/12/2024,11:00,[10:45-11:00[,S,F,F,C,P,85.08,85.08
25/12/2024,11:15,[11:00-11:15[,S,F,F,C,P,86.63,86.63
25/12/2024,11:30,[11:15-11:30[,S,F,F,C,P,86.63,86.63
25/12/2024,11:45,[11:30-11:45[,S,F,F,C,P,86.63,86.63
25/12/2024,12:00,[11:45-12:00[,S,F,F,C,P,86.63,86.63
25/12/2024,12:15,[12:00-12:15[,S,F,F,C,C,87.30,87.30
25/12/2024,12:30,[12:15-12:30[,S,F,F,C,C,87.30,87.30
25/12/2024,12:45,[12:30-12:45[,S,F,F,C,C,87.30,87.30
25/12/2024,13:00,[12:45-13:00[,S,F,F,C,C,87.30,87.30
25/12/2024,13:15,[13:00-13:15[,S,F,F,C,C,85.08,85.08
25/12/2024,13:30,[13:15-13:30[,S,F,F,C,C,85.08,85.08
25/12/2024,13:45,[13:30-13:45[,S,F,F,C,C,85.08,85.08
25/12/2024,14:00,[13:45-14:00[,S,F,F,C,C,85.08,85.08
25/12/2024,14:15,[14:00-14:15[,S,F,F,C,C,86.88,86.88
25/12/2024,14:30,[14:15-14:30[,S,F,F,C,C,86.88,86.88
25/12/2024,14:45,[14:30-14:45[,S,F,F,C,C,86.88,86.88
25/12/2024,15:00,[14:45-15:00[,S,F,F,C,C,86.88,86.88
25/12/2024,15:15,[15:00-15:15[,S,F,F,C,C,108.27,108.27
25/12/2024,15:30,[15:15-15:30[,S,F,F,C,C,108.27,108.27
25/12/2024,15:45,[15:30-15:45[,S,F,F,C,C,108.27,108.27
25/12/2024,16:00,[15:45-16:00[,S,F,F,C,C,108.27,108.27
25/12/2024,16:15,[16:00-16:15[,S,F,F,C,C,120.50,120.50
25/12/2024,16:30,[16:15-16:30[,S,F,F,C,C,120.50,120.50
25/12/2024,16:45,[16:30-16:45[,S,F,F,C,C,120.50,120.50
25/12/2024,17:00,[16:45-17:00[,S,F,F,C,C,120.50,120.50
25/12/2024,17:15,[17:00-17:15[,S,F,F,C,C,135.05,135.05
25/12/2024,17:30,[17:15-17:30[,S,F,F,C,C,135.05,135.05
25/12/2024,17:45,[17:30-17:45[,S,F,F,C,C,135.05,135.05
25/12/2024,18:00,[17:45-18:00[,S,F,F,C,C,135.05,135.05
25/12/2024,18:15,[18:00-18:15[,S,F,F,P,C,136.60,136.60
25/12/2024,18:30,[18:15-18:30[,S,F,F,P,C,136.60,136.60
25/12/2024,18:45,[18:30-18:45[,S,F,F,P,P,136.60,136.60
25/12/2024,19:00,[18:45-19:00[,S,F,F,P,P,136.60,136.60
25/12/2024,19:15,[19:00-19:15[,S,F,F,P,P,140.70,140.70
25/12/2024,19:30,[19:15-19:30[,S,F,F,P,P,140.70,140.70
25/12/2024,19:45,[19:30-19:45[,S,F,F,P,P,140.70,140.70
25/12/2024,20:00,[19:45-20:00[,S,F,F,P,P,140.70,140.70
25/12/2024,20:15,[20:00-20:15[,S,F,F,P,P,141.08,141.08
25/12/2024,20:30,[20:15-20:30[,S,F,F,P,P,141.08,141.08
25/12/2024,20:45,[20:30-20:45[,S,F,F,C,P,141.08,141.08
25/12/2024,21:00,[20:45-21:00[,S,F,F,C,P,141.08,141.08
25/12/2024,21:15,[21:00-21:15[,S,F,F,C,C,136.60,136.60
25/12/2024,21:30,[21:15-21:30[,S,F,F,C,C,136.60,136.60
25/12/2024,21:45,[21:30-21:45[,S,F,F,C,C,136.60,136.60
25/12/2024,22:00,[21:45-22:00[,S,F,F,C,C,136.60,136.60
25/12/2024,22:15,[22:00-22:15[,S,V,F,V,C,128.11,128.11
25/12/2024,22:30,[22:15-22:30[,S,V,F,V,C,128.11,128.11
25/12/2024,22:45,[22:30-22:45[,S,V,F,V,C,128.11,128.11
25/12/2024,23:00,[22:45-23:00[,S,V,F,V,C,128.11,128.11
25/12/2024,23:15,[23:00-23:15[,S,V,F,V,C,138.08,138.08
25/12/2024,23:30,[23:15-23:30[,S,V,F,V,C,138.08,138.08
25/12/2024,23:45,[23:30-23:45[,S,V,F,V,C,138.08,138.08
25/12/2024,23:59,[23:45-00:00[,S,V,F,V,C,138.08,138.08
26/12/2024,00:15,[00:00-00:15[,S,V,V,V,V,130.65,130.65
26/12/2024,00:30,[00:15-00:30[,S,V,V,V,V,130.65,130.65
26/12/2024,00:45,[00:30-00:45[,S,V,V,V,V,130.65,130.65
26/12/2024,01:00,[00:45-01:00[,S,V,V,V,V,130.65,130.65
26/12/2024,01:15,[01:00-01:15[,S,V,V,V,V,128.11,128.11
26/12/2024,01:30,[01:15-01:30[,S,V,V,V,V,128.11,128.11
26/12/2024,01:45,[01:30-01:45[,S,V,V,V,V,128.11,128.11
26/12/2024,02:00,[01:45-02:00[,S,V,V,V,V,128.11,128.11
26/12/2024,02:15,[02:00-02:15[,S,V,V,V,V,120.48,120.48
26/12/2024,02:30,[02:15-02:30[,S,V,V,V,V,120.48,120.48
26/12/2024,02:45,[02:30-02:45[,S,V,V,V,V,120.48,120.48
26/12/2024,03:00,[02:45-03:00[,S,V,V,V,V,120.48,120.48
26/12/2024,03:15,[03:00-03:15[,S,V,V,V,V,120.48,120.48
26/12/2024,03:30,[03:15-03:30[,S,V,V,V,V,120.48,120.48
26/12/2024,03:45,[03:30-03:45[,S,V,V,V,V,120.48,120.48
26/12/2024,04:00,[03:45-04:00[,S,V,V,V,V,120.48,120.48
26/12/2024,04:15,[04:00-04:15[,S,V,V,V,V,122.39,122.39
26/12/2024,04:30,[04:15-04:30[,S,V,V,V,V,122.39,122.39
26/12/2024,04:45,[04:30-04:45[,S,V,V,V,V,122.39,122.39
26/12/2024,05:00,[04:45-05:00[,S,V,V,V,V,122.39,122.39
26/12/2024,05:15,[05:00-05:15[,S,V,V,V,V,134.11,134.11
26/12/2024,05:30,[05:15-05:30[,S,V,V,V,V,134.11,134.11
26/12/2024,05:45,[05:30-05:45[,S,V,V,V,V,134.11,134.11
26/12/2024,06:00,[05:45-06:00[,S,V,V,V,V,134.11,134.11
26/12/2024,06:15,[06:00-06:15[,S,V,V,V,V,141.73,141.73
26/12/2024,06:30,[06:15-06:30[,S,V,V,V,V,141.73,141.73
26/12/2024,06:45,[06:30-06:45[,S,V,V,V,V,141.73,141.73
26/12/2024,07:00,[06:45-07:00[,S,V,V,V,V,141.73,141.73
26/12/2024,07:15,[07:00-07:15[,S,V,F,V,C,149.99,149.99
26/12/2024,07:30,[07:15-07:30[,S,V,F,V,C,149.99,149.99
26/12/2024,07:45,[07:30-07:45[,S,V,F,V,C,149.99,149.99
26/12/2024,08:00,[07:45-08:00[,S,V,F,V,C,149.99,149.99
26/12/2024,08:15,[08:00-08:15[,S,F,F,C,C,143.28,143.28
26/12/2024,08:30,[08:15-08:30[,S,F,F,C,C,143.28,143.28
26/12/2024,08:45,[08:30-08:45[,S,F,F,C,C,143.28,143.28
26/12/2024,09:00,[08:45-09:00[,S,F,F,C,C,143.28,143.28
26/12/2024,09:15,[09:00-09:15[,S,F,F,P,C,129.48,129.48
26/12/2024,09:30,[09:15-09:30[,S,F,F,P,C,129.48,129.48
26/12/2024,09:45,[09:30-09:45[,S,F,F,P,P,129.48,129.48
26/12/2024,10:00,[09:45-10:00[,S,F,F,P,P,129.48,129.48
26/12/2024,10:15,[10:00-10:15[,S,F,F,P,P,114.14,114.14
26/12/2024,10:30,[10:15-10:30[,S,F,F,P,P,114.14,114.14
26/12/2024,10:45,[10:30-10:45[,S,F,F,C,P,114.14,114.14
26/12/2024,11:00,[10:45-11:00[,S,F,F,C,P,114.14,114.14
26/12/2024,11:15,[11:00-11:15[,S,F,F,C,P,107.71,107.71
26/12/2024,11:30,[11:15-11:30[,S,F,F,C,P,107.71,107.71
26/12/2024,11:45,[11:30-11:45[,S,F,F,C,P,107.71,107.71
26/12/2024,12:00,[11:45-12:00[,S,F,F,C,P,107.71,107.71
26/12/2024,12:15,[12:00-12:15[,S,F,F,C,C,105.30,105.30
26/12/2024,12:30,[12:15-12:30[,S,F,F,C,C,105.30,105.30
26/12/2024,12:45,[12:30-12:45[,S,F,F,C,C,105.30,105.30
26/12/2024,13:00,[12:45-13:00[,S,F,F,C,C,105.30,105.30
26/12/2024,13:15,[13:00-13:15[,S,F,F,C,C,109.64,109.64
26/12/2024,13:30,[13:15-13:30[,S,F,F,C,C,109.64,109.64
26/12/2024,13:45,[13:30-13:45[,S,F,F,C,C,109.64,109.64
26/12/2024,14:00,[13:45-14:00[,S,F,F,C,C,109.64,109.64
26/12/2024,14:15,[14:00-14:15[,S,F,F,C,C,120.75,120.75
26/12/2024,14:30,[14:15-14:30[,S,F,F,C,C,120.75,120.75
26/12/2024,14:45,[14:30-14:45[,S,F,F,C,C,120.75,120.75
26/12/2024,15:00,[14:45-15:00[,S,F,F,C,C,120.75,120.75
26/12/2024,15:15,[15:00-15:15[,S,F,F,C,C,123.48,123.48
26/12/2024,15:30,[15:15-15:30[,S,F,F,C,C,123.48,123.48
26/12/2024,15:45,[15:30-15:45[,S,F,F,C,C,123.48,123.48
26/12/2024,16:00,[15:45-16:00[,S,F,F,C,C,123.48,123.48
26/12/2024,16:15,[16:00-16:15[,S,F,F,C,C,141.98,141.98
26/12/2024,16:30,[16:15-16:30[,S,F,F,C,C,141.98,141.98
26/12/2024,16:45,[16:30-16:45[,S,F,F,C,C,141.98,141.98
26/12/2024,17:00,[16:45-17:00[,S,F,F,C,C,141.98,141.98
26/12/2024,17:15,[17:00-17:15[,S,F,F,C,C,155.52,155.52
26/12/2024,17:30,[17:15-17:30[,S,F,F,C,C,155.52,155.52
26/12/2024,17:45,[17:30-17:45[,S,F,F,C,C,155.52,155.52
26/12/2024,18:00,[17:45-18:00[,S,F,F,C,C,155.52,155.52
26/12/2024,18:15,[18:00-18:15[,S,F,F,P,C,159.02,159.02
26/12/2024,18:30,[18:15-18:30[,S,F,F,P,C,159.02,159.02
26/12/2024,18:45,[18:30-18:45[,S,F,F,P,P,159.02,159.02
26/12/2024,19:00,[18:45-19:00[,S,F,F,P,P,159.02,159.02
26/12/2024,19:15,[19:00-19:15[,S,F,F,P,P,161.57,161.57
26/12/2024,19:30,[19:15-19:30[,S,F,F,P,P,161.57,161.57
26/12/2024,19:45,[19:30-19:45[,S,F,F,P,P,161.57,161.57
26/12/2024,20:00,[19:45-20:00[,S,F,F,P,P,161.57,161.57
26/12/2024,20:15,[20:00-20:15[,S,F,F,P,P,166.80,166.80
26/12/2024,20:30,[20:15-20:30[,S,F,F,P,P,166.80,166.80
26/12/2024,20:45,[20:30-20:45[,S,F,F,C,P,166.80,166.80
26/12/2024,21:00,[20:45-21:00[,S,F,F,C,P,166.80,166.80
26/12/2024,21:15,[21:00-21:15[,S,F,F,C,C,148.00,148.00
26/12/2024,21:30,[21:15-21:30[,S,F,F,C,C,148.00,148.00
26/12/2024,21:45,[21:30-21:45[,S,F,F,C,C,148.00,148.00
26/12/2024,22:00,[21:45-22:00[,S,F,F,C,C,148.00,148.00
26/12/2024,22:15,[22:00-22:15[,S,V,F,V,C,141.98,141.98
26/12/2024,22:30,[22:15-22:30[,S,V,F,V,C,141.98,141.98
26/12/2024,22:45,[22:30-22:45[,S,V,F,V,C,141.98,141.98
26/12/2024,23:00,[22:45-23:00[,S,V,F,V,C,141.98,141.98
26/12/2024,23:15,[23:00-23:15[,S,V,F,V,C,139.83,139.83
26/12/2024,23:30,[23:15-23:30[,S,V,F,V,C,139.83,139.83
26/12/2024,23:45,[23:30-23:45[,S,V,F,V,C,139.83,139.83
26/12/2024,23:59,[23:45-00:00[,S,V,F,V,C,139.83,139.83
27/12/2024,00:15,[00:00-00:15[,S,V,V,V,V,132.96,132.96
27/12/2024,00:30,[00:15-00:30[,S,V,V,V,V,132.96,132.96
27/12/2024,00:45,[00:30-00:45[,S,V,V,V,V,132.96,132.96
27/12/2024,01:00,[00:45-01:00[,S,V,V,V,V,132.96,132.96
27/12/2024,01:15,[01:00-01:15[,S,V,V,V,V,127.83,127.83
27/12/2024,01:30,[01:15-01:30[,S,V,V,V,V,127.83,127.83
27/12/2024,01:45,[01:30-01:45[,S,V,V,V,V,127.83,127.83
27/12/2024,02:00,[01:45-02:00[,S,V,V,V,V,127.83,127.83
27/12/2024,02:15,[02:00-02:15[,S,V,V,V,V,117.58,117.58
27/12/2024,02:30,[02:15-02:30[,S,V,V,V,V,117.58,117.58
27/12/2024,02:45,[02:30-02:45[,S,V,V,V,V,117.58,117.58
27/12/2024,03:00,[02:45-03:00[,S,V,V,V,V,117.58,117.58
27/12/2024,03:15,[03:00-03:15[,S,V,V,V,V,115.83,115.83
27/12/2024,03:30,[03:15-03:30[,S,V,V,V,V,115.83,115.83
27/12/2024,03:45,[03:30-03:45[,S,V,V,V,V,115.83,115.83
27/12/2024,04:00,[03:45-04:00[,S,V,V,V,V,115.83,115.83
27/12/2024,04:15,[04:00-04:15[,S,V,V,V,V,117.00,117.00
27/12/2024,04:30,[04:15-04:30[,S,V,V,V,V,117.00,117.00
27/12/2024,04:45,[04:30-04:45[,S,V,V,V,V,117.00,117.00
27/12/2024,05:00,[04:45-05:00[,S,V,V,V,V,117.00,117.00
27/12/2024,05:15,[05:00-05:15[,S,V,V,V,V,130.62,130.62
27/12/2024,05:30,[05:15-05:30[,S,V,V,V,V,130.62,130.62
27/12/2024,05:45,[05:30-05:45[,S,V,V,V,V,130.62,130.62
27/12/2024,06:00,[05:45-06:00[,S,V,V,V,V,130.62,130.62
27/12/2024,06:15,[06:00-06:15[,S,V,V,V,V,144.33,144.33
27/12/2024,06:30,[06:15-06:30[,S,V,V,V,V,144.33,144.33
27/12/2024,06:45,[06:30-06:45[,S,V,V,V,V,144.33,144.33
27/12/2024,07:00,[06:45-07:00[,S,V,V,V,V,144.33,144.33
27/12/2024,07:15,[07:00-07:15[,S,V,F,V,C,148.20,148.20
27/12/2024,07:30,[07:15-07:30[,S,V,F,V,C,148.20,148.20
27/12/2024,07:45,[07:30-07:45[,S,V,F,V,C,148.20,148.20
27/12/2024,08:00,[07:45-08:00[,S,V,F,V,C,148.20,148.20
27/12/2024,08:15,[08:00-08:15[,S,F,F,C,C,145.01,145.01
27/12/2024,08:30,[08:15-08:30[,S,F,F,C,C,145.01,145.01
27/12/2024,08:45,[08:30-08:45[,S,F,F,C,C,145.01,145.01
27/12/2024,09:00,[08:45-09:00[,S,F,F,C,C,145.01,145.01
27/12/2024,09:15,[09:00-09:15[,S,F,F,P,C,130.00,130.00
27/12/2024,09:30,[09:15-09:30[,S,F,F,P,C,130.00,130.00
27/12/2024,09:45,[09:30-09:45[,S,F,F,P,P,130.00,130.00
27/12/2024,10:00,[09:45-10:00[,S,F,F,P,P,130.00,130.00
27/12/2024,10:15,[10:00-10:15[,S,F,F,P,P,107.94,107.94
27/12/2024,10:30,[10:15-10:30[,S,F,F,P,P,107.94,107.94
27/12/2024,10:45,[10:30-10:45[,S,F,F,C,P,107.94,107.94
27/12/2024,11:00,[10:45-11:00[,S,F,F,C,P,107.94,107.94
27/12/2024,11:15,[11:00-11:15[,S,F,F,C,P,107.81,107.81
27/12/2024,11:30,[11:15-11:30[,S,F,F,C,P,107.81,107.81
27/12/2024,11:45,[11:30-11:45[,S,F,F,C,P,107.81,107.81
27/12/2024,12:00,[11:45-12:00[,S,F,F,C,P,107.81,107.81
27/12/2024,12:15,[12:00-12:15[,S,F,F,C,C,107.94,107.94
27/12/2024,12:30,[12:15-12:30[,S,F,F,C,C,107.94,107.94
27/12/2024,12:45,[12:30-12:45[,S,F,F,C,C,107.94,107.94
27/12/2024,13:00,[12:45-13:00[,S,F,F,C,C,107.94,107.94
27/12/2024,13:15,[13:00-13:15[,S,F,F,C,C,110.30,110.30
27/12/2024,13:30,[13:15-13:30[,S,F,F,C,C,110.30,110.30
27/12/2024,13:45,[13:30-13:45[,S,F,F,C,C,110.30,110.30
27/12/2024,14:00,[13:45-14:00[,S,F,F,C,C,110.30,110.30
27/12/2024,14:15,[14:00-14:15[,S,F,F,C,C,114.15,114.15
27/12/2024,14:30,[14:15-14:30[,S,F,F,C,C,114.15,114.15
27/12/2024,14:45,[14:30-14:45[,S,F,F,C,C,114.15,114.15
27/12/2024,15:00,[14:45-15:00[,S,F,F,C,C,114.15,114.15
27/12/2024,15:15,[15:00-15:15[,S,F,F,C,C,129.98,129.98
27/12/2024,15:30,[15:15-15:30[,S,F,F,C,C,129.98,129.98
27/12/2024,15:45,[15:30-15:45[,S,F,F,C,C,129.98,129.98
27/12/2024,16:00,[15:45-16:00[,S,F,F,C,C,129.98,129.98
27/12/2024,16:15,[16:00-16:15[,S,F,F,C,C,149.78,149.78
27/12/2024,16:30,[16:15-16:30[,S,F,F,C,C,149.78,149.78
27/12/2024,16:45,[16:30-16:45[,S,F,F,C,C,149.78,149.78
27/12/2024,17:00,[16:45-17:00[,S,F,F,C,C,149.78,149.78
27/12/2024,17:15,[17:00-17:15[,S,F,F,C,C,158.40,158.40
27/12/2024,17:30,[17:15-17:30[,S,F,F,C,C,158.40,158.40
27/12/2024,17:45,[17:30-17:45[,S,F,F,C,C,158.40,158.40
27/12/2024,18:00,[17:45-18:00[,S,F,F,C,C,158.40,158.40
27/12/2024,18:15,[18:00-18:15[,S,F,F,P,C,159.02,159.02
27/12/2024,18:30,[18:15-18:30[,S,F,F,P,C,159.02,159.02
27/12/2024,18:45,[18:30-18:45[,S,F,F,P,P,159.02,159.02
27/12/2024,19:00,[18:45-19:00[,S,F,F,P,P,159.02,159.02
27/12/2024,19:15,[19:00-19:15[,S,F,F,P,P,161.50,161.50
27/12/2024,19:30,[19:15-19:30[,S,F,F,P,P,161.50,161.50
27/12/2024,19:45,[19:30-19:45[,S,F,F,P,P,161.50,161.50
27/12/2024,20:00,[19:45-20:00[,S,F,F,P,P,161.50,161.50
27/12/2024,20:15,[20:00-20:15[,S,F,F,P,P,158.50,158.50
27/12/2024,20:30,[20:15-20:30[,S,F,F,P,P,158.50,158.50
27/12/2024,20:45,[20:30-20:45[,S,F,F,C,P,158.50,158.50
27/12/2024,21:00,[20:45-21:00[,S,F,F,C,P,158.50,158.50
27/12/2024,21:15,[21:00-21:15[,S,F,F,C,C,147.63,147.63
27/12/2024,21:30,[21:15-21:30[,S,F,F,C,C,147.63,147.63
27/12/2024,21:45,[21:30-21:45[,S,F,F,C,C,147.63,147.63
27/12/2024,22:00,[21:45-22:00[,S,F,F,C,C,147.63,147.63
27/12/2024,22:15,[22:00-22:15[,S,V,F,V,C,144.36,144.36
27/12/2024,22:30,[22:15-22:30[,S,V,F,V,C,144.36,144.36
27/12/2024,22:45,[22:30-22:45[,S,V,F,V,C,144.36,144.36
27/12/2024,23:00,[22:45-23:00[,S,V,F,V,C,144.36,144.36
27/12/2024,23:15,[23:00-23:15[,S,V,F,V,C,142.00,142.00
27/12/2024,23:30,[23:15-23:30[,S,V,F,V,C,142.00,142.00
27/12/2024,23:45,[23:30-23:45[,S,V,F,V,C,142.00,142.00
27/12/2024,23:59,[23:45-00:00[,S,V,F,V,C,142.00,142.00
28/12/2024,00:15,[00:00-00:15[,S,V,V,V,V,135.33,135.33
28/12/2024,00:30,[00:15-00:30[,S,V,V,V,V,135.33,135.33
28/12/2024,00:45,[00:30-00:45[,S,V,V,V,V,135.33,135.33
28/12/2024,01:00,[00:45-01:00[,S,V,V,V,V,135.33,135.33
28/12/2024,01:15,[01:00-01:15[,S,V,V,V,V,132.25,132.25
28/12/2024,01:30,[01:15-01:30[,S,V,V,V,V,132.25,132.25
28/12/2024,01:45,[01:30-01:45[,S,V,V,V,V,132.25,132.25
28/12/2024,02:00,[01:45-02:00[,S,V,V,V,V,132.25,132.25
28/12/2024,02:15,[02:00-02:15[,S,V,V,V,V,125.42,125.42
28/12/2024,02:30,[02:15-02:30[,S,V,V,V,V,125.42,125.42
28/12/2024,02:45,[02:30-02:45[,S,V,V,V,V,125.42,125.42
28/12/2024,03:00,[02:45-03:00[,S,V,V,V,V,125.42,125.42
28/12/2024,03:15,[03:00-03:15[,S,V,V,V,V,121.35,121.35
28/12/2024,03:30,[03:15-03:30[,S,V,V,V,V,121.35,121.35
28/12/2024,03:45,[03:30-03:45[,S,V,V,V,V,121.35,121.35
28/12/2024,04:00,[03:45-04:00[,S,V,V,V,V,121.35,121.35
28/12/2024,04:15,[04:00-04:15[,S,V,V,V,V,122.05,122.05
28/12/2024,04:30,[04:15-04:30[,S,V,V,V,V,122.05,122.05
28/12/2024,04:45,[04:30-04:45[,S,V,V,V,V,122.05,122.05
28/12/2024,05:00,[04:45-05:00[,S,V,V,V,V,122.05,122.05
28/12/2024,05:15,[05:00-05:15[,S,V,V,V,V,130.00,130.00
28/12/2024,05:30,[05:15-05:30[,S,V,V,V,V,130.00,130.00
28/12/2024,05:45,[05:30-05:45[,S,V,V,V,V,130.00,130.00
28/12/2024,06:00,[05:45-06:00[,S,V,V,V,V,130.00,130.00
28/12/2024,06:15,[06:00-06:15[,S,V,V,V,V,135.00,135.00
28/12/2024,06:30,[06:15-06:30[,S,V,V,V,V,135.00,135.00
28/12/2024,06:45,[06:30-06:45[,S,V,V,V,V,135.00,135.00
28/12/2024,07:00,[06:45-07:00[,S,V,V,V,V,135.00,135.00
28/12/2024,07:15,[07:00-07:15[,S,V,V,V,V,141.66,141.66
28/12/2024,07:30,[07:15-07:30[,S,V,V,V,V,141.66,141.66
28/12/2024,07:45,[07:30-07:45[,S,V,V,V,V,141.66,141.66
28/12/2024,08:00,[07:45-08:00[,S,V,V,V,V,141.66,141.66
28/12/2024,08:15,[08:00-08:15[,S,F,V,C,V,137.25,137.25
28/12/2024,08:30,[08:15-08:30[,S,F,V,C,V,137.25,137.25
28/12/2024,08:45,[08:30-08:45[,S,F,V,C,V,137.25,137.25
28/12/2024,09:00,[08:45-09:00[,S,F,V,C,V,137.25,137.25
28/12/2024,09:15,[09:00-09:15[,S,F,V,P,V,122.83,122.83
28/12/2024,09:30,[09:15-09:30[,S,F,V,P,V,122.83,122.83
28/12/2024,09:45,[09:30-09:45[,S,F,F,P,C,122.83,122.83
28/12/2024,10:00,[09:45-10:00[,S,F,F,P,C,122.83,122.83
28/12/2024,10:15,[10:00-10:15[,S,F,F,P,C,113.40,113.40
28/12/2024,10:30,[10:15-10:30[,S,F,F,P,C,113.40,113.40
28/12/2024,10:45,[10:30-10:45[,S,F,F,C,C,113.40,113.40
28/12/2024,11:00,[10:45-11:00[,S,F,F,C,C,113.40,113.40
28/12/2024,11:15,[11:00-11:15[,S,F,F,C,C,108.97,108.97
28/12/2024,11:30,[11:15-11:30[,S,F,F,C,C,108.97,108.97
28/12/2024,11:45,[11:30-11:45[,S,F,F,C,C,108.97,108.97
28/12/2024,12:00,[11:45-12:00[,S,F,F,C,C,108.97,108.97
28/12/2024,12:15,[12:00-12:15[,S,F,F,C,C,110.01,110.01
28/12/2024,12:30,[12:15-12:30[,S,F,F,C,C,110.01,110.01
28/12/2024,12:45,[12:30-12:45[,S,F,F,C,C,110.01,110.01
28/12/2024,13:00,[12:45-13:00[,S,F,F,C,C,110.01,110.01
28/12/2024,13:15,[13:00-13:15[,S,F,V,C,V,114.09,114.09
28/12/2024,13:30,[13:15-13:30[,S,F,V,C,V,114.09,114.09
28/12/2024,13:45,[13:30-13:45[,S,F,V,C,V,114.09,114.09
28/12/2024,14:00,[13:45-14:00[,S,F,V,C,V,114.09,114.09
28/12/2024,14:15,[14:00-14:15[,S,F,V,C,V,114.09,114.09
28/12/2024,14:30,[14:15-14:30[,S,F,V,C,V,114.09,114.09
28/12/2024,14:45,[14:30-14:45[,S,F,V,C,V,114.09,114.09
28/12/2024,15:00,[14:45-15:00[,S,F,V,C,V,114.09,114.09
28/12/2024,15:15,[15:00-15:15[,S,F,V,C,V,121.27,121.27
28/12/2024,15:30,[15:15-15:30[,S,F,V,C,V,121.27,121.27
28/12/2024,15:45,[15:30-15:45[,S,F,V,C,V,121.27,121.27
28/12/2024,16:00,[15:45-16:00[,S,F,V,C,V,121.27,121.27
28/12/2024,16:15,[16:00-16:15[,S,F,V,C,V,142.61,142.61
28/12/2024,16:30,[16:15-16:30[,S,F,V,C,V,142.61,142.61
28/12/2024,16:45,[16:30-16:45[,S,F,V,C,V,142.61,142.61
28/12/2024,17:00,[16:45-17:00[,S,F,V,C,V,142.61,142.61
28/12/2024,17:15,[17:00-17:15[,S,F,V,C,V,152.78,152.78
28/12/2024,17:30,[17:15-17:30[,S,F,V,C,V,152.78,152.78
28/12/2024,17:45,[17:30-17:45[,S,F,V,C,V,152.78,152.78
28/12/2024,18:00,[17:45-18:00[,S,F,V,C,V,152.78,152.78
28/12/2024,18:15,[18:00-18:15[,S,F,V,P,V,157.00,157.00
28/12/2024,18:30,[18:15-18:30[,S,F,V,P,V,157.00,157.00
28/12/2024,18:45,[18:30-18:45[,S,F,F,P,C,157.00,157.00
28/12/2024,19:00,[18:45-19:00[,S,F,F,P,C,157.00,157.00
28/12/2024,19:15,[19:00-19:15[,S,F,F,P,C,160.78,160.78
28/12/2024,19:30,[19:15-19:30[,S,F,F,P,C,160.78,160.78
28/12/2024,19:45,[19:30-19:45[,S,F,F,P,C,160.78,160.78
28/12/2024,20:00,[19:45-20:00[,S,F,F,P,C,160.78,160.78
28/12/2024,20:15,[20:00-20:15[,S,F,F,P,C,157.00,157.00
28/12/2024,20:30,[20:15-20:30[,S,F,F,P,C,157.00,157.00
28/12/2024,20:45,[20:30-20:45[,S,F,F,C,C,157.00,157.00
28/12/2024,21:00,[20:45-21:00[,S,F,F,C,C,157.00,157.00
28/12/2024,21:15,[21:00-21:15[,S,F,F,C,C,151.54,151.54
28/12/2024,21:30,[21:15-21:30[,S,F,F,C,C,151.54,151.54
28/12/2024,21:45,[21:30-21:45[,S,F,F,C,C,151.54,151.54
28/12/2024,22:00,[21:45-22:00[,S,F,F,C,C,151.54,151.54
28/12/2024,22:15,[22:00-22:15[,S,V,V,V,V,146.44,146.44
28/12/2024,22:30,[22:15-22:30[,S,V,V,V,V,146.44,146.44
28/12/2024,22:45,[22:30-22:45[,S,V,V,V,V,146.44,146.44
28/12/2024,23:00,[22:45-23:00[,S,V,V,V,V,146.44,146.44
28/12/2024,23:15,[23:00-23:15[,S,V,V,V,V,146.28,146.28
28/12/2024,23:30,[23:15-23:30[,S,V,V,V,V,146.28,146.28
28/12/2024,23:45,[23:30-23:45[,S,V,V,V,V,146.28,146.28
28/12/2024,23:59,[23:45-00:00[,S,V,V,V,V,146.28,146.28
29/12/2024,00:15,[00:00-00:15[,S,V,V,V,V,142.77,142.77
29/12/2024,00:30,[00:15-00:30[,S,V,V,V,V,142.77,142.77
29/12/2024,00:45,[00:30-00:45[,S,V,V,V,V,142.77,142.77
29/12/2024,01:00,[00:45-01:00[,S,V,V,V,V,142.77,142.77
29/12/2024,01:15,[01:00-01:15[,S,V,V,V,V,140.08,140.08
29/12/2024,01:30,[01:15-01:30[,S,V,V,V,V,140.08,140.08
29/12/2024,01:45,[01:30-01:45[,S,V,V,V,V,140.08,140.08
29/12/2024,02:00,[01:45-02:00[,S,V,V,V,V,140.08,140.08
29/12/2024,02:15,[02:00-02:15[,S,V,V,V,V,138.30,138.30
29/12/2024,02:30,[02:15-02:30[,S,V,V,V,V,138.30,138.30
29/12/2024,02:45,[02:30-02:45[,S,V,V,V,V,138.30,138.30
29/12/2024,03:00,[02:45-03:00[,S,V,V,V,V,138.30,138.30
29/12/2024,03:15,[03:00-03:15[,S,V,V,V,V,137.26,137.26
29/12/2024,03:30,[03:15-03:30[,S,V,V,V,V,137.26,137.26
29/12/2024,03:45,[03:30-03:45[,S,V,V,V,V,137.26,137.26
29/12/2024,04:00,[03:45-04:00[,S,V,V,V,V,137.26,137.26
29/12/2024,04:15,[04:00-04:15[,S,V,V,V,V,137.26,137.26
29/12/2024,04:30,[04:15-04:30[,S,V,V,V,V,137.26,137.26
29/12/2024,04:45,[04:30-04:45[,S,V,V,V,V,137.26,137.26
29/12/2024,05:00,[04:45-05:00[,S,V,V,V,V,137.26,137.26
29/12/2024,05:15,[05:00-05:15[,S,V,V,V,V,134.11,134.11
29/12/2024,05:30,[05:15-05:30[,S,V,V,V,V,134.11,134.11
29/12/2024,05:45,[05:30-05:45[,S,V,V,V,V,134.11,134.11
29/12/2024,06:00,[05:45-06:00[,S,V,V,V,V,134.11,134.11
29/12/2024,06:15,[06:00-06:15[,S,V,V,V,V,138.30,138.30
29/12/2024,06:30,[06:15-06:30[,S,V,V,V,V,138.30,138.30
29/12/2024,06:45,[06:30-06:45[,S,V,V,V,V,138.30,138.30
29/12/2024,07:00,[06:45-07:00[,S,V,V,V,V,138.30,138.30
29/12/2024,07:15,[07:00-07:15[,S,V,V,V,V,141.66,141.66
29/12/2024,07:30,[07:15-07:30[,S,V,V,V,V,141.66,141.66
29/12/2024,07:45,[07:30-07:45[,S,V,V,V,V,141.66,141.66
29/12/2024,08:00,[07:45-08:00[,S,V,V,V,V,141.66,141.66
29/12/2024,08:15,[08:00-08:15[,S,F,V,C,V,138.30,138.30
29/12/2024,08:30,[08:15-08:30[,S,F,V,C,V,138.30,138.30
29/12/2024,08:45,[08:30-08:45[,S,F,V,C,V,138.30,138.30
29/12/2024,09:00,[08:45-09:00[,S,F,V,C,V,138.30,138.30
29/12/2024,09:15,[09:00-09:15[,S,F,V,P,V,115.88,115.88
29/12/2024,09:30,[09:15-09:30[,S,F,V,P,V,115.88,115.88
29/12/2024,09:45,[09:30-09:45[,S,F,V,P,V,115.88,115.88
29/12/2024,10:00,[09:45-10:00[,S,F,V,P,V,115.88,115.88
29/12/2024,10:15,[10:00-10:15[,S,F,V,P,V,109.94,109.94
29/12/2024,10:30,[10:15-10:30[,S,F,V,P,V,109.94,109.94
29/12/2024,10:45,[10:30-10:45[,S,F,V,C,V,109.94,109.94
29/12/2024,11:00,[10:45-11:00[,S,F,V,C,V,109.94,109.94
29/12/2024,11:15,[11:00-11:15[,S,F,V,C,V,109.40,109.40
29/12/2024,11:30,[11:15-11:30[,S,F,V,C,V,109.40,109.40
29/12/2024,11:45,[11:30-11:45[,S,F,V,C,V,109.40,109.40
29/12/2024,12:00,[11:45-12:00[,S,F,V,C,V,109.40,109.40
29/12/2024,12:15,[12:00-12:15[,S,F,V,C,V,108.88,108.88
29/12/2024,12:30,[12:15-12:30[,S,F,V,C,V,108.88,108.88
29/12/2024,12:45,[12:30-12:45[,S,F,V,C,V,108.88,108.88
29/12/2024,13:00,[12:45-13:00[,S,F,V,C,V,108.88,108.88
29/12/2024,13:15,[13:00-13:15[,S,F,V,C,V,109.81,109.81
29/12/2024,13:30,[13:15-13:30[,S,F,V,C,V,109.81,109.81
29/12/2024,13:45,[13:30-13:45[,S,F,V,C,V,109.81,109.81
29/12/2024,14:00,[13:45-14:00[,S,F,V,C,V,109.81,109.81
29/12/2024,14:15,[14:00-14:15[,S,F,V,C,V,113.87,113.87
29/12/2024,14:30,[14:15-14:30[,S,F,V,C,V,113.87,113.87
29/12/2024,14:45,[14:30-14:45[,S,F,V,C,V,113.87,113.87
29/12/2024,15:00,[14:45-15:00[,S,F,V,C,V,113.87,113.87
29/12/2024,15:15,[15:00-15:15[,S,F,V,C,V,125.13,125.13
29/12/2024,15:30,[15:15-15:30[,S,F,V,C,V,125.13,125.13
29/12/2024,15:45,[15:30-15:45[,S,F,V,C,V,125.13,125.13
29/12/2024,16:00,[15:45-16:00[,S,F,V,C,V,125.13,125.13
29/12/2024,16:15,[16:00-16:15[,S,F,V,C,V,145.18,145.18
29/12/2024,16:30,[16:15-16:30[,S,F,V,C,V,145.18,145.18
29/12/2024,16:45,[16:30-16:45[,S,F,V,C,V,145.18,145.18
29/12/2024,17:00,[16:45-17:00[,S,F,V,C,V,145.18,145.18
29/12/2024,17:15,[17:00-17:15[,S,F,V,C,V,152.78,152.78
29/12/2024,17:30,[17:15-17:30[,S,F,V,C,V,152.78,152.78
29/12/2024,17:45,[17:30-17:45[,S,F,V,C,V,152.78,152.78
29/12/2024,18:00,[17:45-18:00[,S,F,V,C,V,152.78,152.78
29/12/2024,18:15,[18:00-18:15[,S,F,V,P,V,158.67,158.67
29/12/2024,18:30,[18:15-18:30[,S,F,V,P,V,158.67,158.67
29/12/2024,18:45,[18:30-18:45[,S,F,V,P,V,158.67,158.67
29/12/2024,19:00,[18:45-19:00[,S,F,V,P,V,158.67,158.67
29/12/2024,19:15,[19:00-19:15[,S,F,V,P,V,162.00,162.00
29/12/2024,19:30,[19:15-19:30[,S,F,V,P,V,162.00,162.00
29/12/2024,19:45,[19:30-19:45[,S,F,V,P,V,162.00,162.00
29/12/2024,20:00,[19:45-20:00[,S,F,V,P,V,162.00,162.00
29/12/2024,20:15,[20:00-20:15[,S,F,V,P,V,161.94,161.94
29/12/2024,20:30,[20:15-20:30[,S,F,V,P,V,161.94,161.94
29/12/2024,20:45,[20:30-20:45[,S,F,V,C,V,161.94,161.94
29/12/2024,21:00,[20:45-21:00[,S,F,V,C,V,161.94,161.94
29/12/2024,21:15,[21:00-21:15[,S,F,V,C,V,151.54,151.54
29/12/2024,21:30,[21:15-21:30[,S,F,V,C,V,151.54,151.54
29/12/2024,21:45,[21:30-21:45[,S,F,V,C,V,151.54,151.54
29/12/2024,22:00,[21:45-22:00[,S,F,V,C,V,151.54,151.54
29/12/2024,22:15,[22:00-22:15[,S,V,V,V,V,148.19,148.19
29/12/2024,22:30,[22:15-22:30[,S,V,V,V,V,148.19,148.19
29/12/2024,22:45,[22:30-22:45[,S,V,V,V,V,148.19,148.19
29/12/2024,23:00,[22:45-23:00[,S,V,V,V,V,148.19,148.19
29/12/2024,23:15,[23:00-23:15[,S,V,V,V,V,141.50,141.50
29/12/2024,23:30,[23:15-23:30[,S,V,V,V,V,141.50,141.50
29/12/2024,23:45,[23:30-23:45[,S,V,V,V,V,141.50,141.50
29/12/2024,23:59,[23:45-00:00[,S,V,V,V,V,141.50,141.50
30/12/2024,00:15,[00:00-00:15[,S,V,V,V,V,135.00,135.00
30/12/2024,00:30,[00:15-00:30[,S,V,V,V,V,135.00,135.00
30/12/2024,00:45,[00:30-00:45[,S,V,V,V,V,135.00,135.00
30/12/2024,01:00,[00:45-01:00[,S,V,V,V,V,135.00,135.00
30/12/2024,01:15,[01:00-01:15[,S,V,V,V,V,131.00,131.00
30/12/2024,01:30,[01:15-01:30[,S,V,V,V,V,131.00,131.00
30/12/2024,01:45,[01:30-01:45[,S,V,V,V,V,131.00,131.00
30/12/2024,02:00,[01:45-02:00[,S,V,V,V,V,131.00,131.00
30/12/2024,02:15,[02:00-02:15[,S,V,V,V,V,125.00,125.00
30/12/2024,02:30,[02:15-02:30[,S,V,V,V,V,125.00,125.00
30/12/2024,02:45,[02:30-02:45[,S,V,V,V,V,125.00,125.00
30/12/2024,03:00,[02:45-03:00[,S,V,V,V,V,125.00,125.00
30/12/2024,03:15,[03:00-03:15[,S,V,V,V,V,124.00,124.00
30/12/2024,03:30,[03:15-03:30[,S,V,V,V,V,124.00,124.00
30/12/2024,03:45,[03:30-03:45[,S,V,V,V,V,124.00,124.00
30/12/2024,04:00,[03:45-04:00[,S,V,V,V,V,124.00,124.00
30/12/2024,04:15,[04:00-04:15[,S,V,V,V,V,130.53,130.53
30/12/2024,04:30,[04:15-04:30[,S,V,V,V,V,130.53,130.53
30/12/2024,04:45,[04:30-04:45[,S,V,V,V,V,130.53,130.53
30/12/2024,05:00,[04:45-05:00[,S,V,V,V,V,130.53,130.53
30/12/2024,05:15,[05:00-05:15[,S,V,V,V,V,143.97,143.97
30/12/2024,05:30,[05:15-05:30[,S,V,V,V,V,143.97,143.97
30/12/2024,05:45,[05:30-05:45[,S,V,V,V,V,143.97,143.97
30/12/2024,06:00,[05:45-06:00[,S,V,V,V,V,143.97,143.97
30/12/2024,06:15,[06:00-06:15[,S,V,V,V,V,150.01,150.01
30/12/2024,06:30,[06:15-06:30[,S,V,V,V,V,150.01,150.01
30/12/2024,06:45,[06:30-06:45[,S,V,V,V,V,150.01,150.01
30/12/2024,07:00,[06:45-07:00[,S,V,V,V,V,150.01,150.01
30/12/2024,07:15,[07:00-07:15[,S,V,F,V,C,159.83,159.83
30/12/2024,07:30,[07:15-07:30[,S,V,F,V,C,159.83,159.83
30/12/2024,07:45,[07:30-07:45[,S,V,F,V,C,159.83,159.83
30/12/2024,08:00,[07:45-08:00[,S,V,F,V,C,159.83,159.83
30/12/2024,08:15,[08:00-08:15[,S,F,F,C,C,152.03,152.03
30/12/2024,08:30,[08:15-08:30[,S,F,F,C,C,152.03,152.03
30/12/2024,08:45,[08:30-08:45[,S,F,F,C,C,152.03,152.03
30/12/2024,09:00,[08:45-09:00[,S,F,F,C,C,152.03,152.03
30/12/2024,09:15,[09:00-09:15[,S,F,F,P,C,141.50,141.50
30/12/2024,09:30,[09:15-09:30[,S,F,F,P,C,141.50,141.50
30/12/2024,09:45,[09:30-09:45[,S,F,F,P,P,141.50,141.50
30/12/2024,10:00,[09:45-10:00[,S,F,F,P,P,141.50,141.50
30/12/2024,10:15,[10:00-10:15[,S,F,F,P,P,119.04,119.04
30/12/2024,10:30,[10:15-10:30[,S,F,F,P,P,119.04,119.04
30/12/2024,10:45,[10:30-10:45[,S,F,F,C,P,119.04,119.04
30/12/2024,11:00,[10:45-11:00[,S,F,F,C,P,119.04,119.04
30/12/2024,11:15,[11:00-11:15[,S,F,F,C,P,121.42,121.42
30/12/2024,11:30,[11:15-11:30[,S,F,F,C,P,121.42,121.42
30/12/2024,11:45,[11:30-11:45[,S,F,F,C,P,121.42,121.42
30/12/2024,12:00,[11:45-12:00[,S,F,F,C,P,121.42,121.42
30/12/2024,12:15,[12:00-12:15[,S,F,F,C,C,116.02,116.02
30/12/2024,12:30,[12:15-12:30[,S,F,F,C,C,116.02,116.02
30/12/2024,12:45,[12:30-12:45[,S,F,F,C,C,116.02,116.02
30/12/2024,13:00,[12:45-13:00[,S,F,F,C,C,116.02,116.02
30/12/2024,13:15,[13:00-13:15[,S,F,F,C,C,119.50,119.50
30/12/2024,13:30,[13:15-13:30[,S,F,F,C,C,119.50,119.50
30/12/2024,13:45,[13:30-13:45[,S,F,F,C,C,119.50,119.50
30/12/2024,14:00,[13:45-14:00[,S,F,F,C,C,119.50,119.50
30/12/2024,14:15,[14:00-14:15[,S,F,F,C,C,120.00,120.00
30/12/2024,14:30,[14:15-14:30[,S,F,F,C,C,120.00,120.00
30/12/2024,14:45,[14:30-14:45[,S,F,F,C,C,120.00,120.00
30/12/2024,15:00,[14:45-15:00[,S,F,F,C,C,120.00,120.00
30/12/2024,15:15,[15:00-15:15[,S,F,F,C,C,133.53,133.53
30/12/2024,15:30,[15:15-15:30[,S,F,F,C,C,133.53,133.53
30/12/2024,15:45,[15:30-15:45[,S,F,F,C,C,133.53,133.53
30/12/2024,16:00,[15:45-16:00[,S,F,F,C,C,133.53,133.53
30/12/2024,16:15,[16:00-16:15[,S,F,F,C,C,147.75,147.75
30/12/2024,16:30,[16:15-16:30[,S,F,F,C,C,147.75,147.75
30/12/2024,16:45,[16:30-16:45[,S,F,F,C,C,147.75,147.75
30/12/2024,17:00,[16:45-17:00[,S,F,F,C,C,147.75,147.75
30/12/2024,17:15,[17:00-17:15[,S,F,F,C,C,162.43,162.43
30/12/2024,17:30,[17:15-17:30[,S,F,F,C,C,162.43,162.43
30/12/2024,17:45,[17:30-17:45[,S,F,F,C,C,162.43,162.43
30/12/2024,18:00,[17:45-18:00[,S,F,F,C,C,162.43,162.43
30/12/2024,18:15,[18:00-18:15[,S,F,F,P,C,166.73,166.73
30/12/2024,18:30,[18:15-18:30[,S,F,F,P,C,166.73,166.73
30/12/2024,18:45,[18:30-18:45[,S,F,F,P,P,166.73,166.73
30/12/2024,19:00,[18:45-19:00[,S,F,F,P,P,166.73,166.73
30/12/2024,19:15,[19:00-19:15[,S,F,F,P,P,172.72,172.72
30/12/2024,19:30,[19:15-19:30[,S,F,F,P,P,172.72,172.72
30/12/2024,19:45,[19:30-19:45[,S,F,F,P,P,172.72,172.72
30/12/2024,20:00,[19:45-20:00[,S,F,F,P,P,172.72,172.72
30/12/2024,20:15,[20:00-20:15[,S,F,F,P,P,167.21,167.21
30/12/2024,20:30,[20:15-20:30[,S,F,F,P,P,167.21,167.21
30/12/2024,20:45,[20:30-20:45[,S,F,F,C,P,167.21,167.21
30/12/2024,21:00,[20:45-21:00[,S,F,F,C,P,167.21,167.21
30/12/2024,21:15,[21:00-21:15[,S,F,F,C,C,155.65,155.65
30/12/2024,21:30,[21:15-21:30[,S,F,F,C,C,155.65,155.65
30/12/2024,21:45,[21:30-21:45[,S,F,F,C,C,155.65,155.65
30/12/2024,22:00,[21:45-22:00[,S,F,F,C,C,155.65,155.65
30/12/2024,22:15,[22:00-22:15[,S,V,F,V,C,146.13,146.13
30/12/2024,22:30,[22:15-22:30[,S,V,F,V,C,146.13,146.13
30/12/2024,22:45,[22:30-22:45[,S,V,F,V,C,146.13,146.13
30/12/2024,23:00,[22:45-23:00[,S,V,F,V,C,146.13,146.13
30/12/2024,23:15,[23:00-23:15[,S,V,F,V,C,145.00,145.00
30/12/2024,23:30,[23:15-23:30[,S,V,F,V,C,145.00,145.00
30/12/2024,23:45,[23:30-23:45[,S,V,F,V,C,145.00,145.00
30/12/2024,23:59,[23:45-00:00[,S,V,F,V,C,145.00,145.00
31/12/2024,00:15,[00:00-00:15[,S,V,V,V,V,139.03,139.03
31/12/2024,00:30,[00:15-00:30[,S,V,V,V,V,139.03,139.03
31/12/2024,00:45,[00:30-00:45[,S,V,V,V,V,139.03,139.03
31/12/2024,01:00,[00:45-01:00[,S,V,V,V,V,139.03,139.03
31/12/2024,01:15,[01:00-01:15[,S,V,V,V,V,137.48,137.48
31/12/2024,01:30,[01:15-01:30[,S,V,V,V,V,137.48,137.48
31/12/2024,01:45,[01:30-01:45[,S,V,V,V,V,137.48,137.48
31/12/2024,02:00,[01:45-02:00[,S,V,V,V,V,137.48,137.48
31/12/2024,02:15,[02:00-02:15[,S,V,V,V,V,134.66,134.66
31/12/2024,02:30,[02:15-02:30[,S,V,V,V,V,134.66,134.66
31/12/2024,02:45,[02:30-02:45[,S,V,V,V,V,134.66,134.66
31/12/2024,03:00,[02:45-03:00[,S,V,V,V,V,134.66,134.66
31/12/2024,03:15,[03:00-03:15[,S,V,V,V,V,127.37,127.37
31/12/2024,03:30,[03:15-03:30[,S,V,V,V,V,127.37,127.37
31/12/2024,03:45,[03:30-03:45[,S,V,V,V,V,127.37,127.37
31/12/2024,04:00,[03:45-04:00[,S,V,V,V,V,127.37,127.37
31/12/2024,04:15,[04:00-04:15[,S,V,V,V,V,131.15,131.15
31/12/2024,04:30,[04:15-04:30[,S,V,V,V,V,131.15,131.15
31/12/2024,04:45,[04:30-04:45[,S,V,V,V,V,131.15,131.15
31/12/2024,05:00,[04:45-05:00[,S,V,V,V,V,131.15,131.15
31/12/2024,05:15,[05:00-05:15[,S,V,V,V,V,137.18,137.18
31/12/2024,05:30,[05:15-05:30[,S,V,V,V,V,137.18,137.18
31/12/2024,05:45,[05:30-05:45[,S,V,V,V,V,137.18,137.18
31/12/2024,06:00,[05:45-06:00[,S,V,V,V,V,137.18,137.18
31/12/2024,06:15,[06:00-06:15[,S,V,V,V,V,142.98,142.98
31/12/2024,06:30,[06:15-06:30[,S,V,V,V,V,142.98,142.98
31/12/2024,06:45,[06:30-06:45[,S,V,V,V,V,142.98,142.98
31/12/2024,07:00,[06:45-07:00[,S,V,V,V,V,142.98,142.98
31/12/2024,07:15,[07:00-07:15[,S,V,F,V,C,149.77,149.77
31/12/2024,07:30,[07:15-07:30[,S,V,F,V,C,149.77,149.77
31/12/2024,07:45,[07:30-07:45[,S,V,F,V,C,149.77,149.77
31/12/2024,08:00,[07:45-08:00[,S,V,F,V,C,149.77,149.77
31/12/2024,08:15,[08:00-08:15[,S,F,F,C,C,145.00,145.00
31/12/2024,08:30,[08:15-08:30[,S,F,F,C,C,145.00,145.00
31/12/2024,08:45,[08:30-08:45[,S,F,F,C,C,145.00,145.00
31/12/2024,09:00,[08:45-09:00[,S,F,F,C,C,145.00,145.00
31/12/2024,09:15,[09:00-09:15[,S,F,F,P,C,134.66,134.66
31/12/2024,09:30,[09:15-09:30[,S,F,F,P,C,134.66,134.66
31/12/2024,09:45,[09:30-09:45[,S,F,F,P,P,134.66,134.66
31/12/2024,10:00,[09:45-10:00[,S,F,F,P,P,134.66,134.66
31/12/2024,10:15,[10:00-10:15[,S,F,F,P,P,114.16,114.16
31/12/2024,10:30,[10:15-10:30[,S,F,F,P,P,114.16,114.16
31/12/2024,10:45,[10:30-10:45[,S,F,F,C,P,114.16,114.16
31/12/2024,11:00,[10:45-11:00[,S,F,F,C,P,114.16,114.16
31/12/2024,11:15,[11:00-11:15[,S,F,F,C,P,112.01,112.01
31/12/2024,11:30,[11:15-11:30[,S,F,F,C,P,112.01,112.01
31/12/2024,11:45,[11:30-11:45[,S,F,F,C,P,112.01,112.01
31/12/2024,12:00,[11:45-12:00[,S,F,F,C,P,112.01,112.01
31/12/2024,12:15,[12:00-12:15[,S,F,F,C,C,112.01,112.01
31/12/2024,12:30,[12:15-12:30[,S,F,F,C,C,112.01,112.01
31/12/2024,12:45,[12:30-12:45[,S,F,F,C,C,112.01,112.01
31/12/2024,13:00,[12:45-13:00[,S,F,F,C,C,112.01,112.01
31/12/2024,13:15,[13:00-13:15[,S,F,F,C,C,111.75,111.75
31/12/2024,13:30,[13:15-13:30[,S,F,F,C,C,111.75,111.75
31/12/2024,13:45,[13:30-13:45[,S,F,F,C,C,111.75,111.75
31/12/2024,14:00,[13:45-14:00[,S,F,F,C,C,111.75,111.75
31/12/2024,14:15,[14:00-14:15[,S,F,F,C,C,111.88,111.88
31/12/2024,14:30,[14:15-14:30[,S,F,F,C,C,111.88,111.88
31/12/2024,14:45,[14:30-14:45[,S,F,F,C,C,111.88,111.88
31/12/2024,15:00,[14:45-15:00[,S,F,F,C,C,111.88,111.88
31/12/2024,15:15,[15:00-15:15[,S,F,F,C,C,124.37,124.37
31/12/2024,15:30,[15:15-15:30[,S,F,F,C,C,124.37,124.37
31/12/2024,15:45,[15:30-15:45[,S,F,F,C,C,124.37,124.37
31/12/2024,16:00,[15:45-16:00[,S,F,F,C,C,124.37,124.37
31/12/2024,16:15,[16:00-16:15[,S,F,F,C,C,145.00,145.00
31/12/2024,16:30,[16:15-16:30[,S,F,F,C,C,145.00,145.00
31/12/2024,16:45,[16:30-16:45[,S,F,F,C,C,145.00,145.00
31/12/2024,17:00,[16:45-17:00[,S,F,F,C,C,145.00,145.00
31/12/2024,17:15,[17:00-17:15[,S,F,F,C,C,155.01,155.01
31/12/2024,17:30,[17:15-17:30[,S,F,F,C,C,155.01,155.01
31/12/2024,17:45,[17:30-17:45[,S,F,F,C,C,155.01,155.01
31/12/2024,18:00,[17:45-18:00[,S,F,F,C,C,155.01,155.01
31/12/2024,18:15,[18:00-18:15[,S,F,F,P,C,159.44,159.44
31/12/2024,18:30,[18:15-18:30[,S,F,F,P,C,159.44,159.44
31/12/2024,18:45,[18:30-18:45[,S,F,F,P,P,159.44,159.44
31/12/2024,19:00,[18:45-19:00[,S,F,F,P,P,159.44,159.44
31/12/2024,19:15,[19:00-19:15[,S,F,F,P,P,156.10,156.10
31/12/2024,19:30,[19:15-19:30[,S,F,F,P,P,156.10,156.10
31/12/2024,19:45,[19:30-19:45[,S,F,F,P,P,156.10,156.10
31/12/2024,20:00,[19:45-20:00[,S,F,F,P,P,156.10,156.10
31/12/2024,20:15,[20:00-20:15[,S,F,F,P,P,150.85,150.85
31/12/2024,20:30,[20:15-20:30[,S,F,F,P,P,150.85,150.85
31/12/2024,20:45,[20:30-20:45[,S,F,F,C,P,150.85,150.85
31/12/2024,21:00,[20:45-21:00[,S,F,F,C,P,150.85,150.85
31/12/2024,21:15,[21:00-21:15[,S,F,F,C,C,144.40,144.40
31/12/2024,21:30,[21:15-21:30[,S,F,F,C,C,144.40,144.40
31/12/2024,21:45,[21:30-21:45[,S,F,F,C,C,144.40,144.40
31/12/2024,22:00,[21:45-22:00[,S,F,F,C,C,144.40,144.40
31/12/2024,22:15,[22:00-22:15[,S,V,F,V,C,139.37,139.37
31/12/2024,22:30,[22:15-22:30[,S,V,F,V,C,139.37,139.37
31/12/2024,22:45,[22:30-22:45[,S,V,F,V,C,139.37,139.37
31/12/2024,23:00,[22:45-23:00[,S,V,F,V,C,139.37,139.37
31/12/2024,23:15,[23:00-23:15[,S,V,F,V,C,134.49,134.49
31/12/2024,23:30,[23:15-23:30[,S,V,F,V,C,134.49,134.49
31/12/2024,23:45,[23:30-23:45[,S,V,F,V,C,134.49,134.49
31/12/2024,23:59,[23:45-00:00[,S,V,F,V,C,134.49,134.49
